,證券代號,證券名稱,外陸資買進股數(不含外資自營商),外陸資賣出股數(不含外資自營商),外陸資買賣超股數(不含外資自營商),外資自營商買進股數,外資自營商賣出股數,外資自營商買賣超股數,投信買進股數,投信賣出股數,投信買賣超股數,自營商買賣超股數,自營商買進股數(自行買賣),自營商賣出股數(自行買賣),自營商買賣超股數(自行買賣),自營商買進股數(避險),自營商賣出股數(避險),自營商買賣超股數(避險),三大法人買賣超股數
0,2344,華邦電,37959532,19510026,18449506,0,0,0,1000,67000,-66000,5647560,1926000,1658439,267561,6863999,1484000,5379999,24031066
1,2002,中鋼,47066904,29760535,17306369,0,0,0,3133000,155752,2977248,1464433,2234702,996269,1238433,979000,753000,226000,21748050
2,3711,日月光投控,30619698,11172482,19447216,0,0,0,55000,562154,-507154,305287,348287,284000,64287,407000,166000,241000,19245349
3,2890,永豐金,26555129,10471328,16083801,0,0,0,3000,12083,-9083,1494113,2403000,1088887,1314113,191000,11000,180000,17568831
4,2329,華泰,15089000,4376150,10712850,0,0,0,0,1000,-1000,-29794,275206,275000,206,21000,51000,-30000,10682056
5,2363,矽統,22153000,13870567,8282433,0,0,0,0,0,0,1017550,0,0,0,1242729,225179,1017550,9299983
6,0056,元大高股息,770600,2243000,-1472400,0,0,0,0,0,0,10735354,12000,0,12000,11899000,1175646,10723354,9262954
7,00715L,期街口布蘭特正2,5094000,1083000,4011000,0,0,0,0,0,0,4921000,0,0,0,5153000,232000,4921000,8932000
8,2498,宏達電,9048000,1949000,7099000,0,0,0,0,804,-804,606351,1555,1204,351,720000,114000,606000,7704547
9,6005,群益證,13448000,5830000,7618000,0,0,0,0,0,0,0,0,0,0,0,0,0,7618000
10,1605,華新,11555000,6098000,5457000,0,0,0,1000,0,1000,1654322,602283,224961,377322,1389000,112000,1277000,7112322
11,00642U,期元大S&P石油,451000,0,451000,0,0,0,0,0,0,6115000,0,0,0,6162000,47000,6115000,6566000
12,2401,凌陽,14373000,8823320,5549680,0,0,0,0,0,0,251584,434842,404925,29917,457863,236196,221667,5801264
13,2301,光寶科,13644083,8675876,4968207,0,0,0,566000,31117,534883,124291,77219,57928,19291,347000,242000,105000,5627381
14,6278,台表科,6032000,771040,5260960,0,0,0,0,0,0,144114,28114,60000,-31886,275000,99000,176000,5405074
15,2337,旺宏,13719000,11260002,2458998,0,0,0,2500000,35000,2465000,418739,281671,457518,-175847,763352,168766,594586,5342737
16,084231,聯電統一0B購01,0,0,0,0,0,0,0,0,0,5141000,0,0,0,5159000,18000,5141000,5141000
17,6269,台郡,5419409,1479000,3940409,0,0,0,1095000,2000,1093000,61499,239119,145000,94119,96380,129000,-32620,5094908
18,00891,中信關鍵半導體,485000,236189,248811,0,0,0,0,0,0,4513610,0,0,0,6461309,1947699,4513610,4762421
19,3545,敦泰,9387550,6545507,2842043,0,0,0,1338000,299000,1039000,91000,981000,885000,96000,24000,29000,-5000,3972043
20,036819,健策元富0C購01,0,0,0,0,0,0,0,0,0,3818000,0,0,0,4887000,1069000,3818000,3818000
21,2885,元大金,12729725,8964699,3765026,0,0,0,2000,0,2000,-65000,0,6000,-6000,1000,60000,-59000,3702026
22,9939,宏全,4154962,799000,3355962,0,0,0,0,200000,-200000,83506,15866,1000,14866,71000,2360,68640,3239468
23,037401,健策凱基11購02,0,0,0,0,0,0,0,0,0,3107000,0,0,0,3233000,126000,3107000,3107000
24,4960,誠美材,12685000,9609000,3076000,0,0,0,0,0,0,0,0,0,0,0,0,0,3076000
25,030858,聯電永豐0A購03,0,0,0,0,0,0,0,0,0,3060000,0,0,0,5363000,2303000,3060000,3060000
26,8215,明基材,7842000,7568000,274000,0,0,0,1000000,0,1000000,1688251,0,0,0,1812792,124541,1688251,2962251
27,4915,致伸,4291000,1644000,2647000,0,0,0,0,0,0,265000,81000,2000,79000,213000,27000,186000,2912000
28,030482,聯電永豐0A購02,0,0,0,0,0,0,0,0,0,2654000,0,0,0,4284000,1630000,2654000,2654000
29,06585P,祥碩凱基09售05,0,0,0,0,0,0,0,0,0,2556000,0,0,0,3034000,478000,2556000,2556000
30,00892,富邦台灣半導體,712000,464000,248000,0,0,0,0,0,0,2241579,0,0,0,6615234,4373655,2241579,2489579
31,085108,聯電元大08購08,0,0,0,0,0,0,0,0,0,2439000,0,0,0,2691000,252000,2439000,2439000
32,2369,菱生,6275000,4156000,2119000,0,0,0,0,0,0,299329,228283,226954,1329,301000,3000,298000,2418329
33,1303,南亞,4595555,2619278,1976277,0,0,0,2000,2582,-582,377272,295272,37000,258272,128000,9000,119000,2352967
34,031595,英利國票0A購01,0,0,0,0,0,0,0,0,0,2298000,0,0,0,2298000,0,2298000,2298000
35,2390,云辰,2953000,721000,2232000,0,0,0,0,0,0,0,0,0,0,0,0,0,2232000
36,083781,T50反1中信11購02,0,0,0,0,0,0,0,0,0,2230000,0,0,0,2504000,274000,2230000,2230000
37,1718,中纖,3359100,948000,2411100,0,0,0,0,0,0,-194000,14000,0,14000,163000,371000,-208000,2217100
38,087924,聯電統一0B購05,0,0,0,0,0,0,0,0,0,2183000,0,0,0,2267000,84000,2183000,2183000
39,3059,華晶科,3397045,1704000,1693045,0,0,0,0,0,0,461000,27000,20000,7000,521000,67000,454000,2154045
40,034111,華邦電群益0B購08,0,0,0,0,0,0,0,0,0,2125000,0,0,0,2491000,366000,2125000,2125000
41,034924,群創麥證0C購01,0,0,0,2258000,140000,2118000,0,0,0,2118000,0,0,0,2258000,140000,2118000,2118000
42,3033,威健,2672000,512000,2160000,0,0,0,0,0,0,-71437,1813,9250,-7437,44000,108000,-64000,2088563
43,2882,國泰金,9721448,7020286,2701162,0,0,0,2000,232259,-230259,-397453,81000,46453,34547,46000,478000,-432000,2073450
44,1101,台泥,5283007,3334076,1948931,0,0,0,353000,21660,331340,-221000,115000,14000,101000,19000,341000,-322000,2059271
45,2912,統一超,3422080,1472400,1949680,0,0,0,108000,376,107624,490,490,0,490,0,0,0,2057794
46,8016,矽創,4214000,2944047,1269953,0,0,0,638000,38000,600000,156476,199000,173000,26000,277464,146988,130476,2026429
47,037194,台郡群益0C購01,0,0,0,0,0,0,0,0,0,1959000,0,0,0,2347000,388000,1959000,1959000
48,038736,啟碁元大11購01,0,0,0,0,0,0,0,0,0,1942000,0,0,0,2431000,489000,1942000,1942000
49,031681,美利達元大0C購01,0,0,0,0,0,0,0,0,0,1905000,0,0,0,2213000,308000,1905000,1905000
50,033085,矽創統一13購01,0,0,0,0,0,0,0,0,0,1904000,0,0,0,2006000,102000,1904000,1904000
51,2441,超豐,4899000,3017045,1881955,0,0,0,0,16000,-16000,19474,0,20000,-20000,264112,224638,39474,1885429
52,030866,奇鋐永豐0A購02,0,0,0,0,0,0,0,0,0,1881000,0,0,0,2578000,697000,1881000,1881000
53,032452,群創元大12購04,0,10000,-10000,0,0,0,0,0,0,1815000,0,0,0,1915000,100000,1815000,1805000
54,07344P,臺股指群益0C售11,0,0,0,0,0,0,0,0,0,1793000,0,0,0,1893000,100000,1793000,1793000
55,034925,聯發科富邦0C購07,0,0,0,0,0,0,0,0,0,1751000,0,0,0,1818000,67000,1751000,1751000
56,087429,聯電元富09購04,0,0,0,0,0,0,0,0,0,1734000,0,0,0,1999000,265000,1734000,1734000
57,6239,力成,4837334,2303233,2534101,0,0,0,1000,15000,-14000,-787000,59000,840000,-781000,42000,48000,-6000,1733101
58,088866,欣陸永豐09購02,0,0,0,0,0,0,0,0,0,1711000,0,0,0,1711000,0,1711000,1711000
59,038930,光罩麥證11購02,0,0,0,1791000,110000,1681000,0,0,0,1657000,0,0,0,1791000,134000,1657000,1657000
60,3049,和鑫,5906000,4232000,1674000,0,0,0,0,0,0,-41000,0,0,0,0,41000,-41000,1633000
61,034633,中鋼元大0B購08,0,0,0,0,0,0,0,0,0,1584000,0,0,0,1760000,176000,1584000,1584000
62,030404,鼎元元大0A購02,0,0,0,0,0,0,0,0,0,1581000,0,0,0,1941000,360000,1581000,1581000
63,07525P,臺股指國票11售02,0,0,0,0,0,0,0,0,0,1521000,0,0,0,1523000,2000,1521000,1521000
64,1314,中石化,6011000,4222600,1788400,0,0,0,0,0,0,-268979,30021,174000,-143979,111000,236000,-125000,1519421
65,032503,華邦電永豐0A購05,0,0,0,0,0,0,0,0,0,1514000,0,0,0,1524000,10000,1514000,1514000
66,2340,光磊,4321000,2628000,1693000,0,0,0,0,0,0,-183350,341250,252600,88650,57000,329000,-272000,1509650
67,07003P,欣興元大0B售02,0,0,0,0,0,0,0,0,0,1500000,0,0,0,1624000,124000,1500000,1500000
68,084894,台積電統一0B購09,0,0,0,0,0,0,0,0,0,1460000,0,0,0,1470000,10000,1460000,1460000
69,082860,台灣50中信09購01,0,0,0,0,0,0,0,0,0,1449000,0,0,0,1450000,1000,1449000,1449000
70,033024,矽創中信0B購01,0,0,0,0,0,0,0,0,0,1404000,0,0,0,3332000,1928000,1404000,1404000
71,1312,國喬,2481675,951000,1530675,0,0,0,0,0,0,-136414,0,0,0,191000,327414,-136414,1394261
72,6191,精成科,1849008,595000,1254008,0,0,0,0,0,0,136254,139000,129000,10000,243254,117000,126254,1390262
73,087750,海悅國票0A購01,0,0,0,0,0,0,0,0,0,1389000,0,0,0,1439000,50000,1389000,1389000
74,033226,聯電康和0B購01,0,0,0,0,0,0,0,0,0,1385000,0,0,0,2489000,1104000,1385000,1385000
75,083034,台積電中信09購09,0,0,0,0,0,0,0,0,0,1384000,0,0,0,1384000,0,1384000,1384000
76,085736,中壽兆豐08購01,0,0,0,0,0,0,0,0,0,1380000,0,0,0,1380000,0,1380000,1380000
77,037911,榮運凱基13購02,0,0,0,0,0,0,0,0,0,1380000,0,0,0,1529000,149000,1380000,1380000
78,034457,聯電群益11購02,2000,0,2000,0,0,0,0,0,0,1342000,0,0,0,2487000,1145000,1342000,1344000
79,036967,技嘉國泰12購01,0,0,0,0,0,0,0,0,0,1320000,0,0,0,1390000,70000,1320000,1320000
80,039384,愛普國泰13購01,0,0,0,0,0,0,0,0,0,1314000,0,0,0,1809000,495000,1314000,1314000
81,040385,超豐元大15購01,0,0,0,0,0,0,0,0,0,1312000,0,0,0,1363000,51000,1312000,1312000
82,03740C,聯發科富邦0C牛01,0,0,0,0,0,0,0,0,0,1307000,0,0,0,1366000,59000,1307000,1307000
83,036039,元大金統一11購01,0,0,0,0,0,0,0,0,0,1297000,0,0,0,1297000,0,1297000,1297000
84,031673,聯詠元大0A購08,0,0,0,0,0,0,0,0,0,1296000,0,0,0,2257000,961000,1296000,1296000
85,084650,鴻海群益0A購02,0,0,0,0,0,0,0,0,0,1283000,0,0,0,1328000,45000,1283000,1283000
86,6202,盛群,2400000,1140150,1259850,0,0,0,0,5000,-5000,-5465,132000,131465,535,7000,13000,-6000,1249385
87,089368,聯詠元大0C購05,0,0,0,0,0,0,0,0,0,1244000,0,0,0,1530000,286000,1244000,1244000
88,030342,海悅群益0B購01,0,0,0,0,0,0,0,0,0,1226000,0,0,0,1251000,25000,1226000,1226000
89,030551,惠特凱基0A購01,0,0,0,0,0,0,0,0,0,1194000,0,0,0,1718000,524000,1194000,1194000
90,07392P,群創凱基0C售06,0,0,0,0,0,0,0,0,0,1190000,0,0,0,1190000,0,1190000,1190000
91,033779,中鋼元大0B購04,0,0,0,0,0,0,0,0,0,1179000,0,0,0,1220000,41000,1179000,1179000
92,075710,台表科元富0B購02,0,0,0,0,0,0,0,0,0,1175000,0,0,0,1645000,470000,1175000,1175000
93,085698,台郡國泰0A購01,0,0,0,0,0,0,0,0,0,1160000,0,0,0,1888000,728000,1160000,1160000
94,037383,台表科永豐0C購01,0,0,0,0,0,0,0,0,0,1152000,0,0,0,1320000,168000,1152000,1152000
95,086165,亞光元大08購04,0,0,0,0,0,0,0,0,0,1150000,0,0,0,1150000,0,1150000,1150000
96,037464,南紡國泰12購02,0,0,0,0,0,0,0,0,0,1147000,0,0,0,1216000,69000,1147000,1147000
97,037949,台積電元大26購01,0,0,0,0,0,0,0,0,0,1140000,0,0,0,1201000,61000,1140000,1140000
98,06716P,南電中信0B售02,0,0,0,0,0,0,0,0,0,1138000,0,0,0,1393000,255000,1138000,1138000
99,8150,南茂,3422000,2789000,633000,0,0,0,0,0,0,494536,33201,85765,-52564,611100,64000,547100,1127536
100,034688,聯電群益0C購01,0,0,0,0,0,0,0,0,0,1080000,0,0,0,1232000,152000,1080000,1080000
101,037450,偉詮電元大0C購02,0,0,0,0,0,0,0,0,0,1077000,0,0,0,1135000,58000,1077000,1077000
102,034249,新光鋼統一17購01,0,0,0,0,0,0,0,0,0,1072000,0,0,0,1098000,26000,1072000,1072000
103,06439P,欣興國票0A售01,0,0,0,0,0,0,0,0,0,1061000,0,0,0,1475000,414000,1061000,1061000
104,033820,友訊統一0C購01,0,0,0,0,0,0,0,0,0,1052000,0,0,0,1194000,142000,1052000,1052000
105,035237,台塑群益0C購01,0,0,0,0,0,0,0,0,0,1039000,0,0,0,1174000,135000,1039000,1039000
106,033586,榮運凱基12購01,0,0,0,0,0,0,0,0,0,1038000,0,0,0,1085000,47000,1038000,1038000
107,083588,金寶國票08購01,0,0,0,0,0,0,0,0,0,1037000,0,0,0,1037000,0,1037000,1037000
108,040217,臺股指國票11購05,0,0,0,0,0,0,0,0,0,1037000,0,0,0,1110000,73000,1037000,1037000
109,031790,大成鋼國票0B購02,0,0,0,0,0,0,0,0,0,1026000,0,0,0,1099000,73000,1026000,1026000
110,033742,鴻海富邦11購01,0,0,0,0,0,0,0,0,0,1015000,0,0,0,1058000,43000,1015000,1015000
111,038466,大榮元富12購01,0,0,0,0,0,0,0,0,0,1012000,0,0,0,1040000,28000,1012000,1012000
112,032476,彩晶中信0C購01,0,0,0,0,0,0,0,0,0,1008000,0,0,0,1008000,0,1008000,1008000
113,3031,佰鴻,3112000,2108000,1004000,0,0,0,0,0,0,0,0,0,0,0,0,0,1004000
114,032381,大成鋼統一12購01,0,0,0,0,0,0,0,0,0,998000,0,0,0,1230000,232000,998000,998000
115,087858,日月光國票0A購04,0,0,0,0,0,0,0,0,0,998000,0,0,0,998000,0,998000,998000
116,030567,惠特統一0C購02,0,0,0,0,0,0,0,0,0,995000,0,0,0,1035000,40000,995000,995000
117,5871,中租-KY,3260873,2302514,958359,0,0,0,27000,0,27000,5919,8419,2000,6419,0,500,-500,991278
118,1305,華夏,3956000,2919000,1037000,0,0,0,0,0,0,-56718,282,56000,-55718,116000,117000,-1000,980282
119,087907,聯電群益09購03,0,0,0,0,0,0,0,0,0,980000,0,0,0,982000,2000,980000,980000
120,086383,聯詠國票09購01,0,0,0,0,0,0,0,0,0,980000,0,0,0,2562000,1582000,980000,980000
121,030266,致新永豐0A購01,0,0,0,0,0,0,0,0,0,974000,0,0,0,1039000,65000,974000,974000
122,06997P,欣興凱基0B售03,0,0,0,0,0,0,0,0,0,973000,0,0,0,1402000,429000,973000,973000
123,5876,上海商銀,2889399,1917332,972067,0,0,0,0,0,0,-10853,0,0,0,0,10853,-10853,961214
124,037497,同欣電凱基0C購01,0,0,0,0,0,0,0,0,0,961000,0,0,0,978000,17000,961000,961000
125,038238,億光元大11購02,0,0,0,0,0,0,0,0,0,961000,0,0,0,966000,5000,961000,961000
126,037730,聯詠凱基0C購03,0,0,0,0,0,0,0,0,0,958000,0,0,0,968000,10000,958000,958000
127,034584,貿聯凱基0C購01,0,0,0,0,0,0,0,0,0,943000,0,0,0,1130000,187000,943000,943000
128,078334,聯電凱基0A購01,0,0,0,0,0,0,0,0,0,931000,0,0,0,1204000,273000,931000,931000
129,037836,億光國票0C購01,0,0,0,0,0,0,0,0,0,929000,0,0,0,1029000,100000,929000,929000
130,031026,南亞科凱基14購01,0,0,0,0,0,0,0,0,0,918000,0,0,0,1008000,90000,918000,918000
131,035995,緯穎國泰12購01,0,0,0,0,0,0,0,0,0,911000,0,0,0,931000,20000,911000,911000
132,089869,矽創中信0C購01,0,0,0,0,0,0,0,0,0,911000,0,0,0,956000,45000,911000,911000
133,034047,大立光元富15購01,0,0,0,0,0,0,0,0,0,909000,0,0,0,957000,48000,909000,909000
134,035564,愛普統一14購01,0,0,0,0,0,0,0,0,0,901000,0,0,0,1051000,150000,901000,901000
135,085079,聯詠永豐08購01,0,0,0,0,0,0,0,0,0,898000,0,0,0,908000,10000,898000,898000
136,038312,強茂群益13購02,0,0,0,0,0,0,0,0,0,898000,0,0,0,928000,30000,898000,898000
137,3092,鴻碩,1934000,1316000,618000,0,0,0,0,0,0,274000,0,0,0,294000,20000,274000,892000
138,2376,技嘉,1859638,1132312,727326,0,0,0,0,0,0,162330,287000,78670,208330,69000,115000,-46000,889656
139,8367,建新國際,2118000,1230000,888000,0,0,0,0,0,0,0,0,0,0,0,0,0,888000
140,036650,矽格統一0C購01,0,0,0,0,0,0,0,0,0,884000,0,0,0,1331000,447000,884000,884000
141,087923,聚陽統一0B購02,0,0,0,0,0,0,0,0,0,883000,0,0,0,1110000,227000,883000,883000
142,034558,台塑國泰11購01,0,0,0,0,0,0,0,0,0,882000,0,0,0,902000,20000,882000,882000
143,00876,元大未來關鍵科技,298000,113000,185000,0,0,0,0,0,0,680021,0,0,0,978021,298000,680021,865021
144,038470,永豐餘康和11購01,0,0,0,0,0,0,0,0,0,845000,0,0,0,884000,39000,845000,845000
145,086413,健策統一0B購01,0,0,0,0,0,0,0,0,0,837000,0,0,0,837000,0,837000,837000
146,03867P,A50正2元富09售01,0,0,0,0,0,0,0,0,0,835000,0,0,0,1041000,206000,835000,835000
147,2880,華南金,8575462,7746458,829004,0,0,0,2000,856,1144,3000,0,0,0,3000,0,3000,833148
148,089550,GIS國泰0B購01,0,0,0,0,0,0,0,0,0,833000,0,0,0,1158000,325000,833000,833000
149,2542,興富發,1614000,475000,1139000,0,0,0,0,0,0,-306390,32000,76390,-44390,50000,312000,-262000,832610
150,040089,華立國票12購01,0,0,0,0,0,0,0,0,0,830000,0,0,0,886000,56000,830000,830000
151,8163,達方,840000,92000,748000,0,0,0,0,0,0,75637,2421,784,1637,94000,20000,74000,823637
152,031348,帆宣元大0A購02,0,0,0,0,0,0,0,0,0,821000,0,0,0,836000,15000,821000,821000
153,2204,中華,1216308,419000,797308,0,0,0,1000,520,480,4000,0,0,0,4000,0,4000,801788
154,030671,惠特永豐0A購02,0,0,0,0,0,0,0,0,0,795000,0,0,0,795000,0,795000,795000
155,088878,台灣50凱基0B購02,0,0,0,0,0,0,0,0,0,795000,0,0,0,906000,111000,795000,795000
156,032871,國喬凱基0B購02,0,0,0,0,0,0,0,0,0,784000,0,0,0,784000,0,784000,784000
157,030592,臺指反元大11購04,0,0,0,0,0,0,0,0,0,781000,0,0,0,781000,0,781000,781000
158,038163,億光元大11購01,0,0,0,0,0,0,0,0,0,771000,0,0,0,801000,30000,771000,771000
159,1210,大成,880000,147000,733000,0,0,0,0,0,0,33700,0,300,-300,41000,7000,34000,766700
160,033421,智原永豐0B購02,0,0,0,0,0,0,0,0,0,761000,0,0,0,1192000,431000,761000,761000
161,034996,中鋼元大0C購03,0,0,0,0,0,0,0,0,0,761000,0,0,0,811000,50000,761000,761000
162,033588,台航凱基14購01,0,0,0,0,0,0,0,0,0,758000,0,0,0,918000,160000,758000,758000
163,037070,聯茂富邦0C購01,0,0,0,0,0,0,0,0,0,752000,0,0,0,982000,230000,752000,752000
164,034974,愛普元富0B購04,0,0,0,0,0,0,0,0,0,751000,0,0,0,799000,48000,751000,751000
165,040048,遠東新元大14購01,0,0,0,0,0,0,0,0,0,751000,0,0,0,751000,0,751000,751000
166,030544,大立光凱基0A購07,0,0,0,0,0,0,0,0,0,747000,0,0,0,775000,28000,747000,747000
167,031038,聯詠凱基12購02,0,0,0,0,0,0,0,0,0,747000,0,0,0,905000,158000,747000,747000
168,1313,聯成,2806000,1984000,822000,0,0,0,0,0,0,-75001,13999,0,13999,68000,157000,-89000,746999
169,088498,海悅元大09購02,0,0,0,0,0,0,0,0,0,746000,0,0,0,767000,21000,746000,746000
170,089054,友達永豐09購06,0,0,0,0,0,0,0,0,0,743000,0,0,0,1413000,670000,743000,743000
171,039737,長榮航國泰13購03,0,0,0,0,0,0,0,0,0,736000,0,0,0,767000,31000,736000,736000
172,039798,美時元大11購01,0,0,0,0,0,0,0,0,0,735000,0,0,0,1987000,1252000,735000,735000
173,037882,大亞國泰13購01,0,0,0,0,0,0,0,0,0,734000,0,0,0,763000,29000,734000,734000
174,036786,欣興統一12購01,10000,0,10000,0,0,0,0,0,0,721000,0,0,0,1110000,389000,721000,731000
175,039034,潤泰全凱基14購01,0,0,0,0,0,0,0,0,0,730000,0,0,0,734000,4000,730000,730000
176,8112,至上,3361000,2630000,731000,0,0,0,0,2000,-2000,-71,1000,1071,-71,0,0,0,728929
177,035788,嘉澤國泰12購01,0,0,0,0,0,0,0,0,0,728000,0,0,0,747000,19000,728000,728000
178,085609,華邦電元大0C購01,0,0,0,0,0,0,0,0,0,722000,0,0,0,750000,28000,722000,722000
179,038022,台郡凱基0C購02,0,0,0,0,0,0,0,0,0,718000,0,0,0,728000,10000,718000,718000
180,088235,海悅國票0A購02,0,0,0,0,0,0,0,0,0,715000,0,0,0,735000,20000,715000,715000
181,038909,智原群益14購01,0,0,0,0,0,0,0,0,0,710000,0,0,0,710000,0,710000,710000
182,037690,日月光元大0C購05,0,0,0,0,0,0,0,0,0,702000,0,0,0,841000,139000,702000,702000
183,088807,海悅元大0A購01,0,0,0,0,0,0,0,0,0,700000,0,0,0,724000,24000,700000,700000
184,5880,合庫金,9902289,9121261,781028,0,0,0,2000,0,2000,-89000,0,100000,-100000,11000,0,11000,694028
185,06361P,臺股指中信0C售05,0,0,0,0,0,0,0,0,0,694000,0,0,0,998000,304000,694000,694000
186,036783,欣興統一0C購03,0,0,0,0,0,0,0,0,0,692000,0,0,0,694000,2000,692000,692000
187,1227,佳格,1978050,1281000,697050,0,0,0,0,7000,-7000,0,0,0,0,0,0,0,690050
188,036071,日月光群益12購01,0,0,0,0,0,0,0,0,0,690000,0,0,0,858000,168000,690000,690000
189,00881,國泰台灣5G+,1520150,695000,825150,0,0,0,0,0,0,-136362,9000,1264000,-1255000,2792330,1673692,1118638,688788
190,07600P,T50正2群益11售03,0,0,0,0,0,0,0,0,0,688000,0,0,0,700000,12000,688000,688000
191,038965,同欣電元大14購01,0,0,0,0,0,0,0,0,0,683000,0,0,0,718000,35000,683000,683000
192,032543,台航凱基12購01,0,0,0,0,0,0,0,0,0,679000,0,0,0,799000,120000,679000,679000
193,039246,中石化國泰13購02,0,0,0,0,0,0,0,0,0,679000,0,0,0,694000,15000,679000,679000
194,00638R,元大滬深300反1,219000,188000,31000,0,0,0,0,0,0,644000,0,0,0,899000,255000,644000,675000
195,1409,新纖,1558000,778000,780000,0,0,0,0,0,0,-106334,12002,12336,-334,62000,168000,-106000,673666
196,034650,國光生國泰11購01,0,0,0,0,0,0,0,0,0,669000,0,0,0,669000,0,669000,669000
197,037854,裕民元富13購12,0,0,0,0,0,0,0,0,0,669000,0,0,0,744000,75000,669000,669000
198,032222,裕民統一0C購02,0,0,0,0,0,0,0,0,0,662000,0,0,0,871000,209000,662000,662000
199,039984,台肥國票12購01,0,0,0,0,0,0,0,0,0,656000,0,0,0,656000,0,656000,656000
200,087298,精成科元大09購01,0,0,0,0,0,0,0,0,0,655000,0,0,0,1055000,400000,655000,655000
201,039320,美亞元大13購01,0,0,0,0,0,0,0,0,0,653000,0,0,0,653000,0,653000,653000
202,07391P,友達凱基0C售09,0,0,0,0,0,0,0,0,0,652000,0,0,0,767000,115000,652000,652000
203,031882,宏達電凱基12購01,0,0,0,0,0,0,0,0,0,651000,0,0,0,694000,43000,651000,651000
204,033387,台航元大0B購03,0,0,0,0,0,0,0,0,0,651000,0,0,0,684000,33000,651000,651000
205,082501,健策統一09購01,0,0,0,0,0,0,0,0,0,650000,0,0,0,650000,0,650000,650000
206,037962,聯德元大0C購01,0,0,0,0,0,0,0,0,0,650000,0,0,0,656000,6000,650000,650000
207,078850,國巨統一08購01,0,0,0,0,0,0,0,0,0,649000,0,0,0,649000,0,649000,649000
208,038421,允強國泰13購03,0,0,0,0,0,0,0,0,0,649000,0,0,0,1606000,957000,649000,649000
209,030727,聯電元大0A購04,0,0,0,0,0,0,0,0,0,648000,0,0,0,1211000,563000,648000,648000
210,037207,啟碁凱基0C購01,0,0,0,0,0,0,0,0,0,646000,0,0,0,868000,222000,646000,646000
211,00830,國泰費城半導體,1597000,134000,1463000,0,0,0,0,0,0,-818000,12000,0,12000,166000,996000,-830000,645000
212,034009,可成群益11購01,0,0,0,0,0,0,0,0,0,643000,0,0,0,685000,42000,643000,643000
213,037818,臺股指元大13購10,0,0,0,0,0,0,0,0,0,643000,0,0,0,716000,73000,643000,643000
214,035434,聯詠元大0B購06,0,0,0,0,0,0,0,0,0,642000,0,0,0,1076000,434000,642000,642000
215,031586,王品凱基0A購02,0,0,0,0,0,0,0,0,0,640000,0,0,0,647000,7000,640000,640000
216,2634,漢翔,648000,98000,550000,0,0,0,90000,0,90000,0,0,0,0,0,0,0,640000
217,037729,健和興凱基0C購01,0,0,0,0,0,0,0,0,0,639000,0,0,0,804000,165000,639000,639000
218,034305,允強永豐0B購01,0,0,0,0,0,0,0,0,0,634000,0,0,0,1018000,384000,634000,634000
219,081215,華邦電統一09購03,0,0,0,0,0,0,0,0,0,634000,0,0,0,774000,140000,634000,634000
220,038457,春源元富12購01,0,0,0,0,0,0,0,0,0,633000,0,0,0,644000,11000,633000,633000
221,037543,威鋒電元大13購01,0,0,0,0,0,0,0,0,0,631000,0,0,0,1451000,820000,631000,631000
222,086585,遠東新國票0A購01,0,0,0,0,0,0,0,0,0,630000,0,0,0,725000,95000,630000,630000
223,037169,緯穎國泰12購02,0,0,0,0,0,0,0,0,0,630000,0,0,0,660000,30000,630000,630000
224,035224,日月光國泰11購02,0,0,0,0,0,0,0,0,0,627000,0,0,0,950000,323000,627000,627000
225,040057,台積電元大11購21,0,0,0,0,0,0,0,0,0,627000,0,0,0,732000,105000,627000,627000
226,089962,聯電元大0A購02,0,0,0,0,0,0,0,0,0,626000,0,0,0,816000,190000,626000,626000
227,031795,台揚國票0B購01,0,0,0,0,0,0,0,0,0,622000,0,0,0,678000,56000,622000,622000
228,038641,健和興元富14購01,0,0,0,0,0,0,0,0,0,622000,0,0,0,626000,4000,622000,622000
229,038026,臺股指凱基13購07,0,0,0,0,0,0,0,0,0,622000,0,0,0,701000,79000,622000,622000
230,081138,聯電凱基09購03,0,0,0,0,0,0,0,0,0,619000,0,0,0,785000,166000,619000,619000
231,038940,台表科麥證11購01,0,0,0,752000,141000,611000,0,0,0,615000,0,0,0,773000,158000,615000,615000
232,087713,聯發科統一09購17,0,0,0,0,0,0,0,0,0,614000,0,0,0,614000,0,614000,614000
233,080634,勝一元大09購01,0,0,0,0,0,0,0,0,0,612000,0,0,0,662000,50000,612000,612000
234,034751,愛普元大13購01,0,0,0,0,0,0,0,0,0,612000,0,0,0,960000,348000,612000,612000
235,037413,台表科元富12購04,0,0,0,0,0,0,0,0,0,611000,0,0,0,690000,79000,611000,611000
236,031122,聯電統一0C購01,0,0,0,0,0,0,0,0,0,610000,0,0,0,1219000,609000,610000,610000
237,088611,華碩永豐09購02,0,0,0,0,0,0,0,0,0,610000,0,0,0,610000,0,610000,610000
238,00708L,期元大S&P黃金正2,7000,0,7000,0,0,0,0,0,0,602000,0,0,0,1377000,775000,602000,609000
239,084008,聯電統一09購08,0,0,0,0,0,0,0,0,0,609000,0,0,0,760000,151000,609000,609000
240,085625,SGBR2X凱基08購02,0,0,0,0,0,0,0,0,0,605000,0,0,0,605000,0,605000,605000
241,038395,巨大元大14購01,0,0,0,0,0,0,0,0,0,603000,0,0,0,654000,51000,603000,603000
242,035433,聯詠元大0B購05,0,0,0,0,0,0,0,0,0,602000,0,0,0,689000,87000,602000,602000
243,031209,聯電凱基0A購08,0,0,0,0,0,0,0,0,0,601000,0,0,0,872000,271000,601000,601000
244,032902,矽創統一0C購02,1000,20000,-19000,0,0,0,0,0,0,619000,0,0,0,1313000,694000,619000,600000
245,039738,晶技國泰13購01,0,0,0,0,0,0,0,0,0,598000,0,0,0,598000,0,598000,598000
246,082558,聯電統一09購02,0,0,0,0,0,0,0,0,0,597000,0,0,0,607000,10000,597000,597000
247,036133,健和興凱基11購01,0,0,0,0,0,0,0,0,0,596000,0,0,0,694000,98000,596000,596000
248,038842,聯發科麥證14購01,0,0,0,606000,10000,596000,0,0,0,596000,0,0,0,606000,10000,596000,596000
249,038401,盛餘凱基11購01,0,0,0,0,0,0,0,0,0,592000,0,0,0,647000,55000,592000,592000
250,088551,台灣50凱基0A購03,0,0,0,0,0,0,0,0,0,589000,0,0,0,1591000,1002000,589000,589000
251,036966,台積電國泰16購01,0,0,0,0,0,0,0,0,0,589000,0,0,0,835000,246000,589000,589000
252,031569,中鋼凱基14購02,0,0,0,0,0,0,0,0,0,588000,0,0,0,691000,103000,588000,588000
253,088065,矽格元大09購01,0,0,0,0,0,0,0,0,0,588000,0,0,0,772000,184000,588000,588000
254,084184,T50正2元大0A購05,0,0,0,0,0,0,0,0,0,586000,0,0,0,611000,25000,586000,586000
255,088930,友達統一09購03,0,0,0,0,0,0,0,0,0,584000,0,0,0,663000,79000,584000,584000
256,037753,大成鋼國泰13購02,0,0,0,0,0,0,0,0,0,583000,0,0,0,583000,0,583000,583000
257,081709,聯電統一08購05,0,0,0,0,0,0,0,0,0,582000,0,0,0,592000,10000,582000,582000
258,3653,健策,1044000,658100,385900,0,0,0,234000,2000,232000,-36197,42590,76204,-33614,113695,116278,-2583,581703
259,082476,聯電統一08購07,0,0,0,0,0,0,0,0,0,580000,0,0,0,590000,10000,580000,580000
260,034666,台玻凱基0B購03,0,0,0,0,0,0,0,0,0,580000,0,0,0,580000,0,580000,580000
261,039021,台光電兆豐11購01,0,0,0,0,0,0,0,0,0,580000,0,0,0,580000,0,580000,580000
262,079023,聯電元大08購03,0,0,0,0,0,0,0,0,0,579000,0,0,0,579000,0,579000,579000
263,038610,同欣電群益11購01,0,0,0,0,0,0,0,0,0,576000,0,0,0,606000,30000,576000,576000
264,9914,美利達,1287637,805000,482637,0,0,0,93000,0,93000,-539,47560,38000,9560,8901,19000,-10099,575098
265,035634,中鋼富邦13購03,0,0,0,0,0,0,0,0,0,574000,0,0,0,1395000,821000,574000,574000
266,030536,威盛凱基0A購01,0,0,0,0,0,0,0,0,0,570000,0,0,0,623000,53000,570000,570000
267,031980,亞聚群益0B購01,0,0,0,0,0,0,0,0,0,570000,0,0,0,570000,0,570000,570000
268,040081,宇隆國票12購01,0,0,0,0,0,0,0,0,0,569000,0,0,0,937000,368000,569000,569000
269,035674,裕民第一15購01,0,0,0,0,0,0,0,0,0,567000,0,0,0,678000,111000,567000,567000
270,034687,允強群益0B購02,0,0,0,0,0,0,0,0,0,566000,0,0,0,569000,3000,566000,566000
271,03744C,玉山金富邦13牛01,0,0,0,0,0,0,0,0,0,566000,0,0,0,566000,0,566000,566000
272,036147,允強元大12購01,0,0,0,0,0,0,0,0,0,565000,0,0,0,629000,64000,565000,565000
273,020022,元大電動車N,1000,0,1000,0,0,0,0,0,0,561000,0,0,0,1485000,924000,561000,562000
274,034308,長榮航永豐0B購02,0,0,0,0,0,0,0,0,0,561000,0,0,0,591000,30000,561000,561000
275,035552,裕民統一0C購04,0,0,0,0,0,0,0,0,0,560000,0,0,0,612000,52000,560000,560000
276,084832,聯發科統一0A購03,0,0,0,0,0,0,0,0,0,560000,0,0,0,580000,20000,560000,560000
277,031768,中鋼統一0C購05,0,0,0,0,0,0,0,0,0,559000,0,0,0,593000,34000,559000,559000
278,087578,中興電元大11購01,0,0,0,0,0,0,0,0,0,558000,0,0,0,578000,20000,558000,558000
279,039080,景碩元大11購05,0,0,0,0,0,0,0,0,0,557000,0,0,0,1113000,556000,557000,557000
280,07339P,欣興元富0C售01,0,0,0,0,0,0,0,0,0,557000,0,0,0,863000,306000,557000,557000
281,033241,華碩元大12購01,0,0,0,0,0,0,0,0,0,553000,0,0,0,560000,7000,553000,553000
282,039256,凌陽群益11購02,0,0,0,0,0,0,0,0,0,550000,0,0,0,550000,0,550000,550000
283,038225,台郡國泰13購01,0,0,0,0,0,0,0,0,0,550000,0,0,0,758000,208000,550000,550000
284,088636,海悅國票0A購03,0,0,0,0,0,0,0,0,0,549000,0,0,0,573000,24000,549000,549000
285,030957,南紡元大0A購01,0,0,0,0,0,0,0,0,0,548000,0,0,0,562000,14000,548000,548000
286,030914,矽創凱基0A購02,0,0,0,0,0,0,0,0,0,547000,0,0,0,605000,58000,547000,547000
287,00861,元大全球未來通訊,833000,1000,832000,0,0,0,0,0,0,-285000,0,0,0,224000,509000,-285000,547000
288,036541,聯成康和11購01,0,0,0,0,0,0,0,0,0,547000,0,0,0,840000,293000,547000,547000
289,030493,惠特永豐0A購01,0,0,0,0,0,0,0,0,0,546000,0,0,0,945000,399000,546000,546000
290,032622,臺股指元大0C購06,0,0,0,0,0,0,0,0,0,546000,0,0,0,1085000,539000,546000,546000
291,036322,GIS統一12購01,0,0,0,0,0,0,0,0,0,545000,0,0,0,565000,20000,545000,545000
292,037477,威鋒電國泰12購02,0,0,0,0,0,0,0,0,0,544000,0,0,0,607000,63000,544000,544000
293,00712,FH富時不動產,814150,4000,810150,0,0,0,0,0,0,-268436,0,0,0,141000,409436,-268436,541714
294,036731,日月光凱基12購01,0,0,0,0,0,0,0,0,0,541000,0,0,0,543000,2000,541000,541000
295,040171,同欣電元大11購07,0,0,0,0,0,0,0,0,0,541000,0,0,0,541000,0,541000,541000
296,07136P,宏碁凱基0B售01,0,0,0,0,0,0,0,0,0,541000,0,0,0,578000,37000,541000,541000
297,034560,鴻海國泰11購03,0,0,0,0,0,0,0,0,0,538000,0,0,0,538000,0,538000,538000
298,040204,致新凱基12購01,0,0,0,0,0,0,0,0,0,538000,0,0,0,556000,18000,538000,538000
299,085168,群創凱基0C購01,0,0,0,0,0,0,0,0,0,537000,0,0,0,537000,0,537000,537000
300,039266,永豐餘凱基11購02,0,0,0,0,0,0,0,0,0,537000,0,0,0,552000,15000,537000,537000
301,086072,臺股指統一0A購01,0,0,0,0,0,0,0,0,0,535000,0,0,0,540000,5000,535000,535000
302,030794,威盛凱基0B購01,0,0,0,0,0,0,0,0,0,534000,0,0,0,534000,0,534000,534000
303,039202,景碩元大11購06,0,0,0,0,0,0,0,0,0,533000,0,0,0,741000,208000,533000,533000
304,084734,台積電元大0B購01,0,0,0,0,0,0,0,0,0,532000,0,0,0,532000,0,532000,532000
305,033515,中鋼台新0B購01,0,0,0,0,0,0,0,0,0,531000,0,0,0,531000,0,531000,531000
306,06468P,大成鋼元富09售01,0,0,0,0,0,0,0,0,0,530000,0,0,0,530000,0,530000,530000
307,038419,盛餘國泰13購01,0,10000,-10000,0,0,0,0,0,0,538000,0,0,0,546000,8000,538000,528000
308,033568,富邦金永豐0B購01,0,0,0,0,0,0,0,0,0,526000,0,0,0,725000,199000,526000,526000
309,031507,友達元大0A購08,0,0,0,0,0,0,0,0,0,525000,0,0,0,525000,0,525000,525000
310,035512,華夏永豐0B購01,0,0,0,0,0,0,0,0,0,524000,0,0,0,524000,0,524000,524000
311,089395,聯電凱基0A購05,0,0,0,0,0,0,0,0,0,522000,0,0,0,609000,87000,522000,522000
312,035920,順德統一11購01,0,0,0,0,0,0,0,0,0,520000,0,0,0,530000,10000,520000,520000
313,033564,鴻準永豐0B購02,0,0,0,0,0,0,0,0,0,520000,0,0,0,520000,0,520000,520000
314,085458,聯詠元富09購03,0,0,0,0,0,0,0,0,0,519000,0,0,0,519000,0,519000,519000
315,035757,嘉晶元富13購01,0,0,0,0,0,0,0,0,0,518000,0,0,0,695000,177000,518000,518000
316,036391,榮成國泰12購01,0,0,0,0,0,0,0,0,0,518000,0,0,0,618000,100000,518000,518000
317,038088,允強永豐11購01,0,0,0,0,0,0,0,0,0,518000,0,0,0,534000,16000,518000,518000
318,034525,大成鋼康和12購01,0,0,0,0,0,0,0,0,0,512000,0,0,0,513000,1000,512000,512000
319,035797,台表科永豐0B購01,0,0,0,0,0,0,0,0,0,511000,0,0,0,840000,329000,511000,511000
320,030111,群創永豐0A購02,0,0,0,0,0,0,0,0,0,510000,0,0,0,520000,10000,510000,510000
321,088599,臺股指日盛0C購01,0,0,0,0,0,0,0,0,0,510000,0,0,0,520000,10000,510000,510000
322,037967,華通富邦13購01,0,0,0,0,0,0,0,0,0,510000,0,0,0,594000,84000,510000,510000
323,040034,晶心科凱基11購01,0,0,0,0,0,0,0,0,0,509000,0,0,0,613000,104000,509000,509000
324,3605,宏致,1216000,708000,508000,0,0,0,0,0,0,0,0,0,0,0,0,0,508000
325,2399,映泰,1157000,650000,507000,0,0,0,0,0,0,0,0,0,0,0,0,0,507000
326,2520,冠德,1014000,649000,365000,0,0,0,0,0,0,141600,138000,12000,126000,34000,18400,15600,506600
327,037433,可成富邦0C購01,0,0,0,0,0,0,0,0,0,505000,0,0,0,521000,16000,505000,505000
328,038458,春源元富12購02,0,0,0,0,0,0,0,0,0,505000,0,0,0,505000,0,505000,505000
329,031411,華紙凱基0A購02,0,0,0,0,0,0,0,0,0,503000,0,0,0,654000,151000,503000,503000
330,087401,聯詠元大0B購01,0,0,0,0,0,0,0,0,0,501000,0,0,0,1283000,782000,501000,501000
331,036309,台玻統一11購05,0,0,0,0,0,0,0,0,0,501000,0,0,0,531000,30000,501000,501000
332,032829,中鋼富邦0A購05,0,0,0,0,0,0,0,0,0,500000,0,0,0,522000,22000,500000,500000
333,086929,海悅元大09購01,0,0,0,0,0,0,0,0,0,500000,0,0,0,514000,14000,500000,500000
334,034510,新光金凱基0B購02,0,0,0,0,0,0,0,0,0,500000,0,0,0,500000,0,500000,500000
335,030491,力成永豐0A購01,0,0,0,0,0,0,0,0,0,499000,0,0,0,899000,400000,499000,499000
336,087807,中壽兆豐09購01,0,0,0,0,0,0,0,0,0,499000,0,0,0,499000,0,499000,499000
337,084305,長興凱基08購01,0,0,0,0,0,0,0,0,0,499000,0,0,0,499000,0,499000,499000
338,078266,道瓊反國票08購02,0,0,0,0,0,0,0,0,0,499000,0,0,0,499000,0,499000,499000
339,080544,大立光統一0A購01,0,0,0,0,0,0,0,0,0,499000,0,0,0,499000,0,499000,499000
340,07482P,台聚元富14售05,0,0,0,0,0,0,0,0,0,499000,0,0,0,499000,0,499000,499000
341,037206,台表科凱基0C購01,0,0,0,0,0,0,0,0,0,498000,0,0,0,973000,475000,498000,498000
342,039122,順德兆豐11購01,0,0,0,0,0,0,0,0,0,498000,0,0,0,694000,196000,498000,498000
343,07509P,南電群益11售01,0,0,0,0,0,0,0,0,0,497000,0,0,0,598000,101000,497000,497000
344,032626,大亞統一0C購04,0,0,0,0,0,0,0,0,0,496000,0,0,0,506000,10000,496000,496000
345,089425,農林永豐09購01,0,0,0,0,0,0,0,0,0,495000,0,0,0,585000,90000,495000,495000
346,088830,惠特元大0B購01,0,0,0,0,0,0,0,0,0,495000,0,0,0,554000,59000,495000,495000
347,035653,大亞國泰12購01,0,0,0,0,0,0,0,0,0,494000,0,0,0,494000,0,494000,494000
348,034521,大立光元富0B購02,0,0,0,0,0,0,0,0,0,494000,0,0,0,495000,1000,494000,494000
349,038361,台泥富邦13購01,0,0,0,0,0,0,0,0,0,493000,0,0,0,617000,124000,493000,493000
350,081719,創意統一09購05,0,0,0,0,0,0,0,0,0,489000,0,0,0,499000,10000,489000,489000
351,038180,燁輝永豐11購02,0,0,0,0,0,0,0,0,0,489000,0,0,0,560000,71000,489000,489000
352,088379,巨大國票0A購01,0,0,0,0,0,0,0,0,0,488000,0,0,0,639000,151000,488000,488000
353,038420,盛餘國泰13購02,0,0,0,0,0,0,0,0,0,488000,0,0,0,506000,18000,488000,488000
354,032729,台塑凱基0B購02,0,0,0,0,0,0,0,0,0,486000,0,0,0,556000,70000,486000,486000
355,088078,聯詠統一0B購06,0,0,0,0,0,0,0,0,0,486000,0,0,0,572000,86000,486000,486000
356,038234,新光鋼元大11購02,0,0,0,0,0,0,0,0,0,485000,0,0,0,615000,130000,485000,485000
357,032768,永光元大0C購01,0,0,0,0,0,0,0,0,0,484000,0,0,0,489000,5000,484000,484000
358,036916,允強麥證11購01,0,0,0,514000,30000,484000,0,0,0,483000,0,0,0,514000,31000,483000,483000
359,033967,榮成凱基0C購01,0,0,0,0,0,0,0,0,0,482000,0,0,0,591000,109000,482000,482000
360,030860,光磊永豐0A購01,0,0,0,0,0,0,0,0,0,481000,0,0,0,732000,251000,481000,481000
361,2430,燦坤,540000,59000,481000,0,0,0,0,0,0,0,0,0,0,0,0,0,481000
362,4414,如興,664000,185000,479000,0,0,0,0,0,0,0,0,0,0,0,0,0,479000
363,033555,台航中信0B購01,0,0,0,0,0,0,0,0,0,478000,0,0,0,660000,182000,478000,478000
364,089020,智易元大0C購01,0,0,0,0,0,0,0,0,0,477000,0,0,0,561000,84000,477000,477000
365,2464,盟立,515000,40000,475000,0,0,0,0,0,0,1000,0,0,0,1000,0,1000,476000
366,035231,允強永豐0B購02,0,0,0,0,0,0,0,0,0,475000,0,0,0,513000,38000,475000,475000
367,081051,寶齡國票0A購01,0,0,0,0,0,0,0,0,0,474000,0,0,0,474000,0,474000,474000
368,082639,聯電富邦09購02,0,0,0,0,0,0,0,0,0,473000,0,0,0,473000,0,473000,473000
369,039260,億光兆豐14購01,0,0,0,0,0,0,0,0,0,473000,0,0,0,628000,155000,473000,473000
370,040316,同欣電凱基14購01,0,0,0,0,0,0,0,0,0,473000,0,0,0,534000,61000,473000,473000
371,030153,義隆富邦0B購01,0,0,0,0,0,0,0,0,0,470000,0,0,0,660000,190000,470000,470000
372,086359,力成元大09購01,0,0,0,0,0,0,0,0,0,469000,0,0,0,481000,12000,469000,469000
373,035784,裕民國泰12購01,0,0,0,0,0,0,0,0,0,469000,0,0,0,527000,58000,469000,469000
374,032736,榮成凱基13購01,0,0,0,0,0,0,0,0,0,468000,0,0,0,677000,209000,468000,468000
375,036437,日月光凱基11購01,0,0,0,0,0,0,0,0,0,468000,0,0,0,503000,35000,468000,468000
376,037557,威盛元富13購02,0,0,0,0,0,0,0,0,0,468000,0,0,0,468000,0,468000,468000
377,039875,中壽國泰13購01,0,0,0,0,0,0,0,0,0,468000,0,0,0,531000,63000,468000,468000
378,038817,台積電元大14購01,0,0,0,0,0,0,0,0,0,468000,0,0,0,689000,221000,468000,468000
379,030247,超豐永豐0A購01,0,0,0,0,0,0,0,0,0,467000,0,0,0,716000,249000,467000,467000
380,034065,台玻富邦13購01,0,0,0,0,0,0,0,0,0,467000,0,0,0,490000,23000,467000,467000
381,034961,聯成元大0B購03,0,0,0,0,0,0,0,0,0,465000,0,0,0,465000,0,465000,465000
382,6552,易華電,601000,682000,-81000,0,0,0,543000,0,543000,0,0,0,0,0,0,0,462000
383,036996,聯茂統一0C購01,0,0,0,0,0,0,0,0,0,460000,0,0,0,560000,100000,460000,460000
384,089249,國喬統一0A購01,0,0,0,0,0,0,0,0,0,460000,0,0,0,460000,0,460000,460000
385,035617,聯成國票0C購01,0,0,0,0,0,0,0,0,0,459000,0,0,0,459000,0,459000,459000
386,030437,聯德元大0A購02,0,0,0,0,0,0,0,0,0,458000,0,0,0,573000,115000,458000,458000
387,06387P,祥碩國票08售01,0,0,0,0,0,0,0,0,0,456000,0,0,0,699000,243000,456000,456000
388,040203,愛普凱基13購01,0,0,0,0,0,0,0,0,0,455000,0,0,0,457000,2000,455000,455000
389,037398,偉詮電凱基0C購02,0,0,0,0,0,0,0,0,0,454000,0,0,0,491000,37000,454000,454000
390,030440,捷敏元大0A購01,0,0,0,0,0,0,0,0,0,452000,0,0,0,472000,20000,452000,452000
391,037600,春源元大0C購01,0,0,0,0,0,0,0,0,0,452000,0,0,0,475000,23000,452000,452000
392,037132,矽創元大0C購05,0,0,0,0,0,0,0,0,0,450000,0,0,0,514000,64000,450000,450000
393,04546P,立積元富0A售04,0,0,0,0,0,0,0,0,0,450000,0,0,0,450000,0,450000,450000
394,035086,春源凱基11購01,0,0,0,0,0,0,0,0,0,448000,0,0,0,456000,8000,448000,448000
395,034227,中石化康和11購01,0,0,0,0,0,0,0,0,0,447000,0,0,0,707000,260000,447000,447000
396,034573,T50正2凱基0C購01,0,0,0,0,0,0,0,0,0,446000,0,0,0,478000,32000,446000,446000
397,038308,允強群益11購02,0,0,0,0,0,0,0,0,0,445000,0,0,0,447000,2000,445000,445000
398,1434,福懋,2051576,1824000,227576,0,0,0,588000,0,588000,-371001,0,1,-1,0,371000,-371000,444575
399,033830,鴻海國泰11購01,0,0,0,0,0,0,0,0,0,443000,0,0,0,783000,340000,443000,443000
400,033054,光罩永豐0A購03,0,0,0,0,0,0,0,0,0,442000,0,0,0,2645000,2203000,442000,442000
401,034348,威盛元富12購01,0,0,0,0,0,0,0,0,0,442000,0,0,0,606000,164000,442000,442000
402,038655,景碩中信12購01,0,0,0,0,0,0,0,0,0,441000,0,0,0,805000,364000,441000,441000
403,037349,開發金兆豐0C購01,0,0,0,0,0,0,0,0,0,440000,0,0,0,450000,10000,440000,440000
404,06357P,南電國泰0A售01,0,0,0,0,0,0,0,0,0,440000,0,0,0,520000,80000,440000,440000
405,039862,盛群國票12購02,0,0,0,0,0,0,0,0,0,437000,0,0,0,516000,79000,437000,437000
406,038752,榮成國泰13購01,0,0,0,0,0,0,0,0,0,435000,0,0,0,435000,0,435000,435000
407,05626P,滬深2X凱基08售04,0,0,0,0,0,0,0,0,0,432000,0,0,0,432000,0,432000,432000
408,038436,盛餘元大11購01,0,0,0,0,0,0,0,0,0,431000,0,0,0,479000,48000,431000,431000
409,037815,臺股指元大13購07,0,0,0,0,0,0,0,0,0,430000,0,0,0,430000,0,430000,430000
410,030902,聯電凱基0A購07,0,0,0,0,0,0,0,0,0,428000,0,0,0,717000,289000,428000,428000
411,039048,潤泰全群益11購01,0,0,0,0,0,0,0,0,0,428000,0,0,0,508000,80000,428000,428000
412,089788,申豐凱基0B購02,0,0,0,0,0,0,0,0,0,428000,0,0,0,453000,25000,428000,428000
413,031863,聯成凱基0B購01,0,0,0,0,0,0,0,0,0,426000,0,0,0,426000,0,426000,426000
414,083631,聯發科凱基0A購02,0,0,0,0,0,0,0,0,0,426000,0,0,0,434000,8000,426000,426000
415,07357P,欣興凱基0C售06,0,0,0,0,0,0,0,0,0,426000,0,0,0,517000,91000,426000,426000
416,030958,南紡元大0C購01,0,0,0,0,0,0,0,0,0,424000,0,0,0,435000,11000,424000,424000
417,033076,健策凱基0A購01,0,0,0,0,0,0,0,0,0,424000,0,0,0,641000,217000,424000,424000
418,040157,億光元大11購03,0,0,0,0,0,0,0,0,0,424000,0,0,0,446000,22000,424000,424000
419,038109,春源凱基11購02,0,0,0,0,0,0,0,0,0,423000,0,0,0,423000,0,423000,423000
420,06984P,智邦元大0A售03,0,0,0,0,0,0,0,0,0,422000,0,0,0,698000,276000,422000,422000
421,032857,光罩群益0B購01,0,0,0,0,0,0,0,0,0,421000,0,0,0,594000,173000,421000,421000
422,036782,欣興統一0C購02,0,0,0,0,0,0,0,0,0,420000,0,0,0,811000,391000,420000,420000
423,031758,百和凱基12購01,0,0,0,0,0,0,0,0,0,419000,0,0,0,433000,14000,419000,419000
424,036386,長榮航富邦12購01,0,0,0,0,0,0,0,0,0,419000,0,0,0,419000,0,419000,419000
425,06680P,南電國票0A售03,0,0,0,0,0,0,0,0,0,419000,0,0,0,420000,1000,419000,419000
426,033139,健和興元大0A購01,0,0,0,0,0,0,0,0,0,418000,0,0,0,497000,79000,418000,418000
427,031068,聯詠元大0A購05,0,0,0,0,0,0,0,0,0,418000,0,0,0,3084000,2666000,418000,418000
428,038440,宇隆元大11購01,0,0,0,0,0,0,0,0,0,418000,0,0,0,1324000,906000,418000,418000
429,036215,大成鋼國泰14購01,0,0,0,0,0,0,0,0,0,417000,0,0,0,500000,83000,417000,417000
430,00648R,元大S&P500反1,10000,7000,3000,0,0,0,0,0,0,413000,0,0,0,473000,60000,413000,416000
431,4142,國光生,981000,547000,434000,0,0,0,0,0,0,-18000,33000,33000,0,0,18000,-18000,416000
432,034929,華新科國泰11購02,0,0,0,0,0,0,0,0,0,415000,0,0,0,501000,86000,415000,415000
433,035991,台聚國泰12購01,0,0,0,0,0,0,0,0,0,412000,0,0,0,412000,0,412000,412000
434,035590,泰豐元大0B購02,0,0,0,0,0,0,0,0,0,410000,0,0,0,510000,100000,410000,410000
435,083790,廣宇統一09購04,0,0,0,0,0,0,0,0,0,410000,0,0,0,410000,0,410000,410000
436,034240,大成鋼統一0C購03,0,0,0,0,0,0,0,0,0,410000,0,0,0,581000,171000,410000,410000
437,039013,景碩永豐11購02,0,0,0,0,0,0,0,0,0,410000,0,0,0,1750000,1340000,410000,410000
438,089022,立積元大09購07,0,0,0,0,0,0,0,0,0,410000,0,0,0,410000,0,410000,410000
439,038762,聚鼎中信11購01,0,0,0,0,0,0,0,0,0,409000,0,0,0,410000,1000,409000,409000
440,037138,瑞昱統一12購01,0,0,0,0,0,0,0,0,0,408000,0,0,0,695000,287000,408000,408000
441,032588,大成鋼元大12購01,0,0,0,0,0,0,0,0,0,407000,0,0,0,407000,0,407000,407000
442,033812,國泰金元富0B購03,0,0,0,0,0,0,0,0,0,407000,0,0,0,437000,30000,407000,407000
443,2845,遠東銀,925000,518000,407000,0,0,0,0,0,0,0,0,0,0,0,0,0,407000
444,037339,群創麥證15購01,0,0,0,411000,5000,406000,0,0,0,406000,0,0,0,411000,5000,406000,406000
445,07002P,欣興元大0B售01,0,0,0,0,0,0,0,0,0,406000,0,0,0,529000,123000,406000,406000
446,031570,大成鋼凱基0A購03,0,0,0,0,0,0,0,0,0,405000,0,0,0,457000,52000,405000,405000
447,030889,台灣50凱基0C購05,0,0,0,0,0,0,0,0,0,405000,0,0,0,436000,31000,405000,405000
448,086430,惠特富邦0B購01,0,0,0,0,0,0,0,0,0,403000,0,0,0,416000,13000,403000,403000
449,036902,聯詠元大11購03,0,0,0,0,0,0,0,0,0,403000,0,0,0,460000,57000,403000,403000
450,033084,矽創統一0A購02,0,0,0,0,0,0,0,0,0,402000,0,0,0,3281000,2879000,402000,402000
451,035079,長榮第一15購03,0,0,0,0,0,0,0,0,0,402000,0,0,0,425000,23000,402000,402000
452,082363,祥碩中信09購01,0,0,0,0,0,0,0,0,0,402000,0,0,0,402000,0,402000,402000
453,031748,威盛凱基12購01,0,0,0,0,0,0,0,0,0,401000,0,0,0,477000,76000,401000,401000
454,034187,新光鋼元大0B購03,0,0,0,0,0,0,0,0,0,401000,0,0,0,641000,240000,401000,401000
455,06676P,南電群益09售04,0,0,0,0,0,0,0,0,0,401000,0,0,0,421000,20000,401000,401000
456,080633,寶齡元大09購01,0,0,0,0,0,0,0,0,0,400000,0,0,0,531000,131000,400000,400000
457,078294,嘉聯益國票08購01,0,0,0,0,0,0,0,0,0,400000,0,0,0,400000,0,400000,400000
458,037675,景碩兆豐12購01,0,0,0,0,0,0,0,0,0,400000,0,0,0,400000,0,400000,400000
459,06177P,臺股指元大0B售04,0,0,0,0,0,0,0,0,0,400000,0,0,0,400000,0,400000,400000
460,038193,GIS永豐11購01,0,0,0,0,0,0,0,0,0,400000,0,0,0,400000,0,400000,400000
461,07345P,臺股指群益0C售12,0,0,0,0,0,0,0,0,0,400000,0,0,0,400000,0,400000,400000
462,031968,王品元大0A購02,0,0,0,0,0,0,0,0,0,399000,0,0,0,406000,7000,399000,399000
463,031486,新纖元大0C購01,0,0,0,0,0,0,0,0,0,399000,0,0,0,424000,25000,399000,399000
464,030046,興富發元大12購01,0,0,0,0,0,0,0,0,0,399000,0,0,0,404000,5000,399000,399000
465,035349,新纖國泰11購01,0,0,0,0,0,0,0,0,0,399000,0,0,0,611000,212000,399000,399000
466,038670,南茂永豐11購01,0,0,0,0,0,0,0,0,0,399000,0,0,0,696000,297000,399000,399000
467,037544,威鋒電元大14購01,0,0,0,0,0,0,0,0,0,398000,0,0,0,665000,267000,398000,398000
468,039597,鴻海富邦11購02,0,0,0,0,0,0,0,0,0,398000,0,0,0,398000,0,398000,398000
469,037129,台表科元大11購02,0,0,0,0,0,0,0,0,0,396000,0,0,0,541000,145000,396000,396000
470,030271,華晶科統一0B購01,0,0,0,0,0,0,0,0,0,395000,0,0,0,405000,10000,395000,395000
471,035974,緯穎元大0C購01,0,0,0,0,0,0,0,0,0,395000,0,0,0,395000,0,395000,395000
472,034568,群創國泰11購02,0,0,0,0,0,0,0,0,0,395000,0,0,0,398000,3000,395000,395000
473,034535,台玻統一11購04,0,0,0,0,0,0,0,0,0,395000,0,0,0,587000,192000,395000,395000
474,035011,聯德元大0B購01,0,0,0,0,0,0,0,0,0,395000,0,0,0,411000,16000,395000,395000
475,084694,台積電統一0B購06,0,0,0,0,0,0,0,0,0,394000,0,0,0,394000,0,394000,394000
476,038365,強茂富邦13購01,0,0,0,0,0,0,0,0,0,394000,0,0,0,398000,4000,394000,394000
477,083689,同欣電統一09購04,0,0,0,0,0,0,0,0,0,393000,0,0,0,501000,108000,393000,393000
478,039103,智原麥證12購01,0,0,0,882000,489000,393000,0,0,0,393000,0,0,0,882000,489000,393000,393000
479,089366,聯詠元大09購14,0,0,0,0,0,0,0,0,0,392000,0,0,0,392000,0,392000,392000
480,081135,中纖凱基08購02,0,0,0,0,0,0,0,0,0,391000,0,0,0,391000,0,391000,391000
481,038823,景碩元大11購03,0,0,0,0,0,0,0,0,0,390000,0,0,0,576000,186000,390000,390000
482,06543P,臺股指凱基0C售09,0,0,0,0,0,0,0,0,0,389000,0,0,0,499000,110000,389000,389000
483,032892,光罩統一0C購03,0,0,0,0,0,0,0,0,0,386000,0,0,0,394000,8000,386000,386000
484,034812,鴻海群益0B購12,0,0,0,0,0,0,0,0,0,385000,0,0,0,398000,13000,385000,385000
485,038600,聯電群益15購01,0,0,0,0,0,0,0,0,0,383000,0,0,0,1141000,758000,383000,383000
486,030483,凌陽永豐0A購01,0,0,0,0,0,0,0,0,0,382000,0,0,0,704000,322000,382000,382000
487,039429,允強元大11購02,0,0,0,0,0,0,0,0,0,382000,0,0,0,399000,17000,382000,382000
488,034791,愛普國泰11購01,0,0,0,0,0,0,0,0,0,381000,0,0,0,482000,101000,381000,381000
489,038880,聯詠第一17購01,0,0,0,0,0,0,0,0,0,381000,0,0,0,441000,60000,381000,381000
490,083971,台郡凱基09購01,0,0,0,0,0,0,0,0,0,380000,0,0,0,400000,20000,380000,380000
491,035376,廣宇凱基0B購03,0,0,0,0,0,0,0,0,0,380000,0,0,0,380000,0,380000,380000
492,088964,立積國票0A購01,0,0,0,0,0,0,0,0,0,380000,0,0,0,390000,10000,380000,380000
493,039433,華邦電元大15購01,0,0,0,0,0,0,0,0,0,379000,0,0,0,435000,56000,379000,379000
494,035802,威致凱基0B購01,0,0,0,0,0,0,0,0,0,378000,0,0,0,378000,0,378000,378000
495,081870,台積電麥證0B購01,0,0,0,500000,124000,376000,0,0,0,376000,0,0,0,500000,124000,376000,376000
496,034479,聯電元大0C購07,0,0,0,0,0,0,0,0,0,376000,0,0,0,391000,15000,376000,376000
497,036212,永豐餘國泰12購01,0,0,0,0,0,0,0,0,0,376000,0,0,0,416000,40000,376000,376000
498,038244,台郡元大11購02,0,0,0,0,0,0,0,0,0,376000,0,0,0,512000,136000,376000,376000
499,089119,台積電富邦0B購05,0,0,0,0,0,0,0,0,0,376000,0,0,0,406000,30000,376000,376000
500,033961,南亞科國泰11購01,0,0,0,0,0,0,0,0,0,375000,0,0,0,1046000,671000,375000,375000
501,088634,國巨國票0A購02,0,0,0,0,0,0,0,0,0,373000,0,0,0,473000,100000,373000,373000
502,036279,威致元大0C購01,0,0,0,0,0,0,0,0,0,373000,0,0,0,445000,72000,373000,373000
503,039462,允強國票12購01,0,0,0,0,0,0,0,0,0,373000,0,0,0,377000,4000,373000,373000
504,083489,國巨元富11購01,0,0,0,0,0,0,0,0,0,372000,0,0,0,630000,258000,372000,372000
505,2474,可成,1334801,959608,375193,0,0,0,0,3050,-3050,-1000,8000,0,8000,16000,25000,-9000,371143
506,036491,聯成國泰12購01,0,0,0,0,0,0,0,0,0,371000,0,0,0,483000,112000,371000,371000
507,084542,聯發科統一09購16,0,0,0,0,0,0,0,0,0,370000,0,0,0,370000,0,370000,370000
508,082000,台積電第一14購01,0,0,0,0,0,0,0,0,0,370000,0,0,0,392000,22000,370000,370000
509,088124,榮成凱基0A購01,0,0,0,0,0,0,0,0,0,370000,0,0,0,420000,50000,370000,370000
510,037654,榮運凱基0C購01,0,0,0,0,0,0,0,0,0,369000,0,0,0,614000,245000,369000,369000
511,033743,鴻海富邦13購02,0,0,0,0,0,0,0,0,0,368000,0,0,0,400000,32000,368000,368000
512,032742,台航凱基0C購01,0,0,0,0,0,0,0,0,0,366000,0,0,0,427000,61000,366000,366000
513,036968,欣興國泰12購02,0,0,0,0,0,0,0,0,0,366000,0,0,0,392000,26000,366000,366000
514,034915,裕民元富12購05,0,0,0,0,0,0,0,0,0,366000,0,0,0,366000,0,366000,366000
515,032854,聯電群益0B購08,0,0,0,0,0,0,0,0,0,365000,0,0,0,778000,413000,365000,365000
516,083119,聯電凱基09購04,0,0,0,0,0,0,0,0,0,365000,0,0,0,375000,10000,365000,365000
517,033894,燁輝統一0B購02,0,0,0,0,0,0,0,0,0,365000,0,0,0,433000,68000,365000,365000
518,033393,晶相光元大12購01,0,0,0,0,0,0,0,0,0,365000,0,0,0,457000,92000,365000,365000
519,031734,聯成凱基12購01,0,0,0,0,0,0,0,0,0,364000,0,0,0,528000,164000,364000,364000
520,038524,文曄永豐11購01,0,0,0,0,0,0,0,0,0,364000,0,0,0,802000,438000,364000,364000
521,040134,光罩群益13購01,0,0,0,0,0,0,0,0,0,363000,0,0,0,1290000,927000,363000,363000
522,074464,華擎元富0A購01,0,0,0,0,0,0,0,0,0,362000,0,0,0,581000,219000,362000,362000
523,039373,台玻國泰13購04,0,0,0,0,0,0,0,0,0,362000,0,0,0,387000,25000,362000,362000
524,034483,聯發科元大0B購04,0,0,0,0,0,0,0,0,0,361000,0,0,0,361000,0,361000,361000
525,031601,華新科富邦0C購01,0,0,0,0,0,0,0,0,0,360000,0,0,0,390000,30000,360000,360000
526,030589,T50反1元大11購04,0,0,0,0,0,0,0,0,0,360000,0,0,0,462000,102000,360000,360000
527,06556P,臺股指群益09售08,0,0,0,0,0,0,0,0,0,360000,0,0,0,362000,2000,360000,360000
528,06896P,台達化元大0A售03,0,0,0,0,0,0,0,0,0,360000,0,0,0,466000,106000,360000,360000
529,089844,瑞昱元大09購01,0,0,0,0,0,0,0,0,0,359000,0,0,0,400000,41000,359000,359000
530,06871P,臺股指凱基0A售14,0,0,0,0,0,0,0,0,0,358000,0,0,0,443000,85000,358000,358000
531,086636,聯發科凱基09購06,0,0,0,0,0,0,0,0,0,357000,0,0,0,372000,15000,357000,357000
532,038454,力鵬元富12購01,0,0,0,0,0,0,0,0,0,357000,0,0,0,357000,0,357000,357000
533,036500,聯成凱基11購02,0,0,0,0,0,0,0,0,0,356000,0,0,0,356000,0,356000,356000
534,088282,亞光群益0A購01,0,0,0,0,0,0,0,0,0,355000,0,0,0,360000,5000,355000,355000
535,033441,長榮航元大0B購04,0,0,0,0,0,0,0,0,0,355000,0,0,0,363000,8000,355000,355000
536,037937,榮運元富0C購01,0,0,0,0,0,0,0,0,0,355000,0,0,0,355000,0,355000,355000
537,038646,健策國泰13購01,0,0,0,0,0,0,0,0,0,355000,0,0,0,678000,323000,355000,355000
538,2913,農林,1152000,699000,453000,0,0,0,0,0,0,-98999,0,0,0,1,99000,-98999,354001
539,034128,奇力新兆豐0B購02,0,0,0,0,0,0,0,0,0,354000,0,0,0,364000,10000,354000,354000
540,030837,惠特中信0A購01,0,0,0,0,0,0,0,0,0,353000,0,0,0,394000,41000,353000,353000
541,082805,聯電元大09購01,0,0,0,0,0,0,0,0,0,352000,0,0,0,358000,6000,352000,352000
542,035179,南紡元富0B購04,0,0,0,0,0,0,0,0,0,351000,0,0,0,351000,0,351000,351000
543,037887,榮運國泰13購01,0,0,0,0,0,0,0,0,0,351000,0,0,0,351000,0,351000,351000
544,1456,怡華,450000,99000,351000,0,0,0,0,0,0,0,0,0,0,0,0,0,351000
545,00670L,富邦NASDAQ正2,56000,19000,37000,0,0,0,0,0,0,313860,2000,0,2000,405000,93140,311860,350860
546,034600,友達統一0B購08,0,0,0,0,0,0,0,0,0,350000,0,0,0,350000,0,350000,350000
547,040074,愛普元大13購03,0,0,0,0,0,0,0,0,0,350000,0,0,0,350000,0,350000,350000
548,3665,貿聯-KY,923000,574000,349000,0,0,0,0,0,0,1000,0,0,0,6000,5000,1000,350000
549,036698,光罩永豐0C購01,0,0,0,0,0,0,0,0,0,349000,0,0,0,524000,175000,349000,349000
550,034234,台聚統一0C購01,0,0,0,0,0,0,0,0,0,347000,0,0,0,349000,2000,347000,347000
551,034848,宏泰元大0C購01,0,0,0,0,0,0,0,0,0,347000,0,0,0,350000,3000,347000,347000
552,031339,聯鈞元大0A購01,0,0,0,0,0,0,0,0,0,346000,0,0,0,356000,10000,346000,346000
553,034532,儒鴻統一11購01,0,0,0,0,0,0,0,0,0,346000,0,0,0,367000,21000,346000,346000
554,037623,嘉晶元大0C購05,0,0,0,0,0,0,0,0,0,346000,0,0,0,471000,125000,346000,346000
555,031203,華城凱基0A購01,0,0,0,0,0,0,0,0,0,345000,0,0,0,380000,35000,345000,345000
556,030032,巨大統一0C購01,0,0,0,0,0,0,0,0,0,345000,0,0,0,545000,200000,345000,345000
557,032457,巨大元大0A購02,0,0,0,0,0,0,0,0,0,345000,0,0,0,350000,5000,345000,345000
558,034230,聯詠康和0B購01,0,0,0,0,0,0,0,0,0,345000,0,0,0,1040000,695000,345000,345000
559,078075,惠特國票08購01,0,0,0,0,0,0,0,0,0,344000,0,0,0,449000,105000,344000,344000
560,034928,鴻海國泰11購06,0,0,0,0,0,0,0,0,0,344000,0,0,0,402000,58000,344000,344000
561,033591,國泰金凱基15購01,0,0,0,0,0,0,0,0,0,344000,0,0,0,344000,0,344000,344000
562,038659,友訊永豐11購01,0,0,0,0,0,0,0,0,0,343000,0,0,0,343000,0,343000,343000
563,089747,華邦電統一0B購05,0,0,0,0,0,0,0,0,0,343000,0,0,0,764000,421000,343000,343000
564,036684,矽格國票11購01,0,0,0,0,0,0,0,0,0,342000,0,0,0,413000,71000,342000,342000
565,00738U,期元大道瓊白銀,23000,4000,19000,0,0,0,0,0,0,322000,0,0,0,372000,50000,322000,341000
566,034810,台灣50群益0B購03,0,0,0,0,0,0,0,0,0,341000,0,0,0,841000,500000,341000,341000
567,06158P,台積電國票09售08,0,0,0,0,0,0,0,0,0,341000,0,0,0,341000,0,341000,341000
568,06840P,台灣50元大11售02,0,0,0,0,0,0,0,0,0,339000,0,0,0,350000,11000,339000,339000
569,035922,新唐統一11購01,0,0,0,0,0,0,0,0,0,338000,0,0,0,527000,189000,338000,338000
570,03504B,臺股指元大0A熊32,0,0,0,0,0,0,0,0,0,338000,0,0,0,441000,103000,338000,338000
571,085704,瑞昱富邦0A購01,0,0,0,0,0,0,0,0,0,336000,0,0,0,398000,62000,336000,336000
572,037899,惠特永豐0C購02,0,0,0,0,0,0,0,0,0,336000,0,0,0,376000,40000,336000,336000
573,038584,康普永豐11購02,0,0,0,0,0,0,0,0,0,336000,0,0,0,461000,125000,336000,336000
574,032382,台船統一0C購01,0,0,0,0,0,0,0,0,0,335000,0,0,0,345000,10000,335000,335000
575,033581,燁輝凱基12購02,0,0,0,0,0,0,0,0,0,335000,0,0,0,720000,385000,335000,335000
576,040077,華城國票12購01,0,0,0,0,0,0,0,0,0,335000,0,0,0,385000,50000,335000,335000
577,032373,台泥統一0C購01,0,0,0,0,0,0,0,0,0,334000,0,0,0,334000,0,334000,334000
578,033871,富邦金群益0B購05,0,0,0,0,0,0,0,0,0,334000,0,0,0,455000,121000,334000,334000
579,040000,允強國泰13購04,0,0,0,0,0,0,0,0,0,334000,0,0,0,746000,412000,334000,334000
580,086805,日月光統一0B購02,0,0,0,0,0,0,0,0,0,333000,0,0,0,406000,73000,333000,333000
581,037536,裕民元大12購02,0,0,0,0,0,0,0,0,0,332000,0,0,0,334000,2000,332000,332000
582,00635U,期元大S&P黃金,51000,53000,-2000,0,0,0,0,0,0,333000,0,0,0,333000,0,333000,331000
583,030548,松翰凱基0C購01,0,0,0,0,0,0,0,0,0,330000,0,0,0,430000,100000,330000,330000
584,034328,泰豐群益0C購01,0,0,0,0,0,0,0,0,0,330000,0,0,0,340000,10000,330000,330000
585,085206,台郡群益09購01,0,0,0,0,0,0,0,0,0,330000,0,0,0,691000,361000,330000,330000
586,033449,矽創元大0B購03,0,0,0,0,0,0,0,0,0,330000,0,0,0,565000,235000,330000,330000
587,037468,華邦電國泰12購02,0,0,0,0,0,0,0,0,0,329000,0,0,0,794000,465000,329000,329000
588,06916P,欣興元大0A售01,0,0,0,0,0,0,0,0,0,329000,0,0,0,539000,210000,329000,329000
589,031257,群創群益14購01,0,0,0,0,0,0,0,0,0,328000,0,0,0,328000,0,328000,328000
590,086176,日月光元大0C購02,0,0,0,0,0,0,0,0,0,328000,0,0,0,628000,300000,328000,328000
591,038903,榮成群益13購02,0,0,0,0,0,0,0,0,0,328000,0,0,0,328000,0,328000,328000
592,035811,榮運凱基13購01,0,0,0,0,0,0,0,0,0,327000,0,0,0,342000,15000,327000,327000
593,083683,聯發科統一08購03,0,0,0,0,0,0,0,0,0,327000,0,0,0,327000,0,327000,327000
594,088677,矽創元大09購05,0,0,0,0,0,0,0,0,0,327000,0,0,0,329000,2000,327000,327000
595,035307,永豐餘元大0B購02,0,0,0,0,0,0,0,0,0,326000,0,0,0,352000,26000,326000,326000
596,038992,亞聚富邦11購01,0,0,0,0,0,0,0,0,0,326000,0,0,0,326000,0,326000,326000
597,088862,長榮航永豐09購02,0,0,0,0,0,0,0,0,0,326000,0,0,0,390000,64000,326000,326000
598,07419P,臺股指凱基0C售45,0,3000,-3000,0,0,0,0,0,0,328000,0,0,0,328000,0,328000,325000
599,034665,中石化凱基0B購01,0,0,0,0,0,0,0,0,0,325000,0,0,0,377000,52000,325000,325000
600,087030,T50正2凱基0B購01,0,0,0,0,0,0,0,0,0,323000,0,0,0,336000,13000,323000,323000
601,035382,嘉澤凱基0B購01,0,0,0,0,0,0,0,0,0,323000,0,0,0,382000,59000,323000,323000
602,032379,東鋼統一0C購05,0,0,0,0,0,0,0,0,0,322000,0,0,0,395000,73000,322000,322000
603,087960,聯詠第一13購01,0,0,0,0,0,0,0,0,0,322000,0,0,0,433000,111000,322000,322000
604,036289,華邦電元大0C購09,0,2000,-2000,0,0,0,0,0,0,324000,0,0,0,382000,58000,324000,322000
605,034576,大成鋼凱基0B購04,0,0,0,0,0,0,0,0,0,322000,0,0,0,342000,20000,322000,322000
606,089743,新纖統一0B購01,0,0,0,0,0,0,0,0,0,322000,0,0,0,588000,266000,322000,322000
607,039319,美亞元大11購01,0,0,0,0,0,0,0,0,0,321000,0,0,0,341000,20000,321000,321000
608,2484,希華,2086000,1766000,320000,0,0,0,1000,0,1000,0,47000,47000,0,0,0,0,321000
609,030692,惠特兆豐0B購01,0,0,0,0,0,0,0,0,0,320000,0,0,0,1231000,911000,320000,320000
610,087368,元石油元大0B購03,0,0,0,0,0,0,0,0,0,320000,0,0,0,320000,0,320000,320000
611,033897,大成鋼統一13購01,0,0,0,0,0,0,0,0,0,317000,0,0,0,318000,1000,317000,317000
612,038254,中鋼凱基11購08,0,0,0,0,0,0,0,0,0,317000,0,0,0,458000,141000,317000,317000
613,030216,益登凱基0A購01,0,0,0,0,0,0,0,0,0,316000,0,0,0,413000,97000,316000,316000
614,086683,長榮航統一0B購02,0,0,0,0,0,0,0,0,0,315000,0,0,0,433000,118000,315000,315000
615,035505,宏達電凱基0B購02,0,0,0,0,0,0,0,0,0,315000,0,0,0,446000,131000,315000,315000
616,035223,微星國泰11購02,0,0,0,0,0,0,0,0,0,315000,0,0,0,420000,105000,315000,315000
617,036531,南電兆豐12購01,0,0,0,0,0,0,0,0,0,315000,0,0,0,419000,104000,315000,315000
618,038625,台郡元大11購03,0,0,0,0,0,0,0,0,0,315000,0,0,0,827000,512000,315000,315000
619,033250,潤泰全元大12購01,0,0,0,0,0,0,0,0,0,313000,0,0,0,378000,65000,313000,313000
620,036325,榮成麥證0C購01,0,0,0,458000,145000,313000,0,0,0,313000,0,0,0,458000,145000,313000,313000
621,089864,永豐餘中信0C購01,0,0,0,0,0,0,0,0,0,313000,0,0,0,313000,0,313000,313000
622,032777,台船元大0A購01,0,0,0,0,0,0,0,0,0,312000,0,0,0,367000,55000,312000,312000
623,036987,盛群凱基0C購01,0,0,0,0,0,0,0,0,0,312000,0,0,0,312000,0,312000,312000
624,039377,聯陽國泰13購02,0,0,0,0,0,0,0,0,0,312000,0,0,0,577000,265000,312000,312000
625,031519,力成元大0A購01,0,0,0,0,0,0,0,0,0,311000,0,0,0,336000,25000,311000,311000
626,032355,中鋼凱基14購04,0,0,0,0,0,0,0,0,0,311000,0,0,0,392000,81000,311000,311000
627,035702,永豐餘元大0B購03,0,0,0,0,0,0,0,0,0,311000,0,0,0,331000,20000,311000,311000
628,039081,景碩元大13購02,0,0,0,0,0,0,0,0,0,311000,0,0,0,438000,127000,311000,311000
629,034089,友達元大0C購10,0,0,0,0,0,0,0,0,0,310000,0,0,0,350000,40000,310000,310000
630,088858,燿華永豐09購02,0,0,0,0,0,0,0,0,0,310000,0,0,0,350000,40000,310000,310000
631,036280,威致元大11購01,0,0,0,0,0,0,0,0,0,309000,0,0,0,419000,110000,309000,309000
632,038534,春源富邦11購01,0,0,0,0,0,0,0,0,0,309000,0,0,0,309000,0,309000,309000
633,039736,裕民國泰13購04,0,0,0,0,0,0,0,0,0,309000,0,0,0,357000,48000,309000,309000
634,06307P,聯發科元大08售13,0,0,0,0,0,0,0,0,0,309000,0,0,0,309000,0,309000,309000
635,087187,聯發科群益09購04,0,0,0,0,0,0,0,0,0,308000,0,0,0,308000,0,308000,308000
636,036194,長榮航統一12購01,0,0,0,0,0,0,0,0,0,308000,0,0,0,333000,25000,308000,308000
637,040357,中鋼永豐12購02,0,0,0,0,0,0,0,0,0,308000,0,0,0,308000,0,308000,308000
638,1709,和益,378000,65000,313000,0,0,0,0,0,0,-5000,0,0,0,0,5000,-5000,308000
639,037829,聯茂永豐0C購01,0,0,0,0,0,0,0,0,0,307000,0,0,0,307000,0,307000,307000
640,038358,臻鼎康和11購01,0,0,0,0,0,0,0,0,0,307000,0,0,0,367000,60000,307000,307000
641,035665,旺宏統一0C購01,0,0,0,0,0,0,0,0,0,306000,0,0,0,308000,2000,306000,306000
642,035538,儒鴻統一0C購02,0,0,0,0,0,0,0,0,0,306000,0,0,0,309000,3000,306000,306000
643,034057,T50反1國票0C購01,0,0,0,0,0,0,0,0,0,306000,0,0,0,322000,16000,306000,306000
644,036163,緯穎元大0C購02,0,0,0,0,0,0,0,0,0,306000,0,0,0,381000,75000,306000,306000
645,030322,凌陽麥證0C購01,0,0,0,321000,16000,305000,0,0,0,305000,0,0,0,323000,18000,305000,305000
646,034381,允強元大0C購02,0,0,0,0,0,0,0,0,0,305000,0,0,0,537000,232000,305000,305000
647,031921,華擎永豐0A購01,0,0,0,0,0,0,0,0,0,304000,0,0,0,334000,30000,304000,304000
648,038931,華邦電麥證11購01,0,0,0,306000,2000,304000,0,0,0,304000,0,0,0,306000,2000,304000,304000
649,039170,美時永豐11購01,0,0,0,0,0,0,0,0,0,304000,0,0,0,414000,110000,304000,304000
650,085800,嘉澤元大09購01,0,0,0,0,0,0,0,0,0,303000,0,0,0,393000,90000,303000,303000
651,088094,日月光元富0C購01,0,0,0,0,0,0,0,0,0,303000,0,0,0,401000,98000,303000,303000
652,071236,惠特元富09購01,0,0,0,0,0,0,0,0,0,303000,0,0,0,326000,23000,303000,303000
653,089683,聯發科元大09購18,0,0,0,0,0,0,0,0,0,303000,0,0,0,396000,93000,303000,303000
654,07351P,南電元大0C售04,0,0,0,0,0,0,0,0,0,302000,0,0,0,910000,608000,302000,302000
655,035930,聯成凱基0C購01,0,0,0,0,0,0,0,0,0,301000,0,0,0,362000,61000,301000,301000
656,087675,榮成元大09購03,0,0,0,0,0,0,0,0,0,301000,0,0,0,306000,5000,301000,301000
657,037716,中鋼凱基11購06,0,0,0,0,0,0,0,0,0,301000,0,0,0,636000,335000,301000,301000
658,030278,聯電日盛0A購01,0,0,0,0,0,0,0,0,0,300000,0,0,0,507000,207000,300000,300000
659,086060,南亞科統一09購04,0,0,0,0,0,0,0,0,0,300000,0,0,0,300000,0,300000,300000
660,086249,和碩麥證08購01,0,0,0,300000,0,300000,0,0,0,300000,0,0,0,300000,0,300000,300000
661,085670,日月光統一0A購04,0,0,0,0,0,0,0,0,0,300000,0,0,0,736000,436000,300000,300000
662,037780,群創凱基0C購07,0,0,0,0,0,0,0,0,0,300000,0,0,0,300000,0,300000,300000
663,034372,大亞元大0B購05,0,0,0,0,0,0,0,0,0,300000,0,0,0,300000,0,300000,300000
664,036924,凌陽國票11購01,0,0,0,0,0,0,0,0,0,300000,0,0,0,356000,56000,300000,300000
665,037177,大毅永豐0C購01,0,0,0,0,0,0,0,0,0,300000,0,0,0,300000,0,300000,300000
666,07168P,國巨富邦0C售05,0,0,0,0,0,0,0,0,0,300000,0,0,0,300000,0,300000,300000
667,038948,國巨元大11購07,0,0,0,0,0,0,0,0,0,300000,0,0,0,300000,0,300000,300000
668,038815,國巨元大14購02,0,0,0,0,0,0,0,0,0,300000,0,0,0,300000,0,300000,300000
669,039701,喬山國票12購01,0,0,0,0,0,0,0,0,0,300000,0,0,0,300000,0,300000,300000
670,039811,景碩元大14購02,0,0,0,0,0,0,0,0,0,300000,0,0,0,512000,212000,300000,300000
671,089378,南電元大09購08,0,0,0,0,0,0,0,0,0,300000,0,0,0,332000,32000,300000,300000
672,086999,智伸科國票0A購02,0,0,0,0,0,0,0,0,0,299000,0,0,0,299000,0,299000,299000
673,036193,裕民統一0C購05,0,0,0,0,0,0,0,0,0,299000,0,0,0,300000,1000,299000,299000
674,036025,允強統一0C購03,0,0,0,0,0,0,0,0,0,299000,0,0,0,355000,56000,299000,299000
675,039771,松翰永豐11購01,0,0,0,0,0,0,0,0,0,299000,0,0,0,398000,99000,299000,299000
676,039893,同欣電康和11購01,0,0,0,0,0,0,0,0,0,299000,0,0,0,448000,149000,299000,299000
677,088757,和碩統一0B購01,0,0,0,0,0,0,0,0,0,298000,0,0,0,298000,0,298000,298000
678,034603,聯發科統一0B購07,0,0,0,0,0,0,0,0,0,298000,0,0,0,298000,0,298000,298000
679,037111,正新元大0C購03,0,0,0,0,0,0,0,0,0,298000,0,0,0,300000,2000,298000,298000
680,038875,新唐凱基13購01,0,0,0,0,0,0,0,0,0,298000,0,0,0,1907000,1609000,298000,298000
681,038214,燁輝國泰13購02,0,0,0,0,0,0,0,0,0,298000,0,0,0,1244000,946000,298000,298000
682,035540,台玻統一0C購04,0,0,0,0,0,0,0,0,0,297000,0,0,0,298000,1000,297000,297000
683,035621,光罩國票0C購03,0,0,0,0,0,0,0,0,0,297000,0,0,0,479000,182000,297000,297000
684,088425,中興電日盛09購01,0,0,0,0,0,0,0,0,0,297000,0,0,0,297000,0,297000,297000
685,084049,聯發科國票09購04,0,0,0,0,0,0,0,0,0,297000,0,0,0,307000,10000,297000,297000
686,036779,長榮航統一0C購10,0,0,0,0,0,0,0,0,0,297000,0,0,0,298000,1000,297000,297000
687,088976,聯發科元富09購10,0,0,0,0,0,0,0,0,0,297000,0,0,0,297000,0,297000,297000
688,031993,廣宇群益0C購03,0,0,0,0,0,0,0,0,0,296000,0,0,0,296000,0,296000,296000
689,031873,大成鋼凱基14購02,0,0,0,0,0,0,0,0,0,296000,0,0,0,397000,101000,296000,296000
690,038052,健和興群益12購01,0,0,0,0,0,0,0,0,0,296000,0,0,0,372000,76000,296000,296000
691,089502,南帝元大09購08,0,0,0,0,0,0,0,0,0,296000,0,0,0,296000,0,296000,296000
692,037080,群創群益0C購10,0,0,0,0,0,0,0,0,0,295000,0,0,0,300000,5000,295000,295000
693,031408,遠東新凱基0A購01,0,0,0,0,0,0,0,0,0,294000,0,0,0,321000,27000,294000,294000
694,084012,廣宇統一09購07,0,0,0,0,0,0,0,0,0,294000,0,0,0,294000,0,294000,294000
695,033788,榮運元大0C購01,0,0,0,0,0,0,0,0,0,294000,0,0,0,315000,21000,294000,294000
696,033325,欣興凱基0C購03,0,0,0,0,0,0,0,0,0,294000,0,0,0,480000,186000,294000,294000
697,036387,聯陽富邦13購01,0,0,0,0,0,0,0,0,0,293000,0,0,0,495000,202000,293000,293000
698,038210,GIS群益11購01,0,0,0,0,0,0,0,0,0,293000,0,0,0,303000,10000,293000,293000
699,038135,大成鋼群益11購02,0,0,0,0,0,0,0,0,0,293000,0,0,0,343000,50000,293000,293000
700,038660,光罩永豐11購01,0,0,0,0,0,0,0,0,0,293000,0,0,0,779000,486000,293000,293000
701,037390,聯成凱基11購03,0,0,0,0,0,0,0,0,0,292000,0,0,0,508000,216000,292000,292000
702,033631,亞光元富0B購02,0,0,0,0,0,0,0,0,0,292000,0,0,0,292000,0,292000,292000
703,032986,大亞元富0A購03,0,0,0,0,0,0,0,0,0,291000,0,0,0,291000,0,291000,291000
704,033132,矽統元大0C購01,0,0,0,0,0,0,0,0,0,291000,0,0,0,322000,31000,291000,291000
705,035412,台塑元大0B購01,0,0,0,0,0,0,0,0,0,291000,0,0,0,300000,9000,291000,291000
706,040186,同欣電統一13購02,0,0,0,0,0,0,0,0,0,291000,0,0,0,291000,0,291000,291000
707,035104,裕民元大0B購06,0,0,0,0,0,0,0,0,0,290000,0,0,0,338000,48000,290000,290000
708,034946,台玻凱基0C購03,0,0,0,0,0,0,0,0,0,290000,0,0,0,298000,8000,290000,290000
709,039105,光磊國票12購01,0,0,0,0,0,0,0,0,0,290000,0,0,0,560000,270000,290000,290000
710,2368,金像電,1689150,1429337,259813,0,0,0,0,2000,-2000,31928,113705,63777,49928,13000,31000,-18000,289741
711,033955,欣興國票0C購03,0,0,0,0,0,0,0,0,0,289000,0,0,0,300000,11000,289000,289000
712,036521,晶相光群益12購01,0,0,0,0,0,0,0,0,0,289000,0,0,0,334000,45000,289000,289000
713,038963,矽格元大12購02,0,0,0,0,0,0,0,0,0,289000,0,0,0,297000,8000,289000,289000
714,2855,統一證,546000,257000,289000,0,0,0,0,0,0,0,0,0,0,0,0,0,289000
715,032842,中纖兆豐0A購01,0,0,0,0,0,0,0,0,0,288000,0,0,0,471000,183000,288000,288000
716,087072,台船統一0B購01,0,0,0,0,0,0,0,0,0,288000,0,0,0,293000,5000,288000,288000
717,036211,國喬國泰12購01,0,0,0,0,0,0,0,0,0,288000,0,0,0,302000,14000,288000,288000
718,039673,致新元富14購01,0,0,0,0,0,0,0,0,0,288000,0,0,0,300000,12000,288000,288000
719,032409,南紡元大0A購04,0,0,0,0,0,0,0,0,0,287000,0,0,0,287000,0,287000,287000
720,081350,中石化凱基09購02,0,0,0,0,0,0,0,0,0,286000,0,0,0,348000,62000,286000,286000
721,037465,永豐餘國泰12購02,0,0,0,0,0,0,0,0,0,286000,0,0,0,316000,30000,286000,286000
722,030148,松翰凱基0A購04,0,0,0,0,0,0,0,0,0,285000,0,0,0,392000,107000,285000,285000
723,089488,裕隆元富09購03,0,0,0,0,0,0,0,0,0,285000,0,0,0,285000,0,285000,285000
724,034259,聯詠統一12購01,0,0,0,0,0,0,0,0,0,284000,0,0,0,295000,11000,284000,284000
725,087186,聯發科群益09購03,0,0,0,0,0,0,0,0,0,284000,0,0,0,287000,3000,284000,284000
726,088635,國巨國票0B購01,0,0,0,0,0,0,0,0,0,284000,0,0,0,390000,106000,284000,284000
727,038172,同欣電元大11購03,0,0,0,0,0,0,0,0,0,284000,0,0,0,292000,8000,284000,284000
728,030339,台積電群益0C購07,0,0,0,0,0,0,0,0,0,283000,0,0,0,323000,40000,283000,283000
729,036688,京鼎富邦0C購01,0,0,0,0,0,0,0,0,0,283000,0,0,0,283000,0,283000,283000
730,033813,台泥統一11購01,0,0,0,0,0,0,0,0,0,283000,0,0,0,310000,27000,283000,283000
731,035448,聯電國票11購02,0,0,0,0,0,0,0,0,0,283000,0,0,0,392000,109000,283000,283000
732,035372,中石化凱基0B購02,0,0,0,0,0,0,0,0,0,283000,0,0,0,287000,4000,283000,283000
733,034835,榮成康和0C購01,0,0,0,0,0,0,0,0,0,282000,0,0,0,293000,11000,282000,282000
734,036496,欣興國泰12購01,0,0,0,0,0,0,0,0,0,282000,0,0,0,324000,42000,282000,282000
735,038396,巨大元大15購01,0,0,0,0,0,0,0,0,0,282000,0,0,0,338000,56000,282000,282000
736,030284,威盛元富11購01,0,0,0,0,0,0,0,0,0,281000,0,0,0,329000,48000,281000,281000
737,035743,愛普國票0B購01,0,0,0,0,0,0,0,0,0,281000,0,0,0,640000,359000,281000,281000
738,080906,聯電凱基0B購01,0,0,0,0,0,0,0,0,0,281000,0,0,0,305000,24000,281000,281000
739,038062,愛普群益13購02,0,0,0,0,0,0,0,0,0,281000,0,0,0,502000,221000,281000,281000
740,030371,聯德群益0B購01,0,0,0,0,0,0,0,0,0,280000,0,0,0,291000,11000,280000,280000
741,030784,大成鋼凱基12購01,0,0,0,0,0,0,0,0,0,280000,0,0,0,516000,236000,280000,280000
742,032605,嘉晶元大0C購03,0,0,0,0,0,0,0,0,0,280000,0,0,0,326000,46000,280000,280000
743,032897,玉晶光統一12購01,0,0,0,0,0,0,0,0,0,280000,0,0,0,300000,20000,280000,280000
744,085162,大立光凱基0A購03,0,0,0,0,0,0,0,0,0,280000,0,0,0,280000,0,280000,280000
745,037824,敬鵬永豐0C購01,0,0,0,0,0,0,0,0,0,280000,0,0,0,280000,0,280000,280000
746,037368,偉詮電群益0C購01,0,0,0,0,0,0,0,0,0,279000,0,0,0,542000,263000,279000,279000
747,038390,矽格元大12購01,0,0,0,0,0,0,0,0,0,279000,0,0,0,405000,126000,279000,279000
748,082768,日月光統一09購04,0,0,0,0,0,0,0,0,0,278000,0,0,0,278000,0,278000,278000
749,088356,國泰金統一0C購01,0,0,0,0,0,0,0,0,0,278000,0,0,0,298000,20000,278000,278000
750,036974,矽創兆豐12購01,0,0,0,0,0,0,0,0,0,278000,0,0,0,278000,0,278000,278000
751,3028,增你強,368000,88000,280000,0,0,0,0,0,0,-2193,41,0,41,0,2234,-2234,277807
752,084708,智伸科統一0A購01,0,0,0,0,0,0,0,0,0,277000,0,0,0,277000,0,277000,277000
753,06339P,臺股指凱基09售16,0,0,0,0,0,0,0,0,0,277000,0,0,0,500000,223000,277000,277000
754,031133,力成統一0C購01,0,0,0,0,0,0,0,0,0,276000,0,0,0,712000,436000,276000,276000
755,035707,大成鋼元大0B購16,0,0,0,0,0,0,0,0,0,276000,0,0,0,276000,0,276000,276000
756,07126P,臺股指元大0C售25,0,0,0,0,0,0,0,0,0,276000,0,0,0,276000,0,276000,276000
757,030027,晶技統一0C購01,0,0,0,0,0,0,0,0,0,275000,0,0,0,280000,5000,275000,275000
758,034393,玉晶光元大0B購04,0,0,0,0,0,0,0,0,0,275000,0,0,0,275000,0,275000,275000
759,035159,新光鋼國票0C購01,0,0,0,0,0,0,0,0,0,275000,0,0,0,314000,39000,275000,275000
760,037303,王品統一11購02,0,0,0,0,0,0,0,0,0,274000,0,0,0,380000,106000,274000,274000
761,033715,技嘉國票0C購01,0,0,0,0,0,0,0,0,0,274000,0,0,0,274000,0,274000,274000
762,3017,奇鋐,1438721,1145000,293721,0,0,0,0,0,0,-20320,25000,10320,14680,19000,54000,-35000,273401
763,085273,群創元富0A購01,0,0,0,0,0,0,0,0,0,273000,0,0,0,273000,0,273000,273000
764,085781,聯電元大0C購04,0,0,0,0,0,0,0,0,0,273000,0,0,0,420000,147000,273000,273000
765,089995,日月光國泰11購01,0,0,0,0,0,0,0,0,0,273000,0,0,0,524000,251000,273000,273000
766,034849,中纖元大11購01,0,0,0,0,0,0,0,0,0,272000,0,0,0,279000,7000,272000,272000
767,033351,矽格永豐0B購01,0,0,0,0,0,0,0,0,0,272000,0,0,0,620000,348000,272000,272000
768,035085,台玻凱基11購01,0,0,0,0,0,0,0,0,0,271000,0,0,0,285000,14000,271000,271000
769,036542,榮成康和11購01,0,0,0,0,0,0,0,0,0,271000,0,0,0,509000,238000,271000,271000
770,036911,矽格元大0C購02,0,0,0,0,0,0,0,0,0,271000,0,0,0,472000,201000,271000,271000
771,039569,台勝科元富11購02,0,0,0,0,0,0,0,0,0,271000,0,0,0,271000,0,271000,271000
772,039889,晶心科群益13購01,0,0,0,0,0,0,0,0,0,271000,0,0,0,286000,15000,271000,271000
773,030268,廣宇統一0C購01,0,0,0,0,0,0,0,0,0,270000,0,0,0,270000,0,270000,270000
774,034713,國喬康和0C購01,0,0,0,0,0,0,0,0,0,270000,0,0,0,270000,0,270000,270000
775,089680,矽統元大09購01,0,0,0,0,0,0,0,0,0,270000,0,0,0,309000,39000,270000,270000
776,033615,富邦金群益11購01,0,0,0,0,0,0,0,0,0,269000,0,0,0,284000,15000,269000,269000
777,037513,威鋒電群益14購01,0,0,0,0,0,0,0,0,0,269000,0,0,0,572000,303000,269000,269000
778,038433,春雨元大12購01,0,0,0,0,0,0,0,0,0,269000,0,0,0,269000,0,269000,269000
779,038113,國巨凱基11購03,0,0,0,0,0,0,0,0,0,269000,0,0,0,524000,255000,269000,269000
780,037092,愛普凱基0C購01,0,0,0,0,0,0,0,0,0,268000,0,0,0,516000,248000,268000,268000
781,037378,榮運永豐0C購01,0,0,0,0,0,0,0,0,0,268000,0,0,0,268000,0,268000,268000
782,040341,致新富邦13購01,0,0,0,0,0,0,0,0,0,268000,0,0,0,310000,42000,268000,268000
783,035219,永豐餘國泰11購01,0,0,0,0,0,0,0,0,0,267000,0,0,0,282000,15000,267000,267000
784,030998,惠特元富0B購01,0,0,0,0,0,0,0,0,0,266000,0,0,0,457000,191000,266000,266000
785,078383,聯電國泰09購01,0,0,0,0,0,0,0,0,0,266000,0,0,0,418000,152000,266000,266000
786,038434,豐興元大11購01,0,0,0,0,0,0,0,0,0,266000,0,0,0,279000,13000,266000,266000
787,035089,新光鋼凱基11購01,0,0,0,0,0,0,0,0,0,265000,0,0,0,310000,45000,265000,265000
788,037328,威盛元富13購01,0,0,0,0,0,0,0,0,0,265000,0,0,0,275000,10000,265000,265000
789,034566,華新科國泰11購01,0,0,0,0,0,0,0,0,0,265000,0,0,0,278000,13000,265000,265000
790,037974,允強中信0C購01,0,0,0,0,0,0,0,0,0,265000,0,0,0,344000,79000,265000,265000
791,039400,美時元富11購01,0,0,0,0,0,0,0,0,0,265000,0,0,0,355000,90000,265000,265000
792,034268,日月光國票11購01,0,0,0,0,0,0,0,0,0,264000,0,0,0,298000,34000,264000,264000
793,086369,T50反1國票0A購05,0,0,0,0,0,0,0,0,0,264000,0,0,0,274000,10000,264000,264000
794,037290,台船元大11購01,0,0,0,0,0,0,0,0,0,264000,0,0,0,264000,0,264000,264000
795,033392,京鼎元大11購01,0,0,0,0,0,0,0,0,0,264000,0,0,0,296000,32000,264000,264000
796,037685,億光元大12購02,0,0,0,0,0,0,0,0,0,264000,0,0,0,299000,35000,264000,264000
797,038522,健和興永豐11購01,0,0,0,0,0,0,0,0,0,264000,0,0,0,329000,65000,264000,264000
798,032138,台船凱基0A購01,0,0,0,0,0,0,0,0,0,263000,0,0,0,265000,2000,263000,263000
799,033844,日月光兆豐0C購02,0,0,0,0,0,0,0,0,0,263000,0,0,0,420000,157000,263000,263000
800,036840,大成鋼凱基0C購03,0,0,0,0,0,0,0,0,0,263000,0,0,0,298000,35000,263000,263000
801,036658,道瓊反國票0C購02,0,0,0,0,0,0,0,0,0,263000,0,0,0,280000,17000,263000,263000
802,038509,盛餘永豐11購01,0,0,0,0,0,0,0,0,0,263000,0,0,0,263000,0,263000,263000
803,039764,精英永豐11購01,0,0,0,0,0,0,0,0,0,263000,0,0,0,263000,0,263000,263000
804,089956,南亞元大0A購01,0,0,0,0,0,0,0,0,0,263000,0,0,0,263000,0,263000,263000
805,030532,泰豐凱基0B購01,0,0,0,0,0,0,0,0,0,262000,0,0,0,262000,0,262000,262000
806,040314,景碩凱基11購04,0,0,0,0,0,0,0,0,0,262000,0,0,0,492000,230000,262000,262000
807,034514,遠東新元富0B購02,0,0,0,0,0,0,0,0,0,261000,0,0,0,261000,0,261000,261000
808,038855,台聚國泰13購01,0,0,0,0,0,0,0,0,0,261000,0,0,0,281000,20000,261000,261000
809,035879,聯詠群益11購03,0,0,0,0,0,0,0,0,0,260000,0,0,0,298000,38000,260000,260000
810,083589,鴻海國票0C購01,0,0,0,0,0,0,0,0,0,260000,0,0,0,302000,42000,260000,260000
811,036195,王品統一12購01,0,0,0,0,0,0,0,0,0,260000,0,0,0,282000,22000,260000,260000
812,034805,台表科凱基0B購03,0,0,0,0,0,0,0,0,0,260000,0,0,0,547000,287000,260000,260000
813,037568,直得永豐0C購01,0,0,0,0,0,0,0,0,0,260000,0,0,0,260000,0,260000,260000
814,039630,允強永豐11購03,0,0,0,0,0,0,0,0,0,260000,0,0,0,286000,26000,260000,260000
815,035894,台玻國泰12購01,0,0,0,0,0,0,0,0,0,259000,0,0,0,276000,17000,259000,259000
816,031434,晶技凱基0B購01,0,0,0,0,0,0,0,0,0,259000,0,0,0,259000,0,259000,259000
817,089665,南紡元大09購01,0,0,0,0,0,0,0,0,0,259000,0,0,0,282000,23000,259000,259000
818,032527,聯電凱基0A購10,0,0,0,0,0,0,0,0,0,258000,0,0,0,1632000,1374000,258000,258000
819,084020,瑞昱統一09購04,0,0,0,0,0,0,0,0,0,258000,0,0,0,398000,140000,258000,258000
820,034739,長榮元大0C購09,0,0,0,0,0,0,0,0,0,258000,0,0,0,278000,20000,258000,258000
821,05603P,玉晶光國票0A售04,0,0,0,0,0,0,0,0,0,258000,0,0,0,274000,16000,258000,258000
822,033028,聯電群益0B購09,0,0,0,0,0,0,0,0,0,257000,0,0,0,310000,53000,257000,257000
823,034735,華新科元大0C購04,0,0,0,0,0,0,0,0,0,257000,0,0,0,257000,0,257000,257000
824,031493,泰豐元大0B購01,0,0,0,0,0,0,0,0,0,256000,0,0,0,342000,86000,256000,256000
825,032254,台船元大0B購01,0,0,0,0,0,0,0,0,0,256000,0,0,0,256000,0,256000,256000
826,082703,聯發科凱基0C購02,0,0,0,0,0,0,0,0,0,256000,0,0,0,261000,5000,256000,256000
827,086535,南電凱基09購06,0,0,0,0,0,0,0,0,0,256000,0,0,0,256000,0,256000,256000
828,086798,長榮航統一0B購03,0,0,0,0,0,0,0,0,0,256000,0,0,0,256000,0,256000,256000
829,034675,聯詠凱基0B購05,0,0,0,0,0,0,0,0,0,256000,0,0,0,801000,545000,256000,256000
830,037782,台郡凱基13購01,0,0,0,0,0,0,0,0,0,256000,0,0,0,256000,0,256000,256000
831,032533,益航凱基0C購01,0,0,0,0,0,0,0,0,0,255000,0,0,0,650000,395000,255000,255000
832,030398,台積電元大0A購08,0,0,0,0,0,0,0,0,0,255000,0,0,0,345000,90000,255000,255000
833,031118,新纖統一0B購02,0,0,0,0,0,0,0,0,0,255000,0,0,0,376000,121000,255000,255000
834,037461,日月光兆豐11購01,0,0,0,0,0,0,0,0,0,255000,0,0,0,425000,170000,255000,255000
835,038441,聯強元大11購01,0,0,0,0,0,0,0,0,0,255000,0,0,0,325000,70000,255000,255000
836,037550,台船元富13購01,0,0,0,0,0,0,0,0,0,254000,0,0,0,270000,16000,254000,254000
837,039969,帆宣元大13購01,0,0,0,0,0,0,0,0,0,253000,0,0,0,394000,141000,253000,253000
838,06970P,台灣50凱基0B售04,0,0,0,0,0,0,0,0,0,253000,0,0,0,330000,77000,253000,253000
839,084541,聯發科統一09購15,0,0,0,0,0,0,0,0,0,252000,0,0,0,252000,0,252000,252000
840,088083,遠東新元富09購01,0,0,0,0,0,0,0,0,0,252000,0,0,0,252000,0,252000,252000
841,034399,台塑國票11購01,0,0,0,0,0,0,0,0,0,252000,0,0,0,264000,12000,252000,252000
842,039599,新光鋼國泰13購03,0,0,0,0,0,0,0,0,0,252000,0,0,0,365000,113000,252000,252000
843,038445,大榮元大11購01,0,0,0,0,0,0,0,0,0,252000,0,0,0,252000,0,252000,252000
844,032068,允強中信0A購01,0,0,0,0,0,0,0,0,0,251000,0,0,0,251000,0,251000,251000
845,083562,聯電群益0A購01,0,0,0,0,0,0,0,0,0,251000,0,0,0,439000,188000,251000,251000
846,037247,欣興元大0C購08,0,0,0,0,0,0,0,0,0,251000,0,0,0,414000,163000,251000,251000
847,032618,百和元大0A購01,0,0,0,0,0,0,0,0,0,250000,0,0,0,270000,20000,250000,250000
848,031945,南紡元大0A購03,0,0,0,0,0,0,0,0,0,250000,0,0,0,250000,0,250000,250000
849,086997,聯發科國票11購01,0,0,0,0,0,0,0,0,0,250000,0,0,0,250000,0,250000,250000
850,037442,台橡元大13購01,0,0,0,0,0,0,0,0,0,250000,0,0,0,250000,0,250000,250000
851,034733,聯發科元大0B購09,0,0,0,0,0,0,0,0,0,250000,0,0,0,260000,10000,250000,250000
852,037648,聚陽凱基11購01,0,0,0,0,0,0,0,0,0,250000,0,0,0,250000,0,250000,250000
853,037622,聯陽元大11購02,0,0,0,0,0,0,0,0,0,250000,0,0,0,667000,417000,250000,250000
854,038890,致新兆豐11購01,0,0,0,0,0,0,0,0,0,250000,0,0,0,260000,10000,250000,250000
855,039610,景碩中信13購01,0,0,0,0,0,0,0,0,0,250000,0,0,0,271000,21000,250000,250000
856,039762,鑫永銓永豐11購02,0,0,0,0,0,0,0,0,0,250000,0,0,0,250000,0,250000,250000
857,032893,光罩統一14購01,0,0,0,0,0,0,0,0,0,249000,0,0,0,456000,207000,249000,249000
858,031749,宏達電凱基0C購01,0,0,0,0,0,0,0,0,0,249000,0,0,0,605000,356000,249000,249000
859,033377,台玻元大12購01,0,0,0,0,0,0,0,0,0,249000,0,0,0,280000,31000,249000,249000
860,039030,聯發科凱基17購01,0,0,0,0,0,0,0,0,0,249000,0,0,0,402000,153000,249000,249000
861,039137,春源國泰13購01,0,0,0,0,0,0,0,0,0,249000,0,0,0,249000,0,249000,249000
862,033506,欣興統一13購02,0,0,0,0,0,0,0,0,0,248000,0,0,0,273000,25000,248000,248000
863,030462,明基材富邦0C購01,0,0,0,0,0,0,0,0,0,248000,0,0,0,523000,275000,248000,248000
864,037897,億光永豐0C購02,0,0,0,0,0,0,0,0,0,248000,0,0,0,788000,540000,248000,248000
865,039207,康普元大11購02,0,0,0,0,0,0,0,0,0,248000,0,0,0,270000,22000,248000,248000
866,038667,康普永豐11購03,0,0,0,0,0,0,0,0,0,248000,0,0,0,253000,5000,248000,248000
867,038453,統一實元大11購01,0,0,0,0,0,0,0,0,0,247000,0,0,0,247000,0,247000,247000
868,04458P,滬深2X元富0A售01,0,0,0,0,0,0,0,0,0,247000,0,0,0,490000,243000,247000,247000
869,032205,元大金群益0B購01,0,0,0,0,0,0,0,0,0,246000,0,0,0,246000,0,246000,246000
870,037048,創意元大11購03,0,0,0,0,0,0,0,0,0,246000,0,0,0,256000,10000,246000,246000
871,039488,瑞昱兆豐13購01,0,0,0,0,0,0,0,0,0,246000,0,0,0,355000,109000,246000,246000
872,2420,新巨,255000,10000,245000,0,0,0,0,0,0,1,0,0,0,1,0,1,245001
873,032927,台光電國票0B購01,0,0,0,0,0,0,0,0,0,245000,0,0,0,270000,25000,245000,245000
874,031632,長榮航統一0C購03,0,0,0,0,0,0,0,0,0,245000,0,0,0,545000,300000,245000,245000
875,033149,炎洲元大0B購01,0,0,0,0,0,0,0,0,0,245000,0,0,0,245000,0,245000,245000
876,033394,健策元大0B購02,0,0,0,0,0,0,0,0,0,245000,0,0,0,424000,179000,245000,245000
877,033420,大立光永豐0B購01,0,0,0,0,0,0,0,0,0,245000,0,0,0,245000,0,245000,245000
878,033920,台玻元大0B購05,0,0,0,0,0,0,0,0,0,245000,0,0,0,267000,22000,245000,245000
879,034413,大亞統一11購01,0,0,0,0,0,0,0,0,0,245000,0,0,0,245000,0,245000,245000
880,034282,中石化兆豐0C購02,0,0,0,0,0,0,0,0,0,244000,0,0,0,256000,12000,244000,244000
881,085978,臺股指凱基12購01,0,0,0,0,0,0,0,0,0,244000,0,0,0,503000,259000,244000,244000
882,032214,中鋼統一0C購08,0,0,0,0,0,0,0,0,0,243000,0,0,0,243000,0,243000,243000
883,030945,矽創群益0B購02,0,0,0,0,0,0,0,0,0,243000,0,0,0,243000,0,243000,243000
884,034671,華新科凱基0B購01,0,0,0,0,0,0,0,0,0,243000,0,0,0,373000,130000,243000,243000
885,036514,晶相光凱基11購02,0,0,0,0,0,0,0,0,0,243000,0,0,0,459000,216000,243000,243000
886,033712,光寶科國票0C購01,0,0,0,0,0,0,0,0,0,242000,0,0,0,465000,223000,242000,242000
887,033933,創意元大0C購01,0,0,0,0,0,0,0,0,0,242000,0,0,0,365000,123000,242000,242000
888,037667,宏達電國泰12購02,0,0,0,0,0,0,0,0,0,242000,0,0,0,412000,170000,242000,242000
889,039865,矽創國票12購01,0,0,0,0,0,0,0,0,0,242000,0,0,0,297000,55000,242000,242000
890,038168,京鼎元大11購02,0,0,0,0,0,0,0,0,0,242000,0,0,0,244000,2000,242000,242000
891,089851,華立元大09購02,0,0,0,0,0,0,0,0,0,242000,0,0,0,250000,8000,242000,242000
892,07642P,天鈺元富12售01,0,0,0,0,0,0,0,0,0,241000,0,0,0,242000,1000,241000,241000
893,032153,長榮航凱基0A購05,0,0,0,0,0,0,0,0,0,240000,0,0,0,360000,120000,240000,240000
894,078638,台達電凱基09購01,0,0,0,0,0,0,0,0,0,240000,0,0,0,240000,0,240000,240000
895,088364,廣宇元富0C購01,0,0,0,0,0,0,0,0,0,240000,0,0,0,240000,0,240000,240000
896,088648,聯詠富邦0B購03,0,0,0,0,0,0,0,0,0,240000,0,0,0,240000,0,240000,240000
897,033856,聯發科凱基11購03,0,0,0,0,0,0,0,0,0,240000,0,0,0,350000,110000,240000,240000
898,034522,大亞康和0C購01,0,0,0,0,0,0,0,0,0,240000,0,0,0,240000,0,240000,240000
899,040064,景碩元大11購08,0,0,0,0,0,0,0,0,0,240000,0,0,0,434000,194000,240000,240000
900,1460,宏遠,341000,101000,240000,0,0,0,0,0,0,0,0,0,0,0,0,0,240000
901,031592,中石化國票0B購01,0,0,0,0,0,0,0,0,0,239000,0,0,0,285000,46000,239000,239000
902,031306,台積電富邦11購02,0,0,0,0,0,0,0,0,0,239000,0,0,0,280000,41000,239000,239000
903,033710,允強國票0C購01,0,0,0,0,0,0,0,0,0,239000,0,0,0,780000,541000,239000,239000
904,031806,中鋼元大0A購04,0,0,0,0,0,0,0,0,0,238000,0,0,0,393000,155000,238000,238000
905,088748,矽創永豐09購03,0,0,0,0,0,0,0,0,0,238000,0,0,0,278000,40000,238000,238000
906,037324,京鼎富邦13購01,0,0,0,0,0,0,0,0,0,238000,0,0,0,288000,50000,238000,238000
907,040080,允強國票12購02,0,0,0,0,0,0,0,0,0,238000,0,0,0,240000,2000,238000,238000
908,040340,聯茂富邦13購01,0,0,0,0,0,0,0,0,0,238000,0,0,0,411000,173000,238000,238000
909,6209,今國光,563000,325000,238000,0,0,0,0,0,0,0,0,0,0,0,0,0,238000
910,088529,緯穎國泰0B購01,0,0,0,0,0,0,0,0,0,237000,0,0,0,237000,0,237000,237000
911,087552,聯詠元富0A購02,0,0,0,0,0,0,0,0,0,237000,0,0,0,247000,10000,237000,237000
912,087468,帆宣國票0A購01,0,0,0,0,0,0,0,0,0,237000,0,0,0,239000,2000,237000,237000
913,037197,致新群益0C購01,0,0,0,0,0,0,0,0,0,237000,0,0,0,237000,0,237000,237000
914,036332,大亞元富0C購01,0,0,0,0,0,0,0,0,0,237000,0,0,0,237000,0,237000,237000
915,035118,亞聚永豐0B購02,0,0,0,0,0,0,0,0,0,236000,0,0,0,238000,2000,236000,236000
916,039662,美時元富14購01,0,0,0,0,0,0,0,0,0,236000,0,0,0,286000,50000,236000,236000
917,038980,鉅祥國票11購01,0,0,0,0,0,0,0,0,0,236000,0,0,0,818000,582000,236000,236000
918,031568,中鋼凱基0B購02,0,0,0,0,0,0,0,0,0,235000,0,0,0,427000,192000,235000,235000
919,084717,聯發科元富0B購02,0,0,0,0,0,0,0,0,0,235000,0,0,0,409000,174000,235000,235000
920,088736,光磊永豐09購02,0,0,0,0,0,0,0,0,0,235000,0,0,0,245000,10000,235000,235000
921,037215,長榮航元富11購02,0,0,0,0,0,0,0,0,0,235000,0,0,0,235000,0,235000,235000
922,031463,潤泰全群益0B購01,0,0,0,0,0,0,0,0,0,234000,0,0,0,454000,220000,234000,234000
923,083230,臻鼎國泰09購01,0,0,0,0,0,0,0,0,0,234000,0,0,0,254000,20000,234000,234000
924,034091,裕民元大11購02,0,0,0,0,0,0,0,0,0,234000,0,0,0,334000,100000,234000,234000
925,037602,大成鋼元大11購03,0,0,0,0,0,0,0,0,0,234000,0,0,0,239000,5000,234000,234000
926,038993,億光富邦13購01,0,0,0,0,0,0,0,0,0,234000,0,0,0,345000,111000,234000,234000
927,038004,啟碁元大13購01,0,0,0,0,0,0,0,0,0,234000,0,0,0,383000,149000,234000,234000
928,038617,友訊元大12購01,0,0,0,0,0,0,0,0,0,234000,0,0,0,234000,0,234000,234000
929,040449,景碩富邦13購01,0,0,0,0,0,0,0,0,0,234000,0,0,0,249000,15000,234000,234000
930,035070,鴻海群益0C購07,0,0,0,0,0,0,0,0,0,233000,0,0,0,1037000,804000,233000,233000
931,031948,和桐元大0B購01,0,0,0,0,0,0,0,0,0,233000,0,0,0,233000,0,233000,233000
932,079681,創意元大09購01,0,0,0,0,0,0,0,0,0,233000,0,0,0,264000,31000,233000,233000
933,085899,台郡國票0A購01,0,0,0,0,0,0,0,0,0,233000,0,0,0,330000,97000,233000,233000
934,034513,台泥元富0B購01,0,0,0,0,0,0,0,0,0,233000,0,0,0,233000,0,233000,233000
935,035228,聯詠兆豐0C購04,0,0,0,0,0,0,0,0,0,233000,0,0,0,243000,10000,233000,233000
936,038261,榮運凱基14購01,0,0,0,0,0,0,0,0,0,233000,0,0,0,233000,0,233000,233000
937,039267,大成鋼凱基11購07,0,0,0,0,0,0,0,0,0,233000,0,0,0,234000,1000,233000,233000
938,039111,聯德國票11購01,0,0,0,0,0,0,0,0,0,233000,0,0,0,240000,7000,233000,233000
939,00674R,期元大S&P黃金反1,0,0,0,0,0,0,0,0,0,232000,0,0,0,284000,52000,232000,232000
940,085391,緯穎兆豐09購01,0,0,0,0,0,0,0,0,0,232000,0,0,0,240000,8000,232000,232000
941,084230,聯電統一09購09,0,0,0,0,0,0,0,0,0,232000,0,0,0,432000,200000,232000,232000
942,037522,威鋒電永豐0C購03,0,0,0,0,0,0,0,0,0,232000,0,0,0,518000,286000,232000,232000
943,089356,聯發科元大09購15,0,0,0,0,0,0,0,0,0,232000,0,0,0,253000,21000,232000,232000
944,037439,中纖元大11購02,0,0,0,0,0,0,0,0,0,231000,0,0,0,231000,0,231000,231000
945,038500,勝一永豐11購01,0,0,0,0,0,0,0,0,0,231000,0,0,0,452000,221000,231000,231000
946,030937,群創群益0B購07,0,0,0,0,0,0,0,0,0,230000,0,0,0,460000,230000,230000,230000
947,031413,永豐餘凱基0B購01,0,0,0,0,0,0,0,0,0,230000,0,0,0,230000,0,230000,230000
948,082144,愛普統一0C購01,0,0,0,0,0,0,0,0,0,230000,0,0,0,230000,0,230000,230000
949,038567,大榮凱基12購01,0,0,0,0,0,0,0,0,0,230000,0,0,0,243000,13000,230000,230000
950,039251,致新國泰13購01,0,0,0,0,0,0,0,0,0,230000,0,0,0,240000,10000,230000,230000
951,033289,欣興統一13購01,0,0,0,0,0,0,0,0,0,229000,0,0,0,629000,400000,229000,229000
952,087841,台表科凱基11購01,0,0,0,0,0,0,0,0,0,229000,0,0,0,286000,57000,229000,229000
953,033303,微星國泰11購01,0,0,0,0,0,0,0,0,0,229000,0,0,0,398000,169000,229000,229000
954,039879,健策國泰13購02,0,0,0,0,0,0,0,0,0,229000,0,0,0,269000,40000,229000,229000
955,089874,松翰國泰0C購01,0,0,0,0,0,0,0,0,0,229000,0,0,0,677000,448000,229000,229000
956,085376,聯詠群益09購01,0,0,0,0,0,0,0,0,0,228000,0,0,0,230000,2000,228000,228000
957,080627,旭富國票0A購01,0,0,0,0,0,0,0,0,0,228000,0,0,0,238000,10000,228000,228000
958,033260,嘉澤元大12購01,0,0,0,0,0,0,0,0,0,227000,0,0,0,234000,7000,227000,227000
959,031010,億光永豐0A購01,0,0,0,0,0,0,0,0,0,227000,0,0,0,460000,233000,227000,227000
960,033892,中鋼統一15購02,0,0,0,0,0,0,0,0,0,227000,0,0,0,237000,10000,227000,227000
961,087738,百和元富0B購01,0,0,0,0,0,0,0,0,0,226000,0,0,0,234000,8000,226000,226000
962,034966,奇力新元大0B購01,0,0,0,0,0,0,0,0,0,226000,0,0,0,290000,64000,226000,226000
963,032096,中鋼永豐0A購05,0,0,0,0,0,0,0,0,0,225000,0,0,0,225000,0,225000,225000
964,035741,國光生國票0C購01,0,0,0,0,0,0,0,0,0,225000,0,0,0,237000,12000,225000,225000
965,085861,聯詠統一0A購05,0,0,0,0,0,0,0,0,0,225000,0,0,0,225000,0,225000,225000
966,083835,緯穎凱基0A購01,0,0,0,0,0,0,0,0,0,225000,0,0,0,225000,0,225000,225000
967,035438,群創元大0B購14,0,0,0,0,0,0,0,0,0,225000,0,0,0,350000,125000,225000,225000
968,037313,宏碁凱基0C購01,0,0,0,0,0,0,0,0,0,225000,0,0,0,392000,167000,225000,225000
969,039589,景碩國票12購04,0,0,0,0,0,0,0,0,0,225000,0,0,0,250000,25000,225000,225000
970,037001,華城元富0C購01,0,0,0,0,0,0,0,0,0,224000,0,0,0,282000,58000,224000,224000
971,038665,景碩永豐11購01,0,0,0,0,0,0,0,0,0,224000,0,0,0,235000,11000,224000,224000
972,038430,和益元大11購01,0,0,0,0,0,0,0,0,0,224000,0,0,0,224000,0,224000,224000
973,031585,長榮航凱基12購01,10000,0,10000,0,0,0,0,0,0,213000,0,0,0,492000,279000,213000,223000
974,1734,杏輝,292000,69000,223000,0,0,0,0,0,0,0,0,0,0,0,0,0,223000
975,087816,南亞凱基09購01,0,0,0,0,0,0,0,0,0,222000,0,0,0,385000,163000,222000,222000
976,037209,緯穎凱基11購01,0,0,0,0,0,0,0,0,0,222000,0,0,0,223000,1000,222000,222000
977,038796,聯詠群益11購05,0,0,0,0,0,0,0,0,0,222000,0,0,0,437000,215000,222000,222000
978,030419,潤泰全元大0C購01,0,0,0,0,0,0,0,0,0,221000,0,0,0,418000,197000,221000,221000
979,034969,裕民元大0C購02,0,0,0,0,0,0,0,0,0,221000,0,0,0,277000,56000,221000,221000
980,033270,華邦電富邦0B購01,0,0,0,0,0,0,0,0,0,220000,0,0,0,260000,40000,220000,220000
981,031380,永豐餘統一0B購01,0,0,0,0,0,0,0,0,0,220000,0,0,0,222000,2000,220000,220000
982,088010,日月光兆豐0A購01,0,0,0,0,0,0,0,0,0,220000,0,0,0,220000,0,220000,220000
983,089213,可成群益0B購01,0,0,0,0,0,0,0,0,0,220000,0,0,0,220000,0,220000,220000
984,032020,致新統一0C購01,0,0,0,0,0,0,0,0,0,219000,0,0,0,219000,0,219000,219000
985,036629,順德凱基12購01,0,0,0,0,0,0,0,0,0,219000,0,0,0,447000,228000,219000,219000
986,037862,創意元富13購01,0,0,0,0,0,0,0,0,0,219000,0,0,0,323000,104000,219000,219000
987,039388,美亞群益12購01,0,0,0,0,0,0,0,0,0,219000,0,0,0,226000,7000,219000,219000
988,030940,智易群益0B購01,0,0,0,0,0,0,0,0,0,218000,0,0,0,218000,0,218000,218000
989,030950,奇力新富邦0C購01,0,0,0,0,0,0,0,0,0,218000,0,0,0,325000,107000,218000,218000
990,038341,燁輝元富11購01,0,0,0,0,0,0,0,0,0,218000,0,0,0,278000,60000,218000,218000
991,088962,聯詠國票0A購02,0,0,0,0,0,0,0,0,0,218000,0,0,0,268000,50000,218000,218000
992,037023,榮成元大0C購03,0,0,0,0,0,0,0,0,0,217000,0,0,0,259000,42000,217000,217000
993,040184,聯詠統一12購02,0,0,0,0,0,0,0,0,0,217000,0,0,0,231000,14000,217000,217000
994,07039P,南電群益0B售04,0,0,0,0,0,0,0,0,0,217000,0,0,0,250000,33000,217000,217000
995,075065,美利達元富0B購01,0,0,0,0,0,0,0,0,0,216000,0,0,0,505000,289000,216000,216000
996,034174,台郡永豐0B購01,0,0,0,0,0,0,0,0,0,216000,0,0,0,707000,491000,216000,216000
997,034213,台玻元富0C購01,0,0,0,0,0,0,0,0,0,216000,0,0,0,377000,161000,216000,216000
998,034806,愛普凱基0B購02,0,0,0,0,0,0,0,0,0,216000,0,0,0,402000,186000,216000,216000
999,039979,晶心科元大12購01,0,0,0,0,0,0,0,0,0,216000,0,0,0,248000,32000,216000,216000
1000,038182,允強永豐11購02,0,0,0,0,0,0,0,0,0,216000,0,0,0,243000,27000,216000,216000
1001,039406,美時永豐11購02,0,0,0,0,0,0,0,0,0,216000,0,0,0,318000,102000,216000,216000
1002,07549P,欣興群益13售02,0,0,0,0,0,0,0,0,0,215000,0,0,0,344000,129000,215000,215000
1003,087334,國喬凱基0B購01,0,0,0,0,0,0,0,0,0,215000,0,0,0,304000,89000,215000,215000
1004,085085,明基材永豐08購02,0,4000,-4000,0,0,0,0,0,0,219000,0,0,0,219000,0,219000,215000
1005,088175,惠特元大09購01,0,0,0,0,0,0,0,0,0,215000,0,0,0,215000,0,215000,215000
1006,035051,聯發科富邦11購01,0,0,0,0,0,0,0,0,0,215000,0,0,0,215000,0,215000,215000
1007,036094,創意元大11購01,0,0,0,0,0,0,0,0,0,215000,0,0,0,241000,26000,215000,215000
1008,037372,緯穎群益0C購03,0,0,0,0,0,0,0,0,0,215000,0,0,0,225000,10000,215000,215000
1009,039063,臺指反元大14購02,0,0,0,0,0,0,0,0,0,215000,0,0,0,215000,0,215000,215000
1010,038226,寶成國泰13購01,0,0,0,0,0,0,0,0,0,215000,0,0,0,350000,135000,215000,215000
1011,07568P,祥碩元富11售02,0,0,0,0,0,0,0,0,0,214000,0,0,0,233000,19000,214000,214000
1012,3034,聯詠,3736700,4299074,-562374,0,0,0,3000,148000,-145000,920658,710994,94000,616994,380716,77052,303664,213284
1013,082870,臺股指中信0B購09,0,0,0,0,0,0,0,0,0,213000,0,0,0,945000,732000,213000,213000
1014,038920,光罩元富14購02,0,0,0,0,0,0,0,0,0,213000,0,0,0,400000,187000,213000,213000
1015,038922,景碩元富14購04,0,0,0,0,0,0,0,0,0,213000,0,0,0,233000,20000,213000,213000
1016,06510P,鴻海國票0A售04,0,0,0,0,0,0,0,0,0,213000,0,0,0,213000,0,213000,213000
1017,031448,華紙元富0A購01,0,0,0,0,0,0,0,0,0,212000,0,0,0,275000,63000,212000,212000
1018,088680,寶成元大09購01,0,0,0,0,0,0,0,0,0,212000,0,0,0,213000,1000,212000,212000
1019,036884,統一元大12購01,0,0,0,0,0,0,0,0,0,212000,0,0,0,323000,111000,212000,212000
1020,039247,聯電國泰13購02,0,0,0,0,0,0,0,0,0,212000,0,0,0,343000,131000,212000,212000
1021,038276,燁輝麥證11購01,0,0,0,235000,24000,211000,0,0,0,211000,0,0,0,235000,24000,211000,211000
1022,038622,康普元大13購01,0,0,0,0,0,0,0,0,0,211000,0,0,0,278000,67000,211000,211000
1023,038559,燁輝凱基11購02,0,0,0,0,0,0,0,0,0,211000,0,0,0,313000,102000,211000,211000
1024,039775,台塑凱基12購01,0,0,0,0,0,0,0,0,0,211000,0,0,0,211000,0,211000,211000
1025,031943,亞聚元大0B購01,0,0,0,0,0,0,0,0,0,210000,0,0,0,220000,10000,210000,210000
1026,033136,開發金元大0B購02,0,0,0,0,0,0,0,0,0,210000,0,0,0,210000,0,210000,210000
1027,088509,禾伸堂元大0A購01,0,0,0,0,0,0,0,0,0,210000,0,0,0,210000,0,210000,210000
1028,082645,愛普中信08購01,0,0,0,0,0,0,0,0,0,210000,0,0,0,210000,0,210000,210000
1029,082328,大立光統一09購05,0,0,0,0,0,0,0,0,0,210000,0,0,0,210000,0,210000,210000
1030,085026,聯電統一0A購04,0,0,0,0,0,0,0,0,0,210000,0,0,0,220000,10000,210000,210000
1031,034611,群創統一0B購13,0,0,0,0,0,0,0,0,0,210000,0,0,0,350000,140000,210000,210000
1032,033123,大成鋼元大0A購12,0,0,0,0,0,0,0,0,0,209000,0,0,0,351000,142000,209000,209000
1033,036340,大銀元富0C購01,0,0,0,0,0,0,0,0,0,209000,0,0,0,209000,0,209000,209000
1034,032495,惠特兆豐0A購02,0,0,0,0,0,0,0,0,0,208000,0,0,0,268000,60000,208000,208000
1035,087000,祥碩國票0A購02,0,0,0,0,0,0,0,0,0,208000,0,0,0,358000,150000,208000,208000
1036,039514,松翰群益11購01,0,0,0,0,0,0,0,0,0,208000,0,0,0,208000,0,208000,208000
1037,039909,晶心科永豐11購01,0,0,0,0,0,0,0,0,0,208000,0,0,0,319000,111000,208000,208000
1038,06383P,台積電統一09售23,0,0,0,0,0,0,0,0,0,208000,0,0,0,209000,1000,208000,208000
1039,039434,裕民元大11購05,0,0,0,0,0,0,0,0,0,208000,0,0,0,246000,38000,208000,208000
1040,032594,宏達電元大11購02,0,0,0,0,0,0,0,0,0,207000,0,0,0,388000,181000,207000,207000
1041,035094,裕民凱基11購01,0,0,0,0,0,0,0,0,0,207000,0,0,0,250000,43000,207000,207000
1042,085780,聯電元大0C購03,0,0,0,0,0,0,0,0,0,207000,0,0,0,212000,5000,207000,207000
1043,085649,旺宏統一0B購01,0,0,0,0,0,0,0,0,0,207000,0,0,0,207000,0,207000,207000
1044,083478,同欣電統一09購03,0,0,0,0,0,0,0,0,0,207000,0,0,0,207000,0,207000,207000
1045,035785,裕民國泰13購01,0,0,0,0,0,0,0,0,0,207000,0,0,0,298000,91000,207000,207000
1046,033434,偉詮電元大0C購01,0,0,0,0,0,0,0,0,0,207000,0,0,0,329000,122000,207000,207000
1047,035256,允強凱基11購01,0,0,0,0,0,0,0,0,0,207000,0,0,0,209000,2000,207000,207000
1048,038955,鉅祥元大11購01,0,0,0,0,0,0,0,0,0,207000,0,0,0,329000,122000,207000,207000
1049,040262,裕民元富14購01,0,0,0,0,0,0,0,0,0,207000,0,0,0,251000,44000,207000,207000
1050,035976,惠特元大0C購01,0,0,0,0,0,0,0,0,0,206000,0,0,0,216000,10000,206000,206000
1051,031083,臺股指元大11購07,0,0,0,0,0,0,0,0,0,206000,0,0,0,511000,305000,206000,206000
1052,085191,T50正2群益09購03,0,0,0,0,0,0,0,0,0,206000,0,0,0,211000,5000,206000,206000
1053,034637,創意元大0B購01,0,0,0,0,0,0,0,0,0,206000,0,0,0,217000,11000,206000,206000
1054,040434,台郡凱基13購03,0,0,0,0,0,0,0,0,0,206000,0,0,0,216000,10000,206000,206000
1055,030170,揚明光國泰0C購01,0,0,0,0,0,0,0,0,0,205000,0,0,0,217000,12000,205000,205000
1056,082710,華晶科凱基08購01,0,0,0,0,0,0,0,0,0,205000,0,0,0,205000,0,205000,205000
1057,088075,聯發科統一0B購04,0,0,0,0,0,0,0,0,0,205000,0,0,0,207000,2000,205000,205000
1058,034796,愛普中信11購01,0,0,0,0,0,0,0,0,0,205000,0,0,0,450000,245000,205000,205000
1059,034799,永豐餘凱基0B購02,0,0,0,0,0,0,0,0,0,205000,0,0,0,205000,0,205000,205000
1060,034189,新光鋼元大11購01,0,0,0,0,0,0,0,0,0,205000,0,0,0,237000,32000,205000,205000
1061,037710,景碩永豐0C購03,0,0,0,0,0,0,0,0,0,205000,0,0,0,284000,79000,205000,205000
1062,038091,正文永豐11購01,0,0,0,0,0,0,0,0,0,205000,0,0,0,205000,0,205000,205000
1063,034283,永豐餘兆豐0C購01,0,0,0,0,0,0,0,0,0,204000,0,0,0,204000,0,204000,204000
1064,083821,聯電凱基0C購01,0,0,0,0,0,0,0,0,0,204000,0,0,0,229000,25000,204000,204000
1065,037392,聯電凱基0C購09,0,0,0,0,0,0,0,0,0,204000,0,0,0,288000,84000,204000,204000
1066,037432,瑞昱富邦13購01,0,0,0,0,0,0,0,0,0,204000,0,0,0,369000,165000,204000,204000
1067,039769,文曄永豐11購02,0,0,0,0,0,0,0,0,0,204000,0,0,0,214000,10000,204000,204000
1068,031504,華邦電元大12購02,0,0,0,0,0,0,0,0,0,203000,0,0,0,227000,24000,203000,203000
1069,034138,遠東新凱基0C購01,0,0,0,0,0,0,0,0,0,203000,0,0,0,203000,0,203000,203000
1070,034601,友達統一0B購09,0,0,0,0,0,0,0,0,0,203000,0,0,0,253000,50000,203000,203000
1071,039469,台勝科國票12購01,0,0,0,0,0,0,0,0,0,203000,0,0,0,203000,0,203000,203000
1072,040159,友達元大14購02,0,0,0,0,0,0,0,0,0,203000,0,0,0,960000,757000,203000,203000
1073,035748,滬深2X元富15購02,0,0,0,0,0,0,0,0,0,202000,0,0,0,270000,68000,202000,202000
1074,040032,文曄凱基11購01,0,0,0,0,0,0,0,0,0,202000,0,0,0,366000,164000,202000,202000
1075,089595,聯電群益0B購03,0,0,0,0,0,0,0,0,0,202000,0,0,0,218000,16000,202000,202000
1076,087892,聯詠元大09購04,0,0,0,0,0,0,0,0,0,201000,0,0,0,211000,10000,201000,201000
1077,036624,正隆凱基12購02,0,0,0,0,0,0,0,0,0,201000,0,0,0,201000,0,201000,201000
1078,037014,宏達電康和0C購01,0,0,0,0,0,0,0,0,0,201000,0,0,0,546000,345000,201000,201000
1079,037524,同欣電富邦13購01,0,0,0,0,0,0,0,0,0,201000,0,0,0,271000,70000,201000,201000
1080,038007,億光兆豐0C購02,0,0,0,0,0,0,0,0,0,201000,0,0,0,241000,40000,201000,201000
1081,089862,巨大元大0B購01,0,0,0,0,0,0,0,0,0,201000,0,0,0,238000,37000,201000,201000
1082,035613,T50反1國票12購02,0,0,0,0,0,0,0,0,0,200000,0,0,0,200000,0,200000,200000
1083,031900,中纖永豐0A購01,0,0,0,0,0,0,0,0,0,200000,0,0,0,200000,0,200000,200000
1084,032456,鈺齊元大0B購01,0,0,0,0,0,0,0,0,0,200000,0,0,0,200000,0,200000,200000
1085,032908,台塑國票0B購01,0,0,0,0,0,0,0,0,0,200000,0,0,0,200000,0,200000,200000
1086,030523,茂順群益0A購01,0,0,0,0,0,0,0,0,0,200000,0,0,0,200000,0,200000,200000
1087,030524,臺股指群益0A購01,0,0,0,0,0,0,0,0,0,200000,0,0,0,200000,0,200000,200000
1088,030489,松翰永豐0A購02,0,0,0,0,0,0,0,0,0,200000,0,0,0,200000,0,200000,200000
1089,088032,台灣50元大0C購01,0,0,0,0,0,0,0,0,0,200000,0,0,0,200000,0,200000,200000
1090,088313,鄉林凱基09購01,0,0,0,0,0,0,0,0,0,200000,0,0,0,200000,0,200000,200000
1091,088427,鴻海日盛0C購02,0,0,0,0,0,0,0,0,0,200000,0,0,0,200000,0,200000,200000
1092,037071,致茂中信0C購01,0,0,0,0,0,0,0,0,0,200000,0,0,0,200000,0,200000,200000
1093,034024,大成鋼中信0B購01,0,0,0,0,0,0,0,0,0,200000,0,0,0,318000,118000,200000,200000
1094,033576,力鵬凱基13購01,0,0,0,0,0,0,0,0,0,200000,0,0,0,299000,99000,200000,200000
1095,038120,榮運凱基13購03,0,0,0,0,0,0,0,0,0,200000,0,0,0,200000,0,200000,200000
1096,038602,台積電群益13購01,0,0,0,0,0,0,0,0,0,200000,0,0,0,200000,0,200000,200000
1097,040216,致新國票12購03,0,0,0,0,0,0,0,0,0,200000,0,0,0,200000,0,200000,200000
1098,039595,致新國票12購02,0,0,0,0,0,0,0,0,0,200000,0,0,0,200000,0,200000,200000
1099,039696,景碩群益12購04,0,0,0,0,0,0,0,0,0,200000,0,0,0,313000,113000,200000,200000
1100,06472P,聯電台新09售01,0,0,0,0,0,0,0,0,0,200000,0,0,0,200000,0,200000,200000
1101,07061P,臺股指國票0B售15,0,0,0,0,0,0,0,0,0,200000,0,0,0,202000,2000,200000,200000
1102,07163P,臺股指凱基0C售28,0,0,0,0,0,0,0,0,0,200000,0,0,0,200000,0,200000,200000
1103,06804P,聯發科凱基0A售08,0,0,0,0,0,0,0,0,0,200000,0,0,0,250000,50000,200000,200000
1104,086498,南電元富09購06,0,0,0,0,0,0,0,0,0,199000,0,0,0,199000,0,199000,199000
1105,074078,精元元富08購04,0,0,0,0,0,0,0,0,0,199000,0,0,0,199000,0,199000,199000
1106,089625,聯電凱基13購01,0,0,0,0,0,0,0,0,0,199000,0,0,0,595000,396000,199000,199000
1107,3712,永崴投控,400000,201000,199000,0,0,0,0,0,0,0,0,0,0,0,0,0,199000
1108,031513,志聖元大0A購01,0,0,0,0,0,0,0,0,0,198000,0,0,0,203000,5000,198000,198000
1109,07192P,上銀元富0B售04,0,0,0,0,0,0,0,0,0,198000,0,0,0,268000,70000,198000,198000
1110,038455,力鵬元富12購02,0,0,0,0,0,0,0,0,0,198000,0,0,0,198000,0,198000,198000
1111,3673,TPK-KY,1069000,876000,193000,0,0,0,0,0,0,4239,0,0,0,20000,15761,4239,197239
1112,032333,台積電群益12購04,0,0,0,0,0,0,0,0,0,197000,0,0,0,197000,0,197000,197000
1113,030509,鼎元群益0B購01,0,0,0,0,0,0,0,0,0,197000,0,0,0,197000,0,197000,197000
1114,088228,矽格元富11購01,0,0,0,0,0,0,0,0,0,197000,0,0,0,227000,30000,197000,197000
1115,038100,興勤中信11購01,0,0,0,0,0,0,0,0,0,197000,0,0,0,232000,35000,197000,197000
1116,039180,春源元大11購03,0,0,0,0,0,0,0,0,0,197000,0,0,0,200000,3000,197000,197000
1117,05705P,國巨國泰09售01,0,0,0,0,0,0,0,0,0,197000,0,0,0,201000,4000,197000,197000
1118,034416,允強統一0C購02,0,0,0,0,0,0,0,0,0,196000,0,0,0,520000,324000,196000,196000
1119,030344,威盛群益0A購01,0,0,0,0,0,0,0,0,0,195000,0,0,0,275000,80000,195000,195000
1120,032405,亞泥元大0B購01,0,0,0,0,0,0,0,0,0,195000,0,0,0,769000,574000,195000,195000
1121,07375P,金像電元富0C售02,0,0,0,0,0,0,0,0,0,195000,0,0,0,228000,33000,195000,195000
1122,087562,聯發科國票11購02,0,0,0,0,0,0,0,0,0,195000,0,0,0,388000,193000,195000,195000
1123,036795,GIS統一12購02,0,0,0,0,0,0,0,0,0,195000,0,0,0,195000,0,195000,195000
1124,039678,聯詠康和11購01,0,0,0,0,0,0,0,0,0,195000,0,0,0,489000,294000,195000,195000
1125,039168,愛普凱基11購04,0,0,0,0,0,0,0,0,0,195000,0,0,0,548000,353000,195000,195000
1126,038372,允強元大12購02,0,0,0,0,0,0,0,0,0,195000,0,0,0,201000,6000,195000,195000
1127,5531,鄉林,342000,147000,195000,0,0,0,0,0,0,0,0,0,0,0,0,0,195000
1128,00885,富邦越南,786000,504000,282000,0,0,0,0,0,0,-87710,0,0,0,1481136,1568846,-87710,194290
1129,032909,台塑國票0B購02,0,0,0,0,0,0,0,0,0,194000,0,0,0,204000,10000,194000,194000
1130,032114,鴻海第一14購01,0,0,0,0,0,0,0,0,0,194000,0,0,0,1615000,1421000,194000,194000
1131,031883,宏達電凱基14購02,0,0,0,0,0,0,0,0,0,194000,0,0,0,523000,329000,194000,194000
1132,087515,聯電凱基11購01,0,0,0,0,0,0,0,0,0,194000,0,0,0,194000,0,194000,194000
1133,080547,嘉澤統一08購01,0,0,0,0,0,0,0,0,0,194000,0,0,0,194000,0,194000,194000
1134,034488,裕民元大11購03,0,0,0,0,0,0,0,0,0,194000,0,0,0,667000,473000,194000,194000
1135,035241,上銀群益0B購01,0,0,0,0,0,0,0,0,0,194000,0,0,0,344000,150000,194000,194000
1136,032524,矽創永豐0A購02,4000,0,4000,0,0,0,0,0,0,189000,0,0,0,590000,401000,189000,193000
1137,034712,台泥康和0B購01,0,0,0,0,0,0,0,0,0,193000,0,0,0,406000,213000,193000,193000
1138,032165,大立光元富14購01,0,0,0,0,0,0,0,0,0,192000,0,0,0,216000,24000,192000,192000
1139,030042,台積電元大0A購05,0,0,0,0,0,0,0,0,0,192000,0,0,0,245000,53000,192000,192000
1140,07335P,臺股指元大0C售38,0,0,0,0,0,0,0,0,0,192000,0,0,0,270000,78000,192000,192000
1141,032211,大亞統一0C購03,0,0,0,0,0,0,0,0,0,191000,0,0,0,191000,0,191000,191000
1142,032648,台泥元富0A購01,0,0,0,0,0,0,0,0,0,191000,0,0,0,252000,61000,191000,191000
1143,035753,瑞昱元富12購01,0,0,0,0,0,0,0,0,0,191000,0,0,0,191000,0,191000,191000
1144,037196,緯穎群益0C購02,0,0,0,0,0,0,0,0,0,191000,0,0,0,329000,138000,191000,191000
1145,081522,創意富邦08購01,0,0,0,0,0,0,0,0,0,190000,0,0,0,190000,0,190000,190000
1146,087947,鴻海元富0C購06,0,0,0,0,0,0,0,0,0,190000,0,0,0,200000,10000,190000,190000
1147,085710,致伸富邦0A購01,0,0,0,0,0,0,0,0,0,190000,0,0,0,190000,0,190000,190000
1148,036038,長榮航統一0C購07,0,0,0,0,0,0,0,0,0,190000,0,0,0,230000,40000,190000,190000
1149,037888,長榮航國泰13購01,0,0,0,0,0,0,0,0,0,190000,0,0,0,190000,0,190000,190000
1150,038139,鴻海群益12購01,0,0,0,0,0,0,0,0,0,190000,0,0,0,209000,19000,190000,190000
1151,087111,聯發科元大09購06,0,0,0,0,0,0,0,0,0,189000,0,0,0,189000,0,189000,189000
1152,083205,台積電統一09購08,0,0,0,0,0,0,0,0,0,189000,0,0,0,199000,10000,189000,189000
1153,036614,國喬元富11購01,0,0,0,0,0,0,0,0,0,189000,0,0,0,189000,0,189000,189000
1154,038661,順德永豐11購01,0,0,0,0,0,0,0,0,0,189000,0,0,0,304000,115000,189000,189000
1155,039376,裕民國泰13購02,0,0,0,0,0,0,0,0,0,189000,0,0,0,251000,62000,189000,189000
1156,031623,聯電統一0C購03,0,0,0,0,0,0,0,0,0,188000,0,0,0,1002000,814000,188000,188000
1157,030421,聯詠元大0A購04,0,0,0,0,0,0,0,0,0,188000,0,0,0,284000,96000,188000,188000
1158,081105,國巨群益08購02,0,0,0,0,0,0,0,0,0,188000,0,0,0,188000,0,188000,188000
1159,036354,聯電國票13購01,0,0,0,0,0,0,0,0,0,188000,0,0,0,527000,339000,188000,188000
1160,037867,明基材元富0C購01,0,0,0,0,0,0,0,0,0,188000,0,0,0,188000,0,188000,188000
1161,039169,致新凱基11購01,0,0,0,0,0,0,0,0,0,188000,0,0,0,248000,60000,188000,188000
1162,040272,台船元大11購03,0,0,0,0,0,0,0,0,0,188000,0,0,0,188000,0,188000,188000
1163,040308,友訊凱基13購01,0,0,0,0,0,0,0,0,0,187000,0,0,0,237000,50000,187000,187000
1164,038329,台船凱基11購01,0,0,0,0,0,0,0,0,0,187000,0,0,0,187000,0,187000,187000
1165,07597P,臺股指群益11售20,0,0,0,0,0,0,0,0,0,186000,0,0,0,200000,14000,186000,186000
1166,038595,春雨群益14購01,0,0,0,0,0,0,0,0,0,186000,0,0,0,277000,91000,186000,186000
1167,038536,盛餘富邦13購01,0,0,0,0,0,0,0,0,0,186000,0,0,0,194000,8000,186000,186000
1168,1732,毛寶,240000,54000,186000,0,0,0,0,0,0,0,0,0,0,0,0,0,186000
1169,031064,聯陽元大0A購01,0,0,0,0,0,0,0,0,0,185000,0,0,0,460000,275000,185000,185000
1170,033503,欣興統一0C購01,0,0,0,0,0,0,0,0,0,185000,0,0,0,193000,8000,185000,185000
1171,085114,光磊元大08購01,0,0,0,0,0,0,0,0,0,185000,0,0,0,185000,0,185000,185000
1172,088255,同欣電富邦0B購01,0,0,0,0,0,0,0,0,0,185000,0,0,0,200000,15000,185000,185000
1173,036697,南電中信11購02,0,0,0,0,0,0,0,0,0,185000,0,0,0,200000,15000,185000,185000
1174,035263,愛普凱基11購02,0,0,0,0,0,0,0,0,0,185000,0,0,0,559000,374000,185000,185000
1175,039937,嘉晶凱基13購01,0,0,0,0,0,0,0,0,0,185000,0,0,0,185000,0,185000,185000
1176,089326,聯詠富邦0B購04,0,0,0,0,0,0,0,0,0,185000,0,0,0,240000,55000,185000,185000
1177,079214,聯電凱基0A購02,0,0,0,0,0,0,0,0,0,184000,0,0,0,184000,0,184000,184000
1178,039934,億光凱基12購02,0,0,0,0,0,0,0,0,0,184000,0,0,0,191000,7000,184000,184000
1179,035666,華邦電統一0B購07,0,0,0,0,0,0,0,0,0,183000,0,0,0,409000,226000,183000,183000
1180,088186,聯電群益0B購02,0,0,0,0,0,0,0,0,0,183000,0,0,0,770000,587000,183000,183000
1181,088126,華泰凱基09購01,0,0,0,0,0,0,0,0,0,183000,0,0,0,223000,40000,183000,183000
1182,035059,宏達電國泰11購01,0,0,0,0,0,0,0,0,0,183000,0,0,0,252000,69000,183000,183000
1183,036198,晶技統一0C購02,0,0,0,0,0,0,0,0,0,183000,0,0,0,428000,245000,183000,183000
1184,036626,榮成凱基12購01,0,0,0,0,0,0,0,0,0,183000,0,0,0,183000,0,183000,183000
1185,037714,正隆凱基0C購02,0,0,0,0,0,0,0,0,0,183000,0,0,0,184000,1000,183000,183000
1186,040016,嘉晶兆豐11購01,0,0,0,0,0,0,0,0,0,183000,0,0,0,303000,120000,183000,183000
1187,039647,榮成凱基14購01,0,0,0,0,0,0,0,0,0,183000,0,0,0,183000,0,183000,183000
1188,088765,鴻海兆豐11購04,0,0,0,0,0,0,0,0,0,182000,0,0,0,182000,0,182000,182000
1189,036502,台玻凱基12購01,0,0,0,0,0,0,0,0,0,182000,0,0,0,224000,42000,182000,182000
1190,039639,景碩永豐11購03,0,0,0,0,0,0,0,0,0,182000,0,0,0,220000,38000,182000,182000
1191,040232,聯茂兆豐13購01,0,0,0,0,0,0,0,0,0,182000,0,0,0,404000,222000,182000,182000
1192,038159,華通元大13購01,0,0,0,0,0,0,0,0,0,182000,0,0,0,187000,5000,182000,182000
1193,032226,大立光統一0C購03,0,0,0,0,0,0,0,0,0,181000,0,0,0,181000,0,181000,181000
1194,038728,強茂元大11購05,0,0,0,0,0,0,0,0,0,181000,0,0,0,207000,26000,181000,181000
1195,3563,牧德,168017,29000,139017,0,0,0,0,0,0,41000,5000,0,5000,36000,0,36000,180017
1196,032130,春源凱基12購01,0,0,0,0,0,0,0,0,0,180000,0,0,0,587000,407000,180000,180000
1197,032089,中石化永豐0A購03,0,0,0,0,0,0,0,0,0,180000,0,0,0,180000,0,180000,180000
1198,032884,台郡凱基0A購02,0,0,0,0,0,0,0,0,0,180000,0,0,0,180000,0,180000,180000
1199,032563,裕民群益0A購02,0,0,0,0,0,0,0,0,0,180000,0,0,0,190000,10000,180000,180000
1200,030971,致茂元大0A購02,0,0,0,0,0,0,0,0,0,180000,0,0,0,180000,0,180000,180000
1201,035658,友達國泰12購02,0,0,0,0,0,0,0,0,0,180000,0,0,0,325000,145000,180000,180000
1202,082937,美利達統一09購01,0,0,0,0,0,0,0,0,0,180000,0,0,0,216000,36000,180000,180000
1203,087878,鴻海元大11購03,0,0,0,0,0,0,0,0,0,180000,0,0,0,185000,5000,180000,180000
1204,037295,緯穎元大0C購03,0,0,0,0,0,0,0,0,0,180000,0,0,0,181000,1000,180000,180000
1205,033664,晶技統一15購01,0,0,0,0,0,0,0,0,0,180000,0,0,0,347000,167000,180000,180000
1206,038368,燁輝元大11購05,0,0,0,0,0,0,0,0,0,180000,0,0,0,208000,28000,180000,180000
1207,039752,台積電群益13購04,0,0,0,0,0,0,0,0,0,180000,0,0,0,180000,0,180000,180000
1208,07027P,臺股指凱基0B售09,0,0,0,0,0,0,0,0,0,180000,0,0,0,320000,140000,180000,180000
1209,081384,聯發科麥證0C購01,0,0,0,304000,125000,179000,0,0,0,179000,0,0,0,304000,125000,179000,179000
1210,088063,瀚宇博元大09購01,0,0,0,0,0,0,0,0,0,179000,0,0,0,179000,0,179000,179000
1211,033322,瑞昱凱基0C購01,0,0,0,0,0,0,0,0,0,179000,0,0,0,223000,44000,179000,179000
1212,038064,惠特群益13購01,0,0,0,0,0,0,0,0,0,179000,0,0,0,771000,592000,179000,179000
1213,034909,聯發科元大0B購10,0,0,0,0,0,0,0,0,0,178000,0,0,0,193000,15000,178000,178000
1214,037435,寶成富邦0C購01,0,0,0,0,0,0,0,0,0,178000,0,0,0,178000,0,178000,178000
1215,036565,健策元大0C購02,0,0,0,0,0,0,0,0,0,178000,0,0,0,236000,58000,178000,178000
1216,040366,興富發永豐12購01,0,0,0,0,0,0,0,0,0,178000,0,0,0,198000,20000,178000,178000
1217,040534,景碩凱基13購02,0,0,0,0,0,0,0,0,0,178000,0,0,0,238000,60000,178000,178000
1218,2402,毅嘉,557000,379000,178000,0,0,0,0,0,0,0,0,0,0,0,0,0,178000
1219,088254,群創富邦09購02,0,0,0,0,0,0,0,0,0,177000,0,0,0,177000,0,177000,177000
1220,086151,華邦電元大09購01,0,0,0,0,0,0,0,0,0,177000,0,0,0,187000,10000,177000,177000
1221,034090,美律元大0B購03,0,0,0,0,0,0,0,0,0,177000,0,0,0,237000,60000,177000,177000
1222,036930,中興電富邦11購01,0,0,0,0,0,0,0,0,0,177000,0,0,0,180000,3000,177000,177000
1223,034232,國泰金麥證0C購01,0,0,0,177000,2000,175000,0,0,0,177000,0,0,0,179000,2000,177000,177000
1224,035317,超豐元大0B購01,0,0,0,0,0,0,0,0,0,177000,0,0,0,211000,34000,177000,177000
1225,034523,燁輝康和11購01,0,0,0,0,0,0,0,0,0,177000,0,0,0,363000,186000,177000,177000
1226,037771,大成鋼凱基14購04,0,0,0,0,0,0,0,0,0,177000,0,0,0,202000,25000,177000,177000
1227,1714,和桐,626000,449000,177000,0,0,0,0,0,0,0,0,0,0,0,0,0,177000
1228,2889,國票金,796000,619000,177000,0,0,0,0,0,0,0,0,0,0,0,0,0,177000
1229,2633,台灣高鐵,2060204,1862432,197772,0,0,0,1000,0,1000,-22509,1000,1509,-509,0,22000,-22000,176263
1230,031071,群創元大12購03,0,0,0,0,0,0,0,0,0,176000,0,0,0,186000,10000,176000,176000
1231,034276,聯電富邦13購03,0,0,0,0,0,0,0,0,0,176000,0,0,0,331000,155000,176000,176000
1232,088163,旺宏元大09購09,0,0,0,0,0,0,0,0,0,176000,0,0,0,300000,124000,176000,176000
1233,037549,大成鋼元富16購01,0,0,0,0,0,0,0,0,0,176000,0,0,0,176000,0,176000,176000
1234,040313,飛宏凱基11購01,0,0,0,0,0,0,0,0,0,176000,0,0,0,178000,2000,176000,176000
1235,038431,勝一元大12購01,0,0,0,0,0,0,0,0,0,176000,0,0,0,339000,163000,176000,176000
1236,032891,光罩統一0C購02,0,0,0,0,0,0,0,0,0,175000,0,0,0,185000,10000,175000,175000
1237,032343,群創群益0C購04,0,0,0,0,0,0,0,0,0,175000,0,0,0,400000,225000,175000,175000
1238,035948,寶成凱基0C購01,0,0,0,0,0,0,0,0,0,175000,0,0,0,175000,0,175000,175000
1239,035052,國泰金富邦11購01,0,0,0,0,0,0,0,0,0,175000,0,0,0,175000,0,175000,175000
1240,034948,大成鋼凱基15購01,0,0,0,0,0,0,0,0,0,175000,0,0,0,217000,42000,175000,175000
1241,036999,致新統一0C購02,0,0,0,0,0,0,0,0,0,175000,0,0,0,408000,233000,175000,175000
1242,038716,欣興富邦13購01,0,0,0,0,0,0,0,0,0,175000,0,0,0,681000,506000,175000,175000
1243,039734,聯發科國泰15購01,0,0,0,0,0,0,0,0,0,175000,0,0,0,178000,3000,175000,175000
1244,06775P,臺股指群益0A售06,0,0,0,0,0,0,0,0,0,175000,0,0,0,181000,6000,175000,175000
1245,2102,泰豐,660000,449000,211000,0,0,0,0,0,0,-36871,130,1,129,27000,64000,-37000,174129
1246,034280,裕民富邦0C購01,0,0,0,0,0,0,0,0,0,174000,0,0,0,224000,50000,174000,174000
1247,085460,創意元富0B購01,0,0,0,0,0,0,0,0,0,174000,0,0,0,224000,50000,174000,174000
1248,036639,台玻統一11購07,0,0,0,0,0,0,0,0,0,174000,0,0,0,206000,32000,174000,174000
1249,033674,台玻元大0B購04,0,0,0,0,0,0,0,0,0,174000,0,0,0,209000,35000,174000,174000
1250,3036A,文曄甲特,16000,0,16000,0,0,0,0,0,0,158000,158000,0,158000,0,0,0,174000
1251,035933,大成鋼凱基11購03,0,0,0,0,0,0,0,0,0,173000,0,0,0,742000,569000,173000,173000
1252,035862,中石化元富13購01,0,0,0,0,0,0,0,0,0,173000,0,0,0,225000,52000,173000,173000
1253,034919,友達麥證0B購05,0,0,0,225000,52000,173000,0,0,0,173000,0,0,0,225000,52000,173000,173000
1254,036022,大成鋼統一12購03,0,0,0,0,0,0,0,0,0,173000,0,0,0,200000,27000,173000,173000
1255,035201,聯詠元富0C購02,0,0,0,0,0,0,0,0,0,173000,0,0,0,341000,168000,173000,173000
1256,037391,第一銅凱基11購01,0,0,0,0,0,0,0,0,0,173000,0,0,0,299000,126000,173000,173000
1257,088843,聯電兆豐0A購03,0,0,0,0,0,0,0,0,0,173000,0,0,0,184000,11000,173000,173000
1258,035146,裕民統一0B購04,0,0,0,0,0,0,0,0,0,172000,0,0,0,172000,0,172000,172000
1259,032809,大成鋼國票0B購03,0,0,0,0,0,0,0,0,0,172000,0,0,0,200000,28000,172000,172000
1260,086577,南電元大09購02,0,0,0,0,0,0,0,0,0,172000,0,0,0,175000,3000,172000,172000
1261,040229,聯陽兆豐11購01,0,0,0,0,0,0,0,0,0,172000,0,0,0,474000,302000,172000,172000
1262,039356,新唐國票12購02,0,0,0,0,0,0,0,0,0,172000,0,0,0,332000,160000,172000,172000
1263,089481,聯發科富邦0A購04,0,0,0,0,0,0,0,0,0,172000,0,0,0,172000,0,172000,172000
1264,00689R,國泰20年美債反1,0,47000,-47000,0,0,0,0,0,0,218000,72000,0,72000,286000,140000,146000,171000
1265,031622,大成鋼統一0B購04,0,0,0,0,0,0,0,0,0,171000,0,0,0,487000,316000,171000,171000
1266,036608,榮成元大11購01,0,0,0,0,0,0,0,0,0,171000,0,0,0,171000,0,171000,171000
1267,034371,大亞元大0B購04,0,0,0,0,0,0,0,0,0,171000,0,0,0,171000,0,171000,171000
1268,040451,同欣電富邦13購03,0,0,0,0,0,0,0,0,0,171000,0,0,0,421000,250000,171000,171000
1269,06659P,群創元大09售14,0,0,0,0,0,0,0,0,0,171000,0,0,0,171000,0,171000,171000
1270,089778,興富發凱基11購01,0,0,0,0,0,0,0,0,0,171000,0,0,0,546000,375000,171000,171000
1271,032919,中橡國票0B購01,0,0,0,0,0,0,0,0,0,170000,0,0,0,170000,0,170000,170000
1272,030702,超豐群益0A購01,0,0,0,0,0,0,0,0,0,170000,0,0,0,230000,60000,170000,170000
1273,084281,全新中信08購02,0,0,0,0,0,0,0,0,0,170000,0,0,0,170000,0,170000,170000
1274,036978,岱宇凱基0C購01,0,0,0,0,0,0,0,0,0,170000,0,0,0,170000,0,170000,170000
1275,037029,南亞科元大11購03,0,0,0,0,0,0,0,0,0,170000,0,0,0,200000,30000,170000,170000
1276,039957,允強元大12購03,0,0,0,0,0,0,0,0,0,170000,0,0,0,232000,62000,170000,170000
1277,030828,國巨中信0B購03,0,0,0,0,0,0,0,0,0,169000,0,0,0,488000,319000,169000,169000
1278,086817,欣興元富0B購02,0,0,0,0,0,0,0,0,0,169000,0,0,0,461000,292000,169000,169000
1279,037118,金像電元大12購01,0,0,0,0,0,0,0,0,0,169000,0,0,0,250000,81000,169000,169000
1280,037905,同欣電兆豐13購02,0,0,0,0,0,0,0,0,0,169000,0,0,0,307000,138000,169000,169000
1281,038730,健和興元大11購01,0,0,0,0,0,0,0,0,0,169000,0,0,0,169000,0,169000,169000
1282,071521,旺宏元富09購01,0,0,0,0,0,0,0,0,0,169000,0,0,0,358000,189000,169000,169000
1283,034054,元大金麥證0B購01,0,0,0,231000,63000,168000,0,0,0,168000,0,0,0,231000,63000,168000,168000
1284,039491,聯茂兆豐11購01,0,0,0,0,0,0,0,0,0,168000,0,0,0,206000,38000,168000,168000
1285,06695P,南電凱基0A售04,0,0,0,0,0,0,0,0,0,168000,0,0,0,238000,70000,168000,168000
1286,032572,矽創群益0B購03,0,0,0,0,0,0,0,0,0,167000,0,0,0,190000,23000,167000,167000
1287,033831,鴻海國泰11購02,0,0,0,0,0,0,0,0,0,167000,0,0,0,304000,137000,167000,167000
1288,039114,矽格國票12購01,0,0,0,0,0,0,0,0,0,167000,0,0,0,219000,52000,167000,167000
1289,086717,亞光元大0B購02,0,0,0,0,0,0,0,0,0,166000,0,0,0,219000,53000,166000,166000
1290,077294,京鼎元富09購01,0,0,0,0,0,0,0,0,0,166000,0,0,0,166000,0,166000,166000
1291,089406,聯發科凱基09購10,0,0,0,0,0,0,0,0,0,166000,0,0,0,171000,5000,166000,166000
1292,086902,聯電凱基09購05,0,0,0,0,0,0,0,0,0,165000,0,0,0,165000,0,165000,165000
1293,033560,南紡永豐0B購01,0,0,0,0,0,0,0,0,0,165000,0,0,0,165000,0,165000,165000
1294,038575,榮成富邦11購01,0,0,0,0,0,0,0,0,0,165000,0,0,0,175000,10000,165000,165000
1295,030528,香港2X凱基0B購01,0,0,0,0,0,0,0,0,0,164000,0,0,0,252000,88000,164000,164000
1296,035717,聯發科元大13購01,0,0,0,0,0,0,0,0,0,164000,0,0,0,244000,80000,164000,164000
1297,036144,台玻元大0C購02,0,0,0,0,0,0,0,0,0,164000,0,0,0,169000,5000,164000,164000
1298,037910,偉詮電凱基13購01,0,0,0,0,0,0,0,0,0,164000,0,0,0,190000,26000,164000,164000
1299,037785,春源群益0C購01,0,0,0,0,0,0,0,0,0,164000,0,0,0,239000,75000,164000,164000
1300,3041,揚智,819000,655000,164000,0,0,0,0,0,0,0,0,0,0,0,0,0,164000
1301,036938,鴻海中信11購01,0,0,0,0,0,0,0,0,0,163000,0,0,0,163000,0,163000,163000
1302,038848,聯電富邦13購04,0,0,0,0,0,0,0,0,0,163000,0,0,0,404000,241000,163000,163000
1303,06344P,台積電兆豐09售05,0,0,0,0,0,0,0,0,0,163000,0,0,0,195000,32000,163000,163000
1304,040192,華城凱基11購01,0,0,0,0,0,0,0,0,0,163000,0,0,0,179000,16000,163000,163000
1305,030468,廣宇國泰0C購01,0,0,0,0,0,0,0,0,0,162000,0,0,0,162000,0,162000,162000
1306,030261,捷敏永豐0A購01,0,0,0,0,0,0,0,0,0,162000,0,0,0,438000,276000,162000,162000
1307,031731,台聚凱基14購01,0,0,0,0,0,0,0,0,0,162000,0,0,0,232000,70000,162000,162000
1308,031897,台聚永豐0A購03,0,0,0,0,0,0,0,0,0,162000,0,0,0,162000,0,162000,162000
1309,031941,台聚元大0A購06,0,0,0,0,0,0,0,0,0,162000,0,0,0,162000,0,162000,162000
1310,07241P,群創元大0B售18,0,0,0,0,0,0,0,0,0,162000,0,0,0,182000,20000,162000,162000
1311,089895,光寶科凱基0A購01,0,0,0,0,0,0,0,0,0,162000,0,0,0,244000,82000,162000,162000
1312,033156,矽創元大0B購01,0,0,0,0,0,0,0,0,0,161000,0,0,0,277000,116000,161000,161000
1313,035625,裕民國票0C購04,0,0,0,0,0,0,0,0,0,161000,0,0,0,161000,0,161000,161000
1314,088016,統一永豐09購01,0,0,0,0,0,0,0,0,0,161000,0,0,0,163000,2000,161000,161000
1315,037627,嘉澤元大0C購02,0,0,0,0,0,0,0,0,0,161000,0,0,0,161000,0,161000,161000
1316,039916,元大金中信11購01,0,0,0,0,0,0,0,0,0,161000,0,0,0,161000,0,161000,161000
1317,039275,同欣電凱基13購02,0,0,0,0,0,0,0,0,0,161000,0,0,0,602000,441000,161000,161000
1318,038592,士紙群益12購01,0,0,0,0,0,0,0,0,0,161000,0,0,0,161000,0,161000,161000
1319,038533,力鵬富邦11購01,0,0,0,0,0,0,0,0,0,161000,0,0,0,161000,0,161000,161000
1320,035977,台玻麥證0C購01,0,0,0,202000,0,202000,0,0,0,160000,0,0,0,202000,42000,160000,160000
1321,030127,台積電凱基0B購07,0,0,0,0,0,0,0,0,0,160000,0,0,0,201000,41000,160000,160000
1322,031321,永豐餘元大0A購02,0,0,0,0,0,0,0,0,0,160000,0,0,0,223000,63000,160000,160000
1323,036903,欣興元大13購01,0,0,0,0,0,0,0,0,0,160000,0,0,0,191000,31000,160000,160000
1324,036847,台光電凱基0C購02,0,0,0,0,0,0,0,0,0,160000,0,0,0,414000,254000,160000,160000
1325,040424,偉詮電凱基13購03,0,0,0,0,0,0,0,0,0,160000,0,0,0,163000,3000,160000,160000
1326,088829,惠特元大09購02,0,0,0,0,0,0,0,0,0,160000,0,0,0,190000,30000,160000,160000
1327,6214,精誠,427000,269000,158000,0,0,0,0,1000,-1000,2615,3000,0,3000,0,385,-385,159615
1328,031432,長榮航凱基0A購04,0,0,0,0,0,0,0,0,0,159000,0,0,0,164000,5000,159000,159000
1329,085856,亞光統一0A購01,0,0,0,0,0,0,0,0,0,159000,0,0,0,160000,1000,159000,159000
1330,034436,新光鋼凱基0C購02,0,0,0,0,0,0,0,0,0,159000,0,0,0,320000,161000,159000,159000
1331,033379,大成鋼元大0B購06,0,0,0,0,0,0,0,0,0,159000,0,0,0,194000,35000,159000,159000
1332,039078,欣興元大11購05,0,0,0,0,0,0,0,0,0,159000,0,0,0,179000,20000,159000,159000
1333,2823,中壽,2198233,1448578,749655,0,0,0,0,0,0,-591290,0,290,-290,221000,812000,-591000,158365
1334,031730,台聚凱基12購01,0,0,0,0,0,0,0,0,0,158000,0,0,0,178000,20000,158000,158000
1335,030461,威鋒電富邦0A購01,0,0,0,0,0,0,0,0,0,158000,0,0,0,158000,0,158000,158000
1336,081104,國巨群益08購01,0,0,0,0,0,0,0,0,0,158000,0,0,0,158000,0,158000,158000
1337,033879,華新元富0B購03,0,0,0,0,0,0,0,0,0,158000,0,0,0,480000,322000,158000,158000
1338,034745,國泰金元大0B購03,0,0,0,0,0,0,0,0,0,158000,0,0,0,162000,4000,158000,158000
1339,038199,中鋼群益11購05,0,0,0,0,0,0,0,0,0,158000,0,0,0,224000,66000,158000,158000
1340,038203,聯發科群益11購01,0,0,0,0,0,0,0,0,0,158000,0,0,0,183000,25000,158000,158000
1341,040114,晶心科國泰13購02,0,0,0,0,0,0,0,0,0,158000,0,0,0,158000,0,158000,158000
1342,031997,瑞昱群益0C購01,0,0,0,0,0,0,0,0,0,157000,0,0,0,205000,48000,157000,157000
1343,035588,東鋼元大0C購03,0,0,0,0,0,0,0,0,0,157000,0,0,0,168000,11000,157000,157000
1344,036874,健策統一12購02,0,0,0,0,0,0,0,0,0,157000,0,0,0,159000,2000,157000,157000
1345,038343,大成鋼元富11購02,0,0,0,0,0,0,0,0,0,157000,0,0,0,157000,0,157000,157000
1346,2537,聯上發,170000,13000,157000,0,0,0,0,0,0,0,0,0,0,0,0,0,157000
1347,3005,神基,954391,799000,155391,0,0,0,0,1000,-1000,2000,10000,0,10000,0,8000,-8000,156391
1348,037484,中石化凱基11購03,0,0,0,0,0,0,0,0,0,156000,0,0,0,240000,84000,156000,156000
1349,033731,嘉澤國票0C購01,0,0,0,0,0,0,0,0,0,156000,0,0,0,156000,0,156000,156000
1350,038136,允強群益11購01,0,0,0,0,0,0,0,0,0,156000,0,0,0,200000,44000,156000,156000
1351,040245,友訊永豐11購02,0,0,0,0,0,0,0,0,0,156000,0,0,0,156000,0,156000,156000
1352,040073,同欣電元大11購06,0,0,0,0,0,0,0,0,0,156000,0,0,0,201000,45000,156000,156000
1353,039477,大成鋼國泰13購04,0,0,0,0,0,0,0,0,0,156000,0,0,0,246000,90000,156000,156000
1354,07076P,臺股指元大0C售15,0,0,0,0,0,0,0,0,0,156000,0,0,0,253000,97000,156000,156000
1355,3305,昇貿,477000,321000,156000,0,0,0,0,0,0,0,0,0,0,0,0,0,156000
1356,030886,聯發科麥證0B購02,0,0,0,155000,0,155000,0,0,0,155000,0,0,0,155000,0,155000,155000
1357,031722,宏達電群益0C購03,0,0,0,0,0,0,0,0,0,155000,0,0,0,349000,194000,155000,155000
1358,036901,聯詠元大0C購10,0,0,0,0,0,0,0,0,0,155000,0,0,0,524000,369000,155000,155000
1359,037073,國光生國泰12購02,0,0,0,0,0,0,0,0,0,155000,0,0,0,161000,6000,155000,155000
1360,034466,亞聚元大0B購02,0,0,0,0,0,0,0,0,0,155000,0,0,0,155000,0,155000,155000
1361,088918,矽創群益0A購03,0,0,0,0,0,0,0,0,0,155000,0,0,0,162000,7000,155000,155000
1362,031395,大立光日盛0A購01,0,0,0,0,0,0,0,0,0,154000,0,0,0,154000,0,154000,154000
1363,031600,台積電富邦14購01,0,0,0,0,0,0,0,0,0,154000,0,0,0,154000,0,154000,154000
1364,034377,台玻元大12購02,0,0,0,0,0,0,0,0,0,154000,0,0,0,336000,182000,154000,154000
1365,036623,台玻凱基12購02,0,0,0,0,0,0,0,0,0,154000,0,0,0,164000,10000,154000,154000
1366,039525,臺股指群益13購03,0,0,0,0,0,0,0,0,0,154000,0,0,0,220000,66000,154000,154000
1367,033528,台航國票0B購01,0,0,0,0,0,0,0,0,0,153000,0,0,0,214000,61000,153000,153000
1368,034734,聯發科元大11購04,0,0,0,0,0,0,0,0,0,153000,0,0,0,190000,37000,153000,153000
1369,039240,華東國票11購01,0,0,0,0,0,0,0,0,0,153000,0,0,0,282000,129000,153000,153000
1370,089417,泰山永豐09購01,0,0,0,0,0,0,0,0,0,153000,0,0,0,153000,0,153000,153000
1371,032837,聯電國泰0C購02,0,0,0,0,0,0,0,0,0,152000,0,0,0,198000,46000,152000,152000
1372,035814,聯陽凱基0B購02,0,0,0,0,0,0,0,0,0,152000,0,0,0,460000,308000,152000,152000
1373,07465P,榮運凱基11售02,0,0,0,0,0,0,0,0,0,152000,0,0,0,185000,33000,152000,152000
1374,085216,華通國票09購01,0,0,0,0,0,0,0,0,0,152000,0,0,0,324000,172000,152000,152000
1375,033306,遠東新元富0B購01,0,0,0,0,0,0,0,0,0,152000,0,0,0,212000,60000,152000,152000
1376,037258,台光電中信0C購01,0,0,0,0,0,0,0,0,0,152000,0,0,0,192000,40000,152000,152000
1377,03755C,臺股指元大12牛01,0,0,0,0,0,0,0,0,0,152000,0,0,0,164000,12000,152000,152000
1378,038850,聯發科富邦16購02,0,0,0,0,0,0,0,0,0,152000,0,0,0,182000,30000,152000,152000
1379,038220,聯發科國泰13購03,0,0,0,0,0,0,0,0,0,152000,0,0,0,205000,53000,152000,152000
1380,038089,凌陽永豐11購01,0,0,0,0,0,0,0,0,0,152000,0,0,0,266000,114000,152000,152000
1381,086773,聯詠凱基09購03,0,0,0,0,0,0,0,0,0,151000,0,0,0,406000,255000,151000,151000
1382,037551,台船元富13購02,0,0,0,0,0,0,0,0,0,151000,0,0,0,191000,40000,151000,151000
1383,037848,大成鋼元富16購02,0,0,0,0,0,0,0,0,0,151000,0,0,0,193000,42000,151000,151000
1384,037473,長榮航國泰12購03,0,0,0,0,0,0,0,0,0,151000,0,0,0,174000,23000,151000,151000
1385,034951,華新科凱基0B購02,0,0,0,0,0,0,0,0,0,151000,0,0,0,171000,20000,151000,151000
1386,038309,台船群益11購01,0,0,0,0,0,0,0,0,0,151000,0,0,0,151000,0,151000,151000
1387,06715P,南電中信0B售01,0,0,0,0,0,0,0,0,0,151000,0,0,0,161000,10000,151000,151000
1388,089420,聯電永豐0C購01,0,0,0,0,0,0,0,0,0,151000,0,0,0,513000,362000,151000,151000
1389,031696,台化永豐0A購01,0,0,0,0,0,0,0,0,0,150000,0,0,0,150000,0,150000,150000
1390,032900,彩晶統一13購01,0,0,0,0,0,0,0,0,0,150000,0,0,0,168000,18000,150000,150000
1391,087553,玉晶光元富13購01,0,0,0,0,0,0,0,0,0,150000,0,0,0,150000,0,150000,150000
1392,088090,可成元富0C購01,0,0,0,0,0,0,0,0,0,150000,0,0,0,150000,0,150000,150000
1393,088375,廣宇國票0A購01,0,0,0,0,0,0,0,0,0,150000,0,0,0,150000,0,150000,150000
1394,088667,聯發科元大09購14,0,0,0,0,0,0,0,0,0,150000,0,0,0,170000,20000,150000,150000
1395,034785,華邦電國泰11購02,0,0,0,0,0,0,0,0,0,150000,0,0,0,160000,10000,150000,150000
1396,034397,緯穎元大0B購01,0,0,0,0,0,0,0,0,0,150000,0,0,0,200000,50000,150000,150000
1397,035479,聚陽群益0C購02,0,0,0,0,0,0,0,0,0,150000,0,0,0,150000,0,150000,150000
1398,033938,臺股指元大0B購18,0,0,0,0,0,0,0,0,0,150000,0,0,0,150000,0,150000,150000
1399,03719C,台積電富邦08牛08,0,0,0,0,0,0,0,0,0,150000,0,0,0,150000,0,150000,150000
1400,036922,中鋼國票11購02,0,0,0,0,0,0,0,0,0,150000,0,0,0,150000,0,150000,150000
1401,034158,新光鋼永豐0B購02,0,0,0,0,0,0,0,0,0,150000,0,0,0,340000,190000,150000,150000
1402,037793,南電群益0C購04,0,0,0,0,0,0,0,0,0,150000,0,0,0,150000,0,150000,150000
1403,06738P,南亞科群益0A售01,0,0,0,0,0,0,0,0,0,150000,0,0,0,150000,0,150000,150000
1404,039961,威盛元大11購01,0,0,0,0,0,0,0,0,0,150000,0,0,0,150000,0,150000,150000
1405,039978,晶心科元大11購03,0,0,0,0,0,0,0,0,0,150000,0,0,0,352000,202000,150000,150000
1406,040263,裕民元富14購02,0,0,0,0,0,0,0,0,0,150000,0,0,0,150000,0,150000,150000
1407,038213,中鋼國泰13購02,0,0,0,0,0,0,0,0,0,150000,0,0,0,230000,80000,150000,150000
1408,038187,榮運永豐11購01,0,0,0,0,0,0,0,0,0,150000,0,0,0,150000,0,150000,150000
1409,038917,A50正2元富14購01,0,0,0,0,0,0,0,0,0,150000,0,0,0,150000,0,150000,150000
1410,06783P,大成鋼元大0A售04,0,0,0,0,0,0,0,0,0,150000,0,0,0,300000,150000,150000,150000
1411,035982,美時國票11購01,0,0,0,0,0,0,0,0,0,149000,0,0,0,213000,64000,149000,149000
1412,07441P,宏碁元大0C售03,0,0,0,0,0,0,0,0,0,149000,0,0,0,188000,39000,149000,149000
1413,036662,春源國票0C購01,0,0,0,0,0,0,0,0,0,149000,0,0,0,207000,58000,149000,149000
1414,037098,金像電永豐0C購02,0,0,0,0,0,0,0,0,0,149000,0,0,0,150000,1000,149000,149000
1415,06886P,臺股指群益0A售16,0,0,0,0,0,0,0,0,0,149000,0,0,0,149000,0,149000,149000
1416,088879,台泥凱基09購01,0,0,0,0,0,0,0,0,0,149000,0,0,0,272000,123000,149000,149000
1417,089925,中化永豐0A購01,0,0,0,0,0,0,0,0,0,149000,0,0,0,149000,0,149000,149000
1418,089940,玉晶光永豐0A購01,0,0,0,0,0,0,0,0,0,149000,0,0,0,149000,0,149000,149000
1419,030875,致新永豐0A購02,0,0,0,0,0,0,0,0,0,148000,0,0,0,158000,10000,148000,148000
1420,07544P,天鈺國票11售02,0,0,0,0,0,0,0,0,0,148000,0,0,0,282000,134000,148000,148000
1421,083954,瑞昱凱基09購01,0,0,0,0,0,0,0,0,0,148000,0,0,0,218000,70000,148000,148000
1422,086820,矽創元富09購02,0,0,0,0,0,0,0,0,0,148000,0,0,0,151000,3000,148000,148000
1423,036985,群創凱基12購02,0,0,0,0,0,0,0,0,0,148000,0,0,0,148000,0,148000,148000
1424,036179,臺股指麥證0C購07,0,0,0,320000,172000,148000,0,0,0,148000,0,0,0,320000,172000,148000,148000
1425,035484,萬海群益13購02,0,0,0,0,0,0,0,0,0,148000,0,0,0,264000,116000,148000,148000
1426,038594,春雨群益12購01,0,0,0,0,0,0,0,0,0,148000,0,0,0,189000,41000,148000,148000
1427,039806,凌陽元大13購02,0,0,0,0,0,0,0,0,0,148000,0,0,0,762000,614000,148000,148000
1428,040416,聯詠統一13購01,0,0,0,0,0,0,0,0,0,147000,0,0,0,266000,119000,147000,147000
1429,030636,巨大元大0A購01,0,0,0,0,0,0,0,0,0,146000,0,0,0,308000,162000,146000,146000
1430,031922,嘉澤永豐0A購01,0,0,0,0,0,0,0,0,0,146000,0,0,0,149000,3000,146000,146000
1431,087069,日月光群益09購01,0,0,0,0,0,0,0,0,0,146000,0,0,0,146000,0,146000,146000
1432,085123,美利達元大08購01,0,0,0,0,0,0,0,0,0,146000,0,0,0,146000,0,146000,146000
1433,086554,亞光元大0B購01,0,0,0,0,0,0,0,0,0,146000,0,0,0,146000,0,146000,146000
1434,036252,京鼎凱基0C購01,0,0,0,0,0,0,0,0,0,146000,0,0,0,183000,37000,146000,146000
1435,036397,新光鋼中信11購01,0,0,0,0,0,0,0,0,0,146000,0,0,0,148000,2000,146000,146000
1436,037827,超豐永豐0C購02,0,0,0,0,0,0,0,0,0,146000,0,0,0,460000,314000,146000,146000
1437,038467,大榮元富12購02,0,0,0,0,0,0,0,0,0,146000,0,0,0,146000,0,146000,146000
1438,030675,聯電國泰0C購01,0,0,0,0,0,0,0,0,0,145000,0,0,0,227000,82000,145000,145000
1439,083885,聯發科富邦09購03,0,0,0,0,0,0,0,0,0,145000,0,0,0,200000,55000,145000,145000
1440,088642,達邁國票09購01,0,0,0,0,0,0,0,0,0,145000,0,0,0,145000,0,145000,145000
1441,088216,惠特統一0B購01,0,0,0,0,0,0,0,0,0,145000,0,0,0,145000,0,145000,145000
1442,036018,中鋼統一0C購16,0,0,0,0,0,0,0,0,0,145000,0,0,0,145000,0,145000,145000
1443,03503B,臺股指凱基0A熊20,0,0,0,0,0,0,0,0,0,145000,0,0,0,145000,0,145000,145000
1444,038012,台玻凱基0C購05,0,0,0,0,0,0,0,0,0,145000,0,0,0,523000,378000,145000,145000
1445,039368,健和興中信11購01,0,0,0,0,0,0,0,0,0,145000,0,0,0,350000,205000,145000,145000
1446,031791,新光鋼國票0B購01,0,0,0,0,0,0,0,0,0,144000,0,0,0,174000,30000,144000,144000
1447,032141,聯發科凱基0A購09,0,0,0,0,0,0,0,0,0,144000,0,0,0,194000,50000,144000,144000
1448,034380,燁輝元大12購01,0,0,0,0,0,0,0,0,0,144000,0,0,0,231000,87000,144000,144000
1449,039454,景碩凱基13購01,0,0,0,0,0,0,0,0,0,144000,0,0,0,400000,256000,144000,144000
1450,039163,元大金凱基11購01,0,0,0,0,0,0,0,0,0,144000,0,0,0,144000,0,144000,144000
1451,038960,晶技元大11購02,0,0,0,0,0,0,0,0,0,144000,0,0,0,154000,10000,144000,144000
1452,039825,允強元富11購01,0,0,0,0,0,0,0,0,0,144000,0,0,0,204000,60000,144000,144000
1453,039733,大成鋼國泰13購06,0,0,0,0,0,0,0,0,0,144000,0,0,0,150000,6000,144000,144000
1454,039980,晶心科元大13購01,0,0,0,0,0,0,0,0,0,144000,0,0,0,294000,150000,144000,144000
1455,088898,惠特凱基0B購01,1000,0,1000,0,0,0,0,0,0,143000,0,0,0,261000,118000,143000,144000
1456,2395,研華,492598,349712,142886,0,0,0,1000,0,1000,0,0,0,0,0,0,0,143886
1457,031375,創意永豐0A購01,0,0,0,0,0,0,0,0,0,143000,0,0,0,165000,22000,143000,143000
1458,032838,國巨國泰0C購01,0,0,0,0,0,0,0,0,0,143000,0,0,0,148000,5000,143000,143000
1459,035110,國喬兆豐0C購02,0,0,0,0,0,0,0,0,0,143000,0,0,0,189000,46000,143000,143000
1460,084845,大立光元富0C購02,0,0,0,0,0,0,0,0,0,143000,0,0,0,143000,0,143000,143000
1461,087047,長榮航凱基0B購01,0,0,0,0,0,0,0,0,0,143000,0,0,0,194000,51000,143000,143000
1462,034553,聯發科台新0B購02,0,0,0,0,0,0,0,0,0,143000,0,0,0,143000,0,143000,143000
1463,036492,聯成國泰12購02,0,0,0,0,0,0,0,0,0,143000,0,0,0,143000,0,143000,143000
1464,033775,國喬元大0B購03,0,0,0,0,0,0,0,0,0,143000,0,0,0,159000,16000,143000,143000
1465,036964,台積電國泰13購02,0,0,0,0,0,0,0,0,0,143000,0,0,0,178000,35000,143000,143000
1466,037069,欣興富邦0C購02,0,0,0,0,0,0,0,0,0,143000,0,0,0,804000,661000,143000,143000
1467,036760,友達國票11購04,0,0,0,0,0,0,0,0,0,143000,0,0,0,340000,197000,143000,143000
1468,037153,嘉澤元富11購01,0,0,0,0,0,0,0,0,0,143000,0,0,0,143000,0,143000,143000
1469,040147,嘉晶康和11購02,0,0,0,0,0,0,0,0,0,143000,0,0,0,193000,50000,143000,143000
1470,040286,景碩元大11購10,0,0,0,0,0,0,0,0,0,143000,0,0,0,209000,66000,143000,143000
1471,039139,大立光國泰13購02,0,0,0,0,0,0,0,0,0,143000,0,0,0,143000,0,143000,143000
1472,035897,宏達電國泰12購01,0,0,0,0,0,0,0,0,0,142000,0,0,0,194000,52000,142000,142000
1473,032972,聯陽元大0A購03,0,0,0,0,0,0,0,0,0,142000,0,0,0,350000,208000,142000,142000
1474,032705,台表科兆豐0B購01,0,0,0,0,0,0,0,0,0,142000,0,0,0,401000,259000,142000,142000
1475,078485,鴻海國票08購02,0,0,0,0,0,0,0,0,0,142000,0,0,0,142000,0,142000,142000
1476,036102,惠特元大0C購02,0,0,0,0,0,0,0,0,0,142000,0,0,0,302000,160000,142000,142000
1477,038609,台郡群益11購02,0,0,0,0,0,0,0,0,0,142000,0,0,0,142000,0,142000,142000
1478,069631,金像電元富08購02,0,0,0,0,0,0,0,0,0,142000,0,0,0,142000,0,142000,142000
1479,031267,華邦電統一0C購02,0,0,0,0,0,0,0,0,0,141000,0,0,0,141000,0,141000,141000
1480,031241,華邦電群益0B購04,0,0,0,0,0,0,0,0,0,141000,0,0,0,346000,205000,141000,141000
1481,07426P,臺股指元大13售03,0,0,0,0,0,0,0,0,0,141000,0,0,0,277000,136000,141000,141000
1482,07418P,南電中信12售02,0,0,0,0,0,0,0,0,0,141000,0,0,0,230000,89000,141000,141000
1483,083140,日月光凱基0A購01,0,0,0,0,0,0,0,0,0,141000,0,0,0,141000,0,141000,141000
1484,086778,百和凱基09購02,0,0,0,0,0,0,0,0,0,141000,0,0,0,141000,0,141000,141000
1485,035066,祥碩中信0B購02,0,0,0,0,0,0,0,0,0,141000,0,0,0,165000,24000,141000,141000
1486,036857,南電永豐0C購02,0,0,0,0,0,0,0,0,0,141000,0,0,0,161000,20000,141000,141000
1487,039194,聯發科元大14購03,0,0,0,0,0,0,0,0,0,141000,0,0,0,162000,21000,141000,141000
1488,1231,聯華食,239000,96000,143000,0,0,0,0,0,0,-2337,4258,4595,-337,9000,11000,-2000,140663
1489,031777,上銀日盛0A購01,0,0,0,0,0,0,0,0,0,140000,0,0,0,140000,0,140000,140000
1490,087005,瀚宇博國泰0B購01,0,0,0,0,0,0,0,0,0,140000,0,0,0,249000,109000,140000,140000
1491,086339,興勤元大09購01,0,0,0,0,0,0,0,0,0,140000,0,0,0,181000,41000,140000,140000
1492,081448,創意統一09購04,0,0,0,0,0,0,0,0,0,140000,0,0,0,150000,10000,140000,140000
1493,088269,祥碩永豐09購01,0,0,0,0,0,0,0,0,0,140000,0,0,0,140000,0,140000,140000
1494,035037,裕民麥證0C購01,0,0,0,200000,60000,140000,0,0,0,140000,0,0,0,200000,60000,140000,140000
1495,033310,美律元富0B購01,0,0,0,0,0,0,0,0,0,140000,0,0,0,241000,101000,140000,140000
1496,037857,裕民元富13購15,0,0,0,0,0,0,0,0,0,140000,0,0,0,140000,0,140000,140000
1497,038477,矽格康和11購01,0,0,0,0,0,0,0,0,0,140000,0,0,0,322000,182000,140000,140000
1498,038067,大成鋼元富16購03,0,0,0,0,0,0,0,0,0,140000,0,0,0,160000,20000,140000,140000
1499,040310,順德凱基13購01,0,0,0,0,0,0,0,0,0,140000,0,0,0,150000,10000,140000,140000
1500,040423,偉詮電凱基13購02,0,0,0,0,0,0,0,0,0,140000,0,0,0,140000,0,140000,140000
1501,086808,南六統一0B購01,0,0,0,0,0,0,0,0,0,139000,0,0,0,189000,50000,139000,139000
1502,035436,欣興元大0C購02,0,0,0,0,0,0,0,0,0,139000,0,0,0,140000,1000,139000,139000
1503,034655,國泰金中信0B購01,0,0,0,0,0,0,0,0,0,139000,0,0,0,159000,20000,139000,139000
1504,034859,長榮航元大11購03,0,0,0,0,0,0,0,0,0,139000,0,0,0,163000,24000,139000,139000
1505,036595,晶碩群益12購01,0,0,0,0,0,0,0,0,0,139000,0,0,0,200000,61000,139000,139000
1506,036306,矽創元大0C購04,0,0,0,0,0,0,0,0,0,139000,0,0,0,204000,65000,139000,139000
1507,040198,華立凱基12購01,0,0,0,0,0,0,0,0,0,139000,0,0,0,139000,0,139000,139000
1508,040010,台積電群益12購08,0,0,0,0,0,0,0,0,0,139000,0,0,0,139000,0,139000,139000
1509,038438,盛餘元大13購01,0,0,0,0,0,0,0,0,0,139000,0,0,0,139000,0,139000,139000
1510,039389,美亞群益13購01,0,0,0,0,0,0,0,0,0,139000,0,0,0,145000,6000,139000,139000
1511,033206,大成鋼群益0C購03,0,0,0,0,0,0,0,0,0,138000,0,0,0,138000,0,138000,138000
1512,034689,聯電群益0C購02,0,0,0,0,0,0,0,0,0,138000,0,0,0,1794000,1656000,138000,138000
1513,034392,智原元大0B購05,0,0,0,0,0,0,0,0,0,138000,0,0,0,138000,0,138000,138000
1514,040363,億光永豐12購01,0,0,0,0,0,0,0,0,0,138000,0,0,0,150000,12000,138000,138000
1515,089961,聯電元大0A購01,0,0,0,0,0,0,0,0,0,138000,0,0,0,206000,68000,138000,138000
1516,034292,燁輝中信0B購01,0,0,0,0,0,0,0,0,0,137000,0,0,0,331000,194000,137000,137000
1517,030045,瑞昱元大0A購01,0,0,0,0,0,0,0,0,0,137000,0,0,0,177000,40000,137000,137000
1518,00852L,國泰美國道瓊正2,83000,0,83000,0,0,0,0,0,0,54000,0,0,0,215000,161000,54000,137000
1519,087132,正新國票0A購01,0,0,0,0,0,0,0,0,0,137000,0,0,0,142000,5000,137000,137000
1520,088199,日月光群益11購01,0,0,0,0,0,0,0,0,0,137000,0,0,0,388000,251000,137000,137000
1521,088577,日月光凱基0B購02,0,0,0,0,0,0,0,0,0,137000,0,0,0,168000,31000,137000,137000
1522,033610,鴻準群益0B購01,0,0,0,0,0,0,0,0,0,137000,0,0,0,137000,0,137000,137000
1523,040301,聯發科統一13購02,0,0,0,0,0,0,0,0,0,137000,0,0,0,158000,21000,137000,137000
1524,039945,中鋼元富11購02,0,0,0,0,0,0,0,0,0,137000,0,0,0,281000,144000,137000,137000
1525,038492,東陽永豐11購01,0,0,0,0,0,0,0,0,0,137000,0,0,0,160000,23000,137000,137000
1526,06874P,華夏元富0A售02,0,0,0,0,0,0,0,0,0,137000,0,0,0,137000,0,137000,137000
1527,082578,愛普統一09購04,0,0,0,0,0,0,0,0,0,136000,0,0,0,136000,0,136000,136000
1528,084063,台灣50元大0A購07,0,0,0,0,0,0,0,0,0,136000,0,0,0,138000,2000,136000,136000
1529,034224,聯德元富0B購01,0,0,0,0,0,0,0,0,0,136000,0,0,0,186000,50000,136000,136000
1530,036832,聯陽群益0C購01,0,0,0,0,0,0,0,0,0,136000,0,0,0,146000,10000,136000,136000
1531,037724,聯發科凱基14購03,0,0,0,0,0,0,0,0,0,136000,0,0,0,146000,10000,136000,136000
1532,038212,寶成群益11購01,0,0,0,0,0,0,0,0,0,136000,0,0,0,136000,0,136000,136000
1533,038294,矽創永豐11購01,0,0,0,0,0,0,0,0,0,136000,0,0,0,370000,234000,136000,136000
1534,039029,興勤凱基12購01,0,0,0,0,0,0,0,0,0,136000,0,0,0,136000,0,136000,136000
1535,030218,揚明光凱基0B購01,0,0,0,0,0,0,0,0,0,135000,0,0,0,140000,5000,135000,135000
1536,030846,嘉晶兆豐0A購01,0,0,0,0,0,0,0,0,0,135000,0,0,0,170000,35000,135000,135000
1537,031732,亞聚凱基12購01,0,0,0,0,0,0,0,0,0,135000,0,0,0,135000,0,135000,135000
1538,035398,大銀永豐0B購01,0,0,0,0,0,0,0,0,0,135000,0,0,0,135000,0,135000,135000
1539,038432,春源元大11購02,0,0,0,0,0,0,0,0,0,135000,0,0,0,135000,0,135000,135000
1540,039500,嘉晶永豐11購01,0,0,0,0,0,0,0,0,0,135000,0,0,0,189000,54000,135000,135000
1541,06883P,臺股指群益0A售13,0,0,0,0,0,0,0,0,0,135000,0,0,0,135000,0,135000,135000
1542,089993,寶成元大0A購01,0,0,0,0,0,0,0,0,0,135000,0,0,0,150000,15000,135000,135000
1543,031872,大成鋼凱基11購01,0,0,0,0,0,0,0,0,0,134000,0,0,0,171000,37000,134000,134000
1544,083788,鴻海統一09購11,0,0,0,0,0,0,0,0,0,134000,0,0,0,134000,0,134000,134000
1545,086146,華泰元大09購01,0,0,0,0,0,0,0,0,0,134000,0,0,0,254000,120000,134000,134000
1546,036551,台塑元大0C購02,0,0,0,0,0,0,0,0,0,134000,0,0,0,134000,0,134000,134000
1547,037612,順德元大0C購03,0,0,0,0,0,0,0,0,0,134000,0,0,0,257000,123000,134000,134000
1548,040291,矽格元大14購01,0,0,0,0,0,0,0,0,0,134000,0,0,0,144000,10000,134000,134000
1549,038304,燁輝群益14購01,0,0,0,0,0,0,0,0,0,134000,0,0,0,193000,59000,134000,134000
1550,038750,國喬國泰13購02,0,0,0,0,0,0,0,0,0,134000,0,0,0,134000,0,134000,134000
1551,033496,聯發科統一15購04,0,0,0,0,0,0,0,0,0,133000,0,0,0,133000,0,133000,133000
1552,035804,台船凱基12購01,0,0,0,0,0,0,0,0,0,133000,0,0,0,138000,5000,133000,133000
1553,087200,乙盛麥證09購01,0,0,0,133000,0,133000,0,0,0,133000,0,0,0,133000,0,133000,133000
1554,087496,聯詠群益0A購01,0,0,0,0,0,0,0,0,0,133000,0,0,0,265000,132000,133000,133000
1555,087840,聚鼎凱基0A購01,0,0,0,0,0,0,0,0,0,133000,0,0,0,177000,44000,133000,133000
1556,037687,嘉晶元大0C購06,0,0,0,0,0,0,0,0,0,133000,0,0,0,133000,0,133000,133000
1557,038484,聯華食永豐11購01,0,0,0,0,0,0,0,0,0,133000,0,0,0,133000,0,133000,133000
1558,038635,燁輝元富11購02,0,0,0,0,0,0,0,0,0,133000,0,0,0,138000,5000,133000,133000
1559,040174,大成鋼元富14購01,0,0,0,0,0,0,0,0,0,133000,0,0,0,133000,0,133000,133000
1560,3504,揚明光,171000,99000,72000,0,0,0,45000,0,45000,16000,0,0,0,21000,5000,16000,133000
1561,4564,元翎,705000,586000,119000,0,0,0,1000,0,1000,12744,5440,2696,2744,61000,51000,10000,132744
1562,030118,台灣50凱基0C購02,0,0,0,0,0,0,0,0,0,132000,0,0,0,275000,143000,132000,132000
1563,085293,聯詠凱基0A購01,0,0,0,0,0,0,0,0,0,132000,0,0,0,354000,222000,132000,132000
1564,033432,大成鋼元大0B購07,0,0,0,0,0,0,0,0,0,132000,0,0,0,173000,41000,132000,132000
1565,039925,美時凱基11購01,0,0,0,0,0,0,0,0,0,132000,0,0,0,206000,74000,132000,132000
1566,031320,正隆元大0B購01,0,0,0,0,0,0,0,0,0,131000,0,0,0,138000,7000,131000,131000
1567,032193,可成群益0C購01,0,0,0,0,0,0,0,0,0,131000,0,0,0,240000,109000,131000,131000
1568,085427,緯穎元大08購04,0,0,0,0,0,0,0,0,0,131000,0,0,0,131000,0,131000,131000
1569,087322,聯發科永豐09購03,0,0,0,0,0,0,0,0,0,131000,0,0,0,131000,0,131000,131000
1570,082574,日月光統一09購03,0,0,0,0,0,0,0,0,0,131000,0,0,0,131000,0,131000,131000
1571,082751,中興電統一09購03,0,0,0,0,0,0,0,0,0,131000,0,0,0,131000,0,131000,131000
1572,07639P,技嘉凱基11售03,0,0,0,0,0,0,0,0,0,131000,0,0,0,131000,0,131000,131000
1573,037089,欣興凱基12購02,0,0,0,0,0,0,0,0,0,131000,0,0,0,131000,0,131000,131000
1574,037700,日月光群益0C購02,0,0,0,0,0,0,0,0,0,131000,0,0,0,816000,685000,131000,131000
1575,037807,景碩元大14購01,0,0,0,0,0,0,0,0,0,131000,0,0,0,573000,442000,131000,131000
1576,037871,榮成麥證0C購02,0,0,0,131000,0,131000,0,0,0,131000,0,0,0,131000,0,131000,131000
1577,06267P,台灣50凱基0A售01,0,0,0,0,0,0,0,0,0,131000,0,0,0,131000,0,131000,131000
1578,030895,南紡凱基11購01,0,0,0,0,0,0,0,0,0,130000,0,0,0,179000,49000,130000,130000
1579,031031,京元電凱基0A購01,0,0,0,0,0,0,0,0,0,130000,0,0,0,130000,0,130000,130000
1580,032817,裕民國票0B購02,0,0,0,0,0,0,0,0,0,130000,0,0,0,130000,0,130000,130000
1581,035812,長榮航凱基0B購04,0,0,0,0,0,0,0,0,0,130000,0,0,0,130000,0,130000,130000
1582,084782,嘉澤凱基09購01,0,0,0,0,0,0,0,0,0,130000,0,0,0,130000,0,130000,130000
1583,087934,兆豐金統一0B購01,0,0,0,0,0,0,0,0,0,130000,0,0,0,150000,20000,130000,130000
1584,086913,健策凱基09購02,0,0,0,0,0,0,0,0,0,130000,0,0,0,141000,11000,130000,130000
1585,086321,南電凱基0B購01,0,0,0,0,0,0,0,0,0,130000,0,0,0,130000,0,130000,130000
1586,037466,新光鋼國泰12購02,0,0,0,0,0,0,0,0,0,130000,0,0,0,251000,121000,130000,130000
1587,036346,聯成國票11購01,0,0,0,0,0,0,0,0,0,130000,0,0,0,130000,0,130000,130000
1588,036444,聯成元富0C購01,0,0,0,0,0,0,0,0,0,130000,0,0,0,130000,0,130000,130000
1589,039926,台玻凱基13購02,0,0,0,0,0,0,0,0,0,130000,0,0,0,173000,43000,130000,130000
1590,084033,瑞昱元富0A購03,0,0,0,0,0,0,0,0,0,129000,0,0,0,178000,49000,129000,129000
1591,082127,聯電統一08購06,0,0,0,0,0,0,0,0,0,129000,0,0,0,149000,20000,129000,129000
1592,036480,創意元大0C購02,0,0,0,0,0,0,0,0,0,129000,0,0,0,159000,30000,129000,129000
1593,038811,東鹼元大12購01,0,0,0,0,0,0,0,0,0,129000,0,0,0,129000,0,129000,129000
1594,089558,聯電統一0B購10,0,0,0,0,0,0,0,0,0,129000,0,0,0,160000,31000,129000,129000
1595,030380,明基材群益0A購01,0,0,0,0,0,0,0,0,0,128000,0,0,0,140000,12000,128000,128000
1596,07400P,威鋒電元富13售08,0,0,0,0,0,0,0,0,0,128000,0,0,0,415000,287000,128000,128000
1597,086280,華碩群益0A購01,0,0,0,0,0,0,0,0,0,128000,0,0,0,135000,7000,128000,128000
1598,086113,國喬群益09購01,0,0,0,0,0,0,0,0,0,128000,0,0,0,198000,70000,128000,128000
1599,086670,京鼎國泰0B購01,0,0,0,0,0,0,0,0,0,128000,0,0,0,242000,114000,128000,128000
1600,036841,大成鋼凱基11購04,0,0,0,0,0,0,0,0,0,128000,0,0,0,128000,0,128000,128000
1601,036103,致新元大0C購02,0,0,0,0,0,0,0,0,0,128000,0,0,0,147000,19000,128000,128000
1602,035388,聯成永豐0B購02,0,0,0,0,0,0,0,0,0,128000,0,0,0,172000,44000,128000,128000
1603,035216,華邦電第一15購01,0,0,0,0,0,0,0,0,0,128000,0,0,0,132000,4000,128000,128000
1604,032227,大立光統一12購01,0,0,0,0,0,0,0,0,0,127000,0,0,0,127000,0,127000,127000
1605,032412,華新元大0A購01,0,0,0,0,0,0,0,0,0,127000,0,0,0,174000,47000,127000,127000
1606,035620,榮成國票0C購01,0,0,0,0,0,0,0,0,0,127000,0,0,0,127000,0,127000,127000
1607,085779,聯電元大08購09,0,0,0,0,0,0,0,0,0,127000,0,0,0,260000,133000,127000,127000
1608,082552,聯電麥證0C購01,0,0,0,304000,177000,127000,0,0,0,127000,0,0,0,304000,177000,127000,127000
1609,034524,大成鋼康和0B購01,38000,0,38000,0,0,0,0,0,0,89000,0,0,0,400000,311000,89000,127000
1610,037160,聚鼎國票0C購01,0,0,0,0,0,0,0,0,0,127000,0,0,0,334000,207000,127000,127000
1611,036583,欣興中信12購01,0,0,0,0,0,0,0,0,0,127000,0,0,0,136000,9000,127000,127000
1612,034210,中石化元富12購02,0,0,0,0,0,0,0,0,0,127000,0,0,0,187000,60000,127000,127000
1613,037893,大成鋼永豐0C購03,0,0,0,0,0,0,0,0,0,127000,0,0,0,136000,9000,127000,127000
1614,039167,台郡凱基13購02,0,0,0,0,0,0,0,0,0,127000,0,0,0,132000,5000,127000,127000
1615,039175,台玻元大11購04,0,0,0,0,0,0,0,0,0,127000,0,0,0,210000,83000,127000,127000
1616,038152,南電富邦13購01,0,0,0,0,0,0,0,0,0,127000,0,0,0,242000,115000,127000,127000
1617,089765,長興凱基11購01,0,0,0,0,0,0,0,0,0,127000,0,0,0,152000,25000,127000,127000
1618,0050,元大台灣50,545836,559194,-13358,0,0,0,0,0,0,139721,245000,16000,229000,629000,718279,-89279,126363
1619,030960,華紙元大0B購01,0,0,0,0,0,0,0,0,0,126000,0,0,0,294000,168000,126000,126000
1620,031686,京鼎國泰0C購01,0,0,0,0,0,0,0,0,0,126000,0,0,0,150000,24000,126000,126000
1621,035417,東鋼元大0B購04,0,0,0,0,0,0,0,0,0,126000,0,0,0,126000,0,126000,126000
1622,035180,大亞元富0B購03,0,0,0,0,0,0,0,0,0,126000,0,0,0,126000,0,126000,126000
1623,038722,華邦電元大12購03,0,0,0,0,0,0,0,0,0,126000,0,0,0,137000,11000,126000,126000
1624,039658,南電凱基13購01,0,0,0,0,0,0,0,0,0,126000,0,0,0,136000,10000,126000,126000
1625,089859,南電元大0B購03,0,0,0,0,0,0,0,0,0,126000,0,0,0,158000,32000,126000,126000
1626,089853,臻鼎元大0B購02,0,0,0,0,0,0,0,0,0,126000,0,0,0,126000,0,126000,126000
1627,089470,宏達電國票09購02,0,0,0,0,0,0,0,0,0,126000,0,0,0,144000,18000,126000,126000
1628,4977,眾達-KY,157000,31000,126000,0,0,0,0,0,0,0,0,0,0,0,0,0,126000
1629,035993,聯詠國泰12購01,0,0,0,0,0,0,0,0,0,125000,0,0,0,240000,115000,125000,125000
1630,034474,華新元大0B購07,0,0,0,0,0,0,0,0,0,125000,0,0,0,134000,9000,125000,125000
1631,035418,東鋼元大0B購05,0,0,0,0,0,0,0,0,0,125000,0,0,0,125000,0,125000,125000
1632,033433,偉詮電元大0B購02,0,0,0,0,0,0,0,0,0,125000,0,0,0,606000,481000,125000,125000
1633,035336,聯電元富0B購03,0,0,0,0,0,0,0,0,0,125000,0,0,0,292000,167000,125000,125000
1634,036751,矽格元大0C購01,0,0,0,0,0,0,0,0,0,125000,0,0,0,599000,474000,125000,125000
1635,040448,聯詠富邦13購03,0,0,0,0,0,0,0,0,0,125000,0,0,0,482000,357000,125000,125000
1636,039284,大銀永豐11購01,0,0,0,0,0,0,0,0,0,125000,0,0,0,125000,0,125000,125000
1637,035824,華新元大0B購09,0,0,0,0,0,0,0,0,0,124000,0,0,0,132000,8000,124000,124000
1638,033236,華新元大0B購02,0,0,0,0,0,0,0,0,0,124000,0,0,0,162000,38000,124000,124000
1639,5515,建國,159000,35000,124000,0,0,0,0,0,0,0,0,0,0,0,0,0,124000
1640,089264,南電統一0A購10,0,0,0,0,0,0,0,0,0,124000,0,0,0,124000,0,124000,124000
1641,032127,中鋼凱基14購03,0,0,0,0,0,0,0,0,0,123000,0,0,0,147000,24000,123000,123000
1642,032146,新興凱基0A購02,0,0,0,0,0,0,0,0,0,123000,0,0,0,232000,109000,123000,123000
1643,030830,友達中信0A購06,0,0,0,0,0,0,0,0,0,123000,0,0,0,313000,190000,123000,123000
1644,087291,長榮航元大0B購03,0,0,0,0,0,0,0,0,0,123000,0,0,0,150000,27000,123000,123000
1645,037039,聯陽元大0C購01,0,0,0,0,0,0,0,0,0,123000,0,0,0,123000,0,123000,123000
1646,039154,群創群益11購08,0,0,0,0,0,0,0,0,0,123000,0,0,0,206000,83000,123000,123000
1647,038517,興富發永豐11購01,0,0,0,0,0,0,0,0,0,123000,0,0,0,128000,5000,123000,123000
1648,06942P,彩晶元大0A售12,0,0,0,0,0,0,0,0,0,123000,0,0,0,146000,23000,123000,123000
1649,1310,台苯,573000,407000,166000,0,0,0,0,0,0,-43000,0,0,0,0,43000,-43000,123000
1650,030775,友達麥證0A購02,0,0,0,357000,235000,122000,0,0,0,122000,0,0,0,357000,235000,122000,122000
1651,033262,臻鼎元大11購01,0,0,0,0,0,0,0,0,0,122000,0,0,0,122000,0,122000,122000
1652,07356P,台積電國泰14售02,0,0,0,0,0,0,0,0,0,122000,0,0,0,128000,6000,122000,122000
1653,037321,帆宣凱基0C購01,0,0,0,0,0,0,0,0,0,122000,0,0,0,126000,4000,122000,122000
1654,038059,矽格群益0C購02,0,0,0,0,0,0,0,0,0,122000,0,0,0,159000,37000,122000,122000
1655,039731,中鋼國泰13購03,0,0,0,0,0,0,0,0,0,122000,0,0,0,584000,462000,122000,122000
1656,040246,順德永豐11購02,0,0,0,0,0,0,0,0,0,122000,0,0,0,122000,0,122000,122000
1657,032750,臺股指凱基0A購23,0,0,0,0,0,0,0,0,0,121000,0,0,0,476000,355000,121000,121000
1658,030827,聯電中信0A購02,0,0,0,0,0,0,0,0,0,121000,0,0,0,443000,322000,121000,121000
1659,035975,緯穎元大13購01,0,0,0,0,0,0,0,0,0,121000,0,0,0,122000,1000,121000,121000
1660,087706,聯電統一0B購04,0,0,0,0,0,0,0,0,0,121000,0,0,0,142000,21000,121000,121000
1661,087560,聯發科國票0A購02,0,0,0,0,0,0,0,0,0,121000,0,0,0,121000,0,121000,121000
1662,036705,榮成群益0C購02,0,0,0,0,0,0,0,0,0,121000,0,0,0,155000,34000,121000,121000
1663,034822,華邦電富邦0C購01,0,0,0,0,0,0,0,0,0,121000,0,0,0,193000,72000,121000,121000
1664,06552P,台灣50群益0A售04,0,0,0,0,0,0,0,0,0,121000,0,0,0,137000,16000,121000,121000
1665,039041,潤泰新凱基13購01,0,0,0,0,0,0,0,0,0,121000,0,0,0,121000,0,121000,121000
1666,035868,裕民元富13購06,0,0,0,0,0,0,0,0,0,120000,0,0,0,120000,0,120000,120000
1667,033163,旺宏中信0B購03,0,0,0,0,0,0,0,0,0,120000,0,0,0,120000,0,120000,120000
1668,032627,中鋼統一0C購11,0,0,0,0,0,0,0,0,0,120000,0,0,0,165000,45000,120000,120000
1669,032368,群創凱基0A購06,0,0,0,0,0,0,0,0,0,120000,0,0,0,350000,230000,120000,120000
1670,032918,允強國票0B購01,0,0,0,0,0,0,0,0,0,120000,0,0,0,185000,65000,120000,120000
1671,087729,榮成元富09購01,0,0,0,0,0,0,0,0,0,120000,0,0,0,330000,210000,120000,120000
1672,085304,台積電元大0C購06,0,0,0,0,0,0,0,0,0,120000,0,0,0,120000,0,120000,120000
1673,086447,南電永豐09購02,0,0,0,0,0,0,0,0,0,120000,0,0,0,210000,90000,120000,120000
1674,07355P,台積電國泰12售03,0,0,0,0,0,0,0,0,0,120000,0,0,0,125000,5000,120000,120000
1675,088331,聯發科元大09購10,0,0,0,0,0,0,0,0,0,120000,0,0,0,122000,2000,120000,120000
1676,037232,台積電元大11購11,0,0,0,0,0,0,0,0,0,120000,0,0,0,120000,0,120000,120000
1677,038551,矽格國泰13購01,0,0,0,0,0,0,0,0,0,120000,0,0,0,208000,88000,120000,120000
1678,06511P,台積電國票0A售05,0,0,0,0,0,0,0,0,0,120000,0,0,0,120000,0,120000,120000
1679,06710P,臺股指元大09售19,0,0,0,0,0,0,0,0,0,120000,0,0,0,130000,10000,120000,120000
1680,039965,嘉晶元大14購01,0,0,0,0,0,0,0,0,0,120000,0,0,0,150000,30000,120000,120000
1681,071144,新光金中信09購01,0,0,0,0,0,0,0,0,0,120000,0,0,0,140000,20000,120000,120000
1682,089890,凌陽統一0C購01,0,0,0,0,0,0,0,0,0,120000,0,0,0,130000,10000,120000,120000
1683,031371,聯發科永豐0A購02,0,0,0,0,0,0,0,0,0,119000,0,0,0,119000,0,119000,119000
1684,034281,健策富邦0C購01,0,0,0,0,0,0,0,0,0,119000,0,0,0,136000,17000,119000,119000
1685,030677,創意國泰0C購01,0,0,0,0,0,0,0,0,0,119000,0,0,0,188000,69000,119000,119000
1686,07518P,聯發科元大12售06,0,0,0,0,0,0,0,0,0,119000,0,0,0,140000,21000,119000,119000
1687,036610,順德元大11購02,0,0,0,0,0,0,0,0,0,119000,0,0,0,139000,20000,119000,119000
1688,089561,聯發科統一0B購05,0,0,0,0,0,0,0,0,0,119000,0,0,0,288000,169000,119000,119000
1689,031472,臺股指群益0A購07,0,0,0,0,0,0,0,0,0,118000,0,0,0,2156000,2038000,118000,118000
1690,031862,台聚凱基0C購01,0,0,0,0,0,0,0,0,0,118000,0,0,0,128000,10000,118000,118000
1691,031905,大成鋼永豐0A購04,0,0,0,0,0,0,0,0,0,118000,0,0,0,238000,120000,118000,118000
1692,078095,世芯統一0A購02,0,0,0,0,0,0,0,0,0,118000,0,0,0,118000,0,118000,118000
1693,036277,大成鋼元大0C購07,0,0,0,0,0,0,0,0,0,118000,0,0,0,120000,2000,118000,118000
1694,07246P,鴻海凱基0B售12,0,0,0,0,0,0,0,0,0,118000,0,0,0,118000,0,118000,118000
1695,039915,億光中信12購01,0,0,0,0,0,0,0,0,0,118000,0,0,0,136000,18000,118000,118000
1696,040173,美時元富11購03,0,0,0,0,0,0,0,0,0,118000,0,0,0,160000,42000,118000,118000
1697,039645,亞聚凱基11購01,0,0,0,0,0,0,0,0,0,118000,0,0,0,118000,0,118000,118000
1698,038998,欣興中信11購01,0,0,0,0,0,0,0,0,0,118000,0,0,0,148000,30000,118000,118000
1699,038718,聯成元大11購01,0,0,0,0,0,0,0,0,0,118000,0,0,0,118000,0,118000,118000
1700,4532,瑞智,174000,56000,118000,0,0,0,0,0,0,0,0,0,0,0,0,0,118000
1701,030904,台積電凱基14購01,0,0,0,0,0,0,0,0,0,117000,0,0,0,117000,0,117000,117000
1702,030206,志聖凱基0A購01,0,0,0,0,0,0,0,0,0,117000,0,0,0,154000,37000,117000,117000
1703,073747,玉晶光統一08購02,0,0,0,0,0,0,0,0,0,117000,0,0,0,117000,0,117000,117000
1704,038418,春雨國泰13購01,0,0,0,0,0,0,0,0,0,117000,0,0,0,120000,3000,117000,117000
1705,038403,大榮凱基11購01,0,0,0,0,0,0,0,0,0,117000,0,0,0,157000,40000,117000,117000
1706,06051P,鴻海國票09售02,0,0,0,0,0,0,0,0,0,117000,0,0,0,117000,0,117000,117000
1707,040584,新唐元大12購04,0,0,0,0,0,0,0,0,0,117000,0,0,0,153000,36000,117000,117000
1708,2408,南亞科,5876170,5510963,365207,0,0,0,0,66902,-66902,-182250,62000,246000,-184000,64000,62250,1750,116055
1709,087996,聯發科群益09購05,0,0,0,0,0,0,0,0,0,116000,0,0,0,116000,0,116000,116000
1710,034116,聯詠群益11購01,0,0,0,0,0,0,0,0,0,116000,0,0,0,210000,94000,116000,116000
1711,036728,聯發科凱基0C購09,0,0,0,0,0,0,0,0,0,116000,0,0,0,136000,20000,116000,116000
1712,037918,南電凱基12購04,0,0,0,0,0,0,0,0,0,116000,0,0,0,121000,5000,116000,116000
1713,037542,緯穎元大11購01,0,0,0,0,0,0,0,0,0,116000,0,0,0,158000,42000,116000,116000
1714,038119,大毅凱基13購01,0,0,0,0,0,0,0,0,0,116000,0,0,0,136000,20000,116000,116000
1715,038994,台郡富邦11購01,0,0,0,0,0,0,0,0,0,116000,0,0,0,164000,48000,116000,116000
1716,07338P,A50正2元富13售01,0,0,0,0,0,0,0,0,0,116000,0,0,0,151000,35000,116000,116000
1717,06864P,上銀元大0A售01,0,0,0,0,0,0,0,0,0,116000,0,0,0,195000,79000,116000,116000
1718,1532,勤美,250000,134000,116000,0,0,0,0,0,0,0,0,0,0,0,0,0,116000
1719,033061,智原永豐0A購02,0,0,0,0,0,0,0,0,0,115000,0,0,0,115000,0,115000,115000
1720,033520,新纖國票0C購01,0,0,0,0,0,0,0,0,0,115000,0,0,0,115000,0,115000,115000
1721,032987,大成鋼元富0A購06,0,0,0,0,0,0,0,0,0,115000,0,0,0,195000,80000,115000,115000
1722,035699,亞聚元大0B購04,0,0,0,0,0,0,0,0,0,115000,0,0,0,134000,19000,115000,115000
1723,086443,王品永豐09購01,0,0,0,0,0,0,0,0,0,115000,0,0,0,115000,0,115000,115000
1724,086018,同欣電元大0C購01,0,0,0,0,0,0,0,0,0,115000,0,0,0,448000,333000,115000,115000
1725,087818,華夏凱基0B購01,0,0,0,0,0,0,0,0,0,115000,0,0,0,140000,25000,115000,115000
1726,036899,裕民元大0C購04,0,0,0,0,0,0,0,0,0,115000,0,0,0,150000,35000,115000,115000
1727,037254,寶成元大0C購01,0,0,0,0,0,0,0,0,0,115000,0,0,0,185000,70000,115000,115000
1728,036245,順德凱基0C購01,0,0,0,0,0,0,0,0,0,115000,0,0,0,135000,20000,115000,115000
1729,034981,南紡群益0B購03,0,0,0,0,0,0,0,0,0,115000,0,0,0,145000,30000,115000,115000
1730,038160,廣宇元大12購02,0,0,0,0,0,0,0,0,0,115000,0,0,0,180000,65000,115000,115000
1731,040440,興勤國票13購01,0,0,0,0,0,0,0,0,0,115000,0,0,0,126000,11000,115000,115000
1732,035100,大成鋼元大0B購13,0,0,0,0,0,0,0,0,0,114000,0,0,0,114000,0,114000,114000
1733,088530,惠特國泰0B購01,0,0,0,0,0,0,0,0,0,114000,0,0,0,183000,69000,114000,114000
1734,033543,國巨元富12購01,0,0,0,0,0,0,0,0,0,114000,0,0,0,275000,161000,114000,114000
1735,037296,南電元大0C購05,0,0,0,0,0,0,0,0,0,114000,0,0,0,144000,30000,114000,114000
1736,037230,聯電元大11購04,0,0,0,0,0,0,0,0,0,114000,0,0,0,165000,51000,114000,114000
1737,037210,巨大凱基0C購01,0,0,0,0,0,0,0,0,0,114000,0,0,0,581000,467000,114000,114000
1738,036637,力麗統一0C購02,0,0,0,0,0,0,0,0,0,114000,0,0,0,114000,0,114000,114000
1739,036411,長榮航群益14購01,0,0,0,0,0,0,0,0,0,114000,0,0,0,125000,11000,114000,114000
1740,036341,康控元富0C購01,0,0,0,0,0,0,0,0,0,114000,0,0,0,114000,0,114000,114000
1741,038763,聯成元富11購01,0,0,0,0,0,0,0,0,0,114000,0,0,0,180000,66000,114000,114000
1742,2493,揚博,153000,39000,114000,0,0,0,0,0,0,0,0,0,0,0,0,0,114000
1743,089337,聯電元大09購07,0,0,0,0,0,0,0,0,0,114000,0,0,0,413000,299000,114000,114000
1744,031789,中鋼國票0B購02,0,0,0,0,0,0,0,0,0,113000,0,0,0,429000,316000,113000,113000
1745,030942,申豐群益0A購01,0,0,0,0,0,0,0,0,0,113000,0,0,0,225000,112000,113000,113000
1746,035393,榮成永豐0B購01,0,0,0,0,0,0,0,0,0,113000,0,0,0,113000,0,113000,113000
1747,039585,興富發國票11購01,0,0,0,0,0,0,0,0,0,113000,0,0,0,568000,455000,113000,113000
1748,039840,勝一國票12購01,0,0,0,0,0,0,0,0,0,113000,0,0,0,1459000,1346000,113000,113000
1749,032754,聯發科日盛0A購03,0,0,0,0,0,0,0,0,0,112000,0,0,0,132000,20000,112000,112000
1750,087228,惠特凱基09購01,0,0,0,0,0,0,0,0,0,112000,0,0,0,117000,5000,112000,112000
1751,084011,廣宇統一09購06,0,0,0,0,0,0,0,0,0,112000,0,0,0,112000,0,112000,112000
1752,040146,凌陽康和11購02,0,0,0,0,0,0,0,0,0,112000,0,0,0,118000,6000,112000,112000
1753,040158,凌陽元大12購01,0,0,0,0,0,0,0,0,0,112000,0,0,0,157000,45000,112000,112000
1754,038415,中石化國泰13購01,0,0,0,0,0,0,0,0,0,112000,0,0,0,187000,75000,112000,112000
1755,031874,允強凱基0C購01,0,0,0,0,0,0,0,0,0,111000,0,0,0,114000,3000,111000,111000
1756,00683L,期元大美元指正2,66000,22000,44000,0,0,0,0,0,0,67000,20000,0,20000,269000,222000,47000,111000
1757,086323,臺股指凱基11購02,0,0,0,0,0,0,0,0,0,111000,0,0,0,570000,459000,111000,111000
1758,088454,晶豪科統一0B購06,0,0,0,0,0,0,0,0,0,111000,0,0,0,117000,6000,111000,111000
1759,034517,大亞元富0B購02,0,0,0,0,0,0,0,0,0,111000,0,0,0,111000,0,111000,111000
1760,033577,華新凱基15購01,0,0,0,0,0,0,0,0,0,111000,0,0,0,150000,39000,111000,111000
1761,037063,盛群國票11購01,0,0,0,0,0,0,0,0,0,111000,0,0,0,207000,96000,111000,111000
1762,089655,美利達國票0B購01,0,0,0,0,0,0,0,0,0,111000,0,0,0,608000,497000,111000,111000
1763,031441,華邦電麥證0C購01,0,0,0,110000,0,110000,0,0,0,110000,0,0,0,110000,0,110000,110000
1764,032230,臻鼎統一0C購01,0,0,0,0,0,0,0,0,0,110000,0,0,0,140000,30000,110000,110000
1765,035657,光罩國泰12購01,0,0,0,0,0,0,0,0,0,110000,0,0,0,135000,25000,110000,110000
1766,088202,惠特群益0A購01,0,0,0,0,0,0,0,0,0,110000,0,0,0,139000,29000,110000,110000
1767,086270,崇越永豐09購01,0,0,0,0,0,0,0,0,0,110000,0,0,0,110000,0,110000,110000
1768,085807,南電元大0C購01,0,0,0,0,0,0,0,0,0,110000,0,0,0,190000,80000,110000,110000
1769,085370,聯電群益09購02,0,0,0,0,0,0,0,0,0,110000,0,0,0,230000,120000,110000,110000
1770,085438,創意統一0A購03,0,0,0,0,0,0,0,0,0,110000,0,0,0,110000,0,110000,110000
1771,085462,聯電麥證0C購02,0,0,0,111000,1000,110000,0,0,0,110000,0,0,0,111000,1000,110000,110000
1772,087293,信邦元大09購01,0,0,0,0,0,0,0,0,0,110000,0,0,0,160000,50000,110000,110000
1773,086671,健策國泰0B購01,0,0,0,0,0,0,0,0,0,110000,0,0,0,151000,41000,110000,110000
1774,037068,台光電富邦0C購01,0,0,0,0,0,0,0,0,0,110000,0,0,0,555000,445000,110000,110000
1775,036969,東聯兆豐11購01,0,0,0,0,0,0,0,0,0,110000,0,0,0,110000,0,110000,110000
1776,036297,富邦金元大13購01,0,0,0,0,0,0,0,0,0,110000,0,0,0,123000,13000,110000,110000
1777,036577,聯成兆豐11購01,0,0,0,0,0,0,0,0,0,110000,0,0,0,130000,20000,110000,110000
1778,033915,台塑元大0C購01,0,0,0,0,0,0,0,0,0,110000,0,0,0,110000,0,110000,110000
1779,033854,緯穎永豐0B購01,0,0,0,0,0,0,0,0,0,110000,0,0,0,110000,0,110000,110000
1780,035251,力鵬凱基0B購01,0,0,0,0,0,0,0,0,0,110000,0,0,0,110000,0,110000,110000
1781,037820,亞德客永豐0C購01,0,0,0,0,0,0,0,0,0,110000,0,0,0,110000,0,110000,110000
1782,037924,大毅群益0C購01,0,0,0,0,0,0,0,0,0,110000,0,0,0,130000,20000,110000,110000
1783,038446,大榮元大12購01,0,0,0,0,0,0,0,0,0,110000,0,0,0,110000,0,110000,110000
1784,038989,啟碁國票12購01,0,0,0,0,0,0,0,0,0,110000,0,0,0,200000,90000,110000,110000
1785,039448,潤泰新元大13購01,0,0,0,0,0,0,0,0,0,110000,0,0,0,110000,0,110000,110000
1786,040110,台玻國泰13購06,0,0,0,0,0,0,0,0,0,110000,0,0,0,221000,111000,110000,110000
1787,039773,盛群永豐11購02,0,0,0,0,0,0,0,0,0,110000,0,0,0,379000,269000,110000,110000
1788,06189P,台灣50凱基09售02,0,0,0,0,0,0,0,0,0,110000,0,0,0,110000,0,110000,110000
1789,06579P,大立光元富0C售03,0,0,0,0,0,0,0,0,0,110000,0,0,0,110000,0,110000,110000
1790,06801P,群創元大0A售08,0,0,0,0,0,0,0,0,0,110000,0,0,0,112000,2000,110000,110000
1791,9933,中鼎,614000,672000,-58000,0,0,0,0,0,0,168000,200000,32000,168000,0,0,0,110000
1792,087806,高鐵兆豐0A購01,0,0,0,0,0,0,0,0,0,109000,0,0,0,109000,0,109000,109000
1793,074173,香港2X元富0A購01,0,0,0,0,0,0,0,0,0,109000,0,0,0,134000,25000,109000,109000
1794,088316,南電凱基0A購03,0,0,0,0,0,0,0,0,0,109000,0,0,0,109000,0,109000,109000
1795,037802,華通元大0C購02,0,0,0,0,0,0,0,0,0,109000,0,0,0,247000,138000,109000,109000
1796,037538,中信金元大0C購02,0,0,0,0,0,0,0,0,0,109000,0,0,0,109000,0,109000,109000
1797,035415,大亞元大0B購06,0,0,0,0,0,0,0,0,0,109000,0,0,0,109000,0,109000,109000
1798,034868,矽格元大0B購01,0,0,0,0,0,0,0,0,0,109000,0,0,0,187000,78000,109000,109000
1799,034888,台表科群益0B購01,0,0,0,0,0,0,0,0,0,109000,0,0,0,248000,139000,109000,109000
1800,038599,燁輝群益15購01,0,0,0,0,0,0,0,0,0,109000,0,0,0,120000,11000,109000,109000
1801,089795,巨大麥證09購01,0,0,0,247000,138000,109000,0,0,0,109000,0,0,0,247000,138000,109000,109000
1802,035895,允強國泰12購01,0,0,0,0,0,0,0,0,0,108000,0,0,0,108000,0,108000,108000
1803,030893,南紡凱基0B購01,0,0,0,0,0,0,0,0,0,108000,0,0,0,198000,90000,108000,108000
1804,080870,GIS統一08購01,0,0,0,0,0,0,0,0,0,108000,0,0,0,108000,0,108000,108000
1805,087925,聯電統一0B購06,0,0,0,0,0,0,0,0,0,108000,0,0,0,108000,0,108000,108000
1806,086694,長榮航元富0A購01,0,0,0,0,0,0,0,0,0,108000,0,0,0,208000,100000,108000,108000
1807,087215,聯發科凱基09購07,0,0,0,0,0,0,0,0,0,108000,0,0,0,108000,0,108000,108000
1808,087079,群創統一0B購04,0,0,0,0,0,0,0,0,0,108000,0,0,0,108000,0,108000,108000
1809,034375,東聯元大0B購02,0,0,0,0,0,0,0,0,0,108000,0,0,0,138000,30000,108000,108000
1810,033662,欣興統一15購01,0,0,0,0,0,0,0,0,0,108000,0,0,0,383000,275000,108000,108000
1811,037097,大成鋼永豐0C購02,0,0,0,0,0,0,0,0,0,108000,0,0,0,108000,0,108000,108000
1812,036710,台光電群益12購01,0,0,0,0,0,0,0,0,0,108000,0,0,0,230000,122000,108000,108000
1813,037116,精英元大11購01,0,0,0,0,0,0,0,0,0,108000,0,0,0,108000,0,108000,108000
1814,037719,大成鋼凱基0C購04,0,0,0,0,0,0,0,0,0,108000,0,0,0,123000,15000,108000,108000
1815,039651,超豐凱基11購01,0,0,0,0,0,0,0,0,0,108000,0,0,0,389000,281000,108000,108000
1816,3002,歐格,131000,23000,108000,0,0,0,0,0,0,0,0,0,0,0,0,0,108000
1817,4935,茂林-KY,132000,18000,114000,0,0,0,0,0,0,-6260,1000,260,740,23000,30000,-7000,107740
1818,032178,永光群益0A購01,0,0,0,0,0,0,0,0,0,107000,0,0,0,155000,48000,107000,107000
1819,035865,聯發科元富13購01,0,0,0,0,0,0,0,0,0,107000,0,0,0,167000,60000,107000,107000
1820,085683,嘉澤元富09購01,0,0,0,0,0,0,0,0,0,107000,0,0,0,107000,0,107000,107000
1821,084670,聯發科國票0A購01,0,0,0,0,0,0,0,0,0,107000,0,0,0,899000,792000,107000,107000
1822,036879,永豐餘元富0C購02,0,0,0,0,0,0,0,0,0,107000,0,0,0,107000,0,107000,107000
1823,036161,GIS元大0C購02,0,0,0,0,0,0,0,0,0,107000,0,0,0,107000,0,107000,107000
1824,035279,中鋼國票0C購06,0,0,0,0,0,0,0,0,0,107000,0,0,0,107000,0,107000,107000
1825,036241,永豐餘凱基11購01,0,0,0,0,0,0,0,0,0,107000,0,0,0,107000,0,107000,107000
1826,039438,新唐元大13購02,0,0,0,0,0,0,0,0,0,107000,0,0,0,153000,46000,107000,107000
1827,038727,偉詮電元大14購01,0,0,0,0,0,0,0,0,0,107000,0,0,0,108000,1000,107000,107000
1828,1773,勝一,192000,53000,139000,0,0,0,0,1000,-1000,-31237,1000,0,1000,8000,40237,-32237,106763
1829,035705,東鋼元大0B購06,0,0,0,0,0,0,0,0,0,106000,0,0,0,166000,60000,106000,106000
1830,032715,大成鋼群益0B購02,0,0,0,0,0,0,0,0,0,106000,0,0,0,247000,141000,106000,106000
1831,030719,新纖元大0A購01,0,0,0,0,0,0,0,0,0,106000,0,0,0,132000,26000,106000,106000
1832,088505,聯發科元大09購12,0,0,0,0,0,0,0,0,0,106000,0,0,0,106000,0,106000,106000
1833,035196,聯發科元富0C購07,0,0,0,0,0,0,0,0,0,106000,0,0,0,106000,0,106000,106000
1834,06475P,南電國泰0B售03,0,0,0,0,0,0,0,0,0,106000,0,0,0,186000,80000,106000,106000
1835,2480,敦陽科,132000,26000,106000,0,0,0,0,0,0,0,0,0,0,0,0,0,106000
1836,030635,致新元大0A購02,0,0,0,0,0,0,0,0,0,105000,0,0,0,329000,224000,105000,105000
1837,032305,國巨永豐0A購01,0,0,0,0,0,0,0,0,0,105000,0,0,0,125000,20000,105000,105000
1838,031419,聯電凱基0C購03,0,0,0,0,0,0,0,0,0,105000,0,0,0,376000,271000,105000,105000
1839,031907,允強永豐0A購02,0,0,0,0,0,0,0,0,0,105000,0,0,0,105000,0,105000,105000
1840,031824,祥碩元大11購01,0,0,0,0,0,0,0,0,0,105000,0,0,0,105000,0,105000,105000
1841,031723,宏達電群益0C購04,0,0,0,0,0,0,0,0,0,105000,0,0,0,197000,92000,105000,105000
1842,033235,中石化元大0B購02,0,0,0,0,0,0,0,0,0,105000,0,0,0,105000,0,105000,105000
1843,07397P,南電元大0C售07,0,0,0,0,0,0,0,0,0,105000,0,0,0,175000,70000,105000,105000
1844,085675,南電統一0A購06,0,0,0,0,0,0,0,0,0,105000,0,0,0,105000,0,105000,105000
1845,086484,聯詠統一0B購01,0,0,0,0,0,0,0,0,0,105000,0,0,0,125000,20000,105000,105000
1846,034964,大成鋼元大0C購04,0,0,0,0,0,0,0,0,0,105000,0,0,0,111000,6000,105000,105000
1847,034462,晶技群益0C購01,0,0,0,0,0,0,0,0,0,105000,0,0,0,115000,10000,105000,105000
1848,039499,長榮航永豐11購01,0,0,0,0,0,0,0,0,0,105000,0,0,0,105000,0,105000,105000
1849,040102,華邦電富邦13購03,0,0,0,0,0,0,0,0,0,105000,0,0,0,125000,20000,105000,105000
1850,039962,億光元大13購01,0,0,0,0,0,0,0,0,0,105000,0,0,0,239000,134000,105000,105000
1851,039241,潤泰新國票12購01,0,0,0,0,0,0,0,0,0,105000,0,0,0,105000,0,105000,105000
1852,9921,巨大,963359,858597,104762,0,0,0,11000,0,11000,-11446,2554,7000,-4446,13000,20000,-7000,104316
1853,031763,友達元富0A購04,0,0,0,0,0,0,0,0,0,104000,0,0,0,155000,51000,104000,104000
1854,07468P,臺股指麥證11售05,0,0,0,140000,36000,104000,0,0,0,104000,0,0,0,140000,36000,104000,104000
1855,034104,新光鋼群益0B購05,0,0,0,0,0,0,0,0,0,104000,0,0,0,336000,232000,104000,104000
1856,036920,台苯國票11購01,0,0,0,0,0,0,0,0,0,104000,0,0,0,104000,0,104000,104000
1857,037350,緯穎兆豐13購01,0,0,0,0,0,0,0,0,0,104000,0,0,0,110000,6000,104000,104000
1858,039151,智原群益13購01,0,0,0,0,0,0,0,0,0,104000,0,0,0,104000,0,104000,104000
1859,040162,長榮航元大11購07,0,0,0,0,0,0,0,0,0,104000,0,0,0,127000,23000,104000,104000
1860,089355,聯發科元大09購13,0,0,0,0,0,0,0,0,0,104000,0,0,0,106000,2000,104000,104000
1861,033078,聯茂凱基0A購01,0,0,0,0,0,0,0,0,0,103000,0,0,0,114000,11000,103000,103000
1862,030490,帆宣永豐0A購01,0,0,0,0,0,0,0,0,0,103000,0,0,0,103000,0,103000,103000
1863,035645,華邦電群益0B購12,0,0,0,0,0,0,0,0,0,103000,0,0,0,131000,28000,103000,103000
1864,07472P,燁輝元大11售07,0,0,0,0,0,0,0,0,0,103000,0,0,0,160000,57000,103000,103000
1865,036400,榮成永豐0C購01,0,0,0,0,0,0,0,0,0,103000,0,0,0,105000,2000,103000,103000
1866,034668,東鋼凱基0B購06,0,0,0,0,0,0,0,0,0,103000,0,0,0,103000,0,103000,103000
1867,039598,美律富邦11購01,0,0,0,0,0,0,0,0,0,103000,0,0,0,103000,0,103000,103000
1868,06631P,鴻海兆豐0A售02,0,0,0,0,0,0,0,0,0,103000,0,0,0,113000,10000,103000,103000
1869,3048,益登,268000,178000,90000,0,0,0,0,0,0,13000,0,0,0,20000,7000,13000,103000
1870,035600,中壽元大0B購01,0,0,0,0,0,0,0,0,0,102000,0,0,0,142000,40000,102000,102000
1871,031146,聯電兆豐0C購01,0,0,0,0,0,0,0,0,0,102000,0,0,0,131000,29000,102000,102000
1872,07446P,祥碩元大0C售04,0,0,0,0,0,0,0,0,0,102000,0,0,0,259000,157000,102000,102000
1873,086497,南電元富09購05,0,0,0,0,0,0,0,0,0,102000,0,0,0,141000,39000,102000,102000
1874,040294,捷敏元大13購01,0,0,0,0,0,0,0,0,0,102000,0,0,0,117000,15000,102000,102000
1875,040177,聯詠元富11購03,0,0,0,0,0,0,0,0,0,102000,0,0,0,334000,232000,102000,102000
1876,040231,聯詠兆豐13購02,0,0,0,0,0,0,0,0,0,102000,0,0,0,105000,3000,102000,102000
1877,038826,界霖元大14購01,0,0,0,0,0,0,0,0,0,102000,0,0,0,102000,0,102000,102000
1878,031104,聯發科群益0A購01,0,0,0,0,0,0,0,0,0,101000,0,0,0,136000,35000,101000,101000
1879,031618,中鋼統一0C購04,0,0,0,0,0,0,0,0,0,101000,0,0,0,2951000,2850000,101000,101000
1880,085952,美德醫群益08購01,0,0,0,0,0,0,0,0,0,101000,0,0,0,101000,0,101000,101000
1881,084933,聯發科元大0A購02,0,0,0,0,0,0,0,0,0,101000,0,0,0,259000,158000,101000,101000
1882,086835,長榮航元大09購03,0,0,0,0,0,0,0,0,0,101000,0,0,0,115000,14000,101000,101000
1883,07524P,臺股指國票11售01,0,0,0,0,0,0,0,0,0,101000,0,0,0,215000,114000,101000,101000
1884,080900,卜蜂凱基08購01,0,0,0,0,0,0,0,0,0,101000,0,0,0,101000,0,101000,101000
1885,082735,聯發科群益08購07,0,0,0,0,0,0,0,0,0,101000,0,0,0,101000,0,101000,101000
1886,036214,大成鋼國泰12購02,0,0,0,0,0,0,0,0,0,101000,0,0,0,114000,13000,101000,101000
1887,033677,聯電元大0B購01,0,0,0,0,0,0,0,0,0,101000,0,0,0,201000,100000,101000,101000
1888,038051,晶華群益12購01,0,0,0,0,0,0,0,0,0,101000,0,0,0,120000,19000,101000,101000
1889,06985P,瑞昱元大0A售04,0,0,0,0,0,0,0,0,0,101000,0,0,0,138000,37000,101000,101000
1890,07330P,臺股指凱基0C售34,0,0,0,0,0,0,0,0,0,101000,0,0,0,101000,0,101000,101000
1891,089204,南電凱基12購01,0,0,0,0,0,0,0,0,0,101000,0,0,0,142000,41000,101000,101000
1892,5522,遠雄,647000,387000,260000,0,0,0,0,0,0,-159000,0,0,0,0,159000,-159000,101000
1893,032767,大亞元大0B購02,0,0,0,0,0,0,0,0,0,100000,0,0,0,100000,0,100000,100000
1894,031385,新光鋼統一0C購02,0,0,0,0,0,0,0,0,0,100000,0,0,0,101000,1000,100000,100000
1895,032450,群創元大0A購14,0,0,0,0,0,0,0,0,0,100000,0,0,0,100000,0,100000,100000
1896,033197,TPK凱基11購01,0,0,0,0,0,0,0,0,0,100000,0,0,0,110000,10000,100000,100000
1897,032377,榮成統一0C購01,0,0,0,0,0,0,0,0,0,100000,0,0,0,100000,0,100000,100000
1898,032915,大亞國票0A購01,0,0,0,0,0,0,0,0,0,100000,0,0,0,110000,10000,100000,100000
1899,030767,友達康和0A購01,0,0,0,0,0,0,0,0,0,100000,0,0,0,100000,0,100000,100000
1900,032813,國巨國票0C購01,0,0,0,0,0,0,0,0,0,100000,0,0,0,103000,3000,100000,100000
1901,032794,祥碩元大0B購02,0,0,0,0,0,0,0,0,0,100000,0,0,0,100000,0,100000,100000
1902,032870,台苯凱基0A購01,0,0,0,0,0,0,0,0,0,100000,0,0,0,100000,0,100000,100000
1903,031330,建準元大0A購01,0,0,0,0,0,0,0,0,0,100000,0,0,0,100000,0,100000,100000
1904,031301,國泰金麥證0B購01,0,0,0,100000,0,100000,0,0,0,100000,0,0,0,100000,0,100000,100000
1905,030420,威強電元大0A購01,0,0,0,0,0,0,0,0,0,100000,0,0,0,100000,0,100000,100000
1906,030075,興富發群益11購01,0,0,0,0,0,0,0,0,0,100000,0,0,0,104000,4000,100000,100000
1907,030036,力麗元大0B購01,0,0,0,0,0,0,0,0,0,100000,0,0,0,105000,5000,100000,100000
1908,035556,玉晶光統一0C購03,0,0,0,0,0,0,0,0,0,100000,0,0,0,100000,0,100000,100000
1909,082823,群創元大0A購02,0,0,0,0,0,0,0,0,0,100000,0,0,0,100000,0,100000,100000
1910,082875,聯發科兆豐08購02,0,0,0,0,0,0,0,0,0,100000,0,0,0,149000,49000,100000,100000
1911,081442,大毅統一0A購01,0,0,0,0,0,0,0,0,0,100000,0,0,0,100000,0,100000,100000
1912,081224,長榮統一09購03,0,0,0,0,0,0,0,0,0,100000,0,0,0,100000,0,100000,100000
1913,084687,裕隆統一0A購01,0,0,0,0,0,0,0,0,0,100000,0,0,0,100000,0,100000,100000
1914,083929,瑞昱中信09購02,0,0,0,0,0,0,0,0,0,100000,0,0,0,128000,28000,100000,100000
1915,080911,大毅凱基0A購01,0,0,0,0,0,0,0,0,0,100000,0,0,0,100000,0,100000,100000
1916,080951,富邦金群益08購01,0,0,0,0,0,0,0,0,0,100000,0,0,0,100000,0,100000,100000
1917,081060,億豐國票08購01,0,0,0,0,0,0,0,0,0,100000,0,0,0,100000,0,100000,100000
1918,078353,臺股指凱基0C購01,0,0,0,0,0,0,0,0,0,100000,0,0,0,100000,0,100000,100000
1919,078335,台積電凱基0A購02,0,0,0,0,0,0,0,0,0,100000,0,0,0,100000,0,100000,100000
1920,076909,華新科國票08購01,0,0,0,0,0,0,0,0,0,100000,0,0,0,100000,0,100000,100000
1921,073756,美律元富0A購01,0,0,0,0,0,0,0,0,0,100000,0,0,0,100000,0,100000,100000
1922,087702,巨大元大09購02,0,0,0,0,0,0,0,0,0,100000,0,0,0,100000,0,100000,100000
1923,087358,滬深2X兆豐0B購01,0,0,0,0,0,0,0,0,0,100000,0,0,0,100000,0,100000,100000
1924,085137,臻鼎元富08購01,0,0,0,0,0,0,0,0,0,100000,0,0,0,100000,0,100000,100000
1925,085360,創意永豐08購01,0,0,0,0,0,0,0,0,0,100000,0,0,0,100000,0,100000,100000
1926,085589,GIS兆豐08購01,0,0,0,0,0,0,0,0,0,100000,0,0,0,100000,0,100000,100000
1927,086416,裕隆元富09購01,0,0,0,0,0,0,0,0,0,100000,0,0,0,100000,0,100000,100000
1928,088287,聯電日盛09購02,0,0,0,0,0,0,0,0,0,100000,0,0,0,131000,31000,100000,100000
1929,088125,正新凱基09購01,0,0,0,0,0,0,0,0,0,100000,0,0,0,100000,0,100000,100000
1930,035361,臻鼎兆豐0C購01,0,0,0,0,0,0,0,0,0,100000,0,0,0,100000,0,100000,100000
1931,035762,國光生元富13購01,0,0,0,0,0,0,0,0,0,100000,0,0,0,100000,0,100000,100000
1932,034239,中鋼統一11購03,0,0,0,0,0,0,0,0,0,100000,0,0,0,100000,0,100000,100000
1933,036657,滬深2X國票12購01,0,0,0,0,0,0,0,0,0,100000,0,0,0,100000,0,100000,100000
1934,037244,聯詠元大0C購11,0,0,0,0,0,0,0,0,0,100000,0,0,0,121000,21000,100000,100000
1935,037286,第一銅元大0C購03,0,0,0,0,0,0,0,0,0,100000,0,0,0,367000,267000,100000,100000
1936,037570,鴻海永豐0C購03,0,0,0,0,0,0,0,0,0,100000,0,0,0,100000,0,100000,100000
1937,037531,台積電元大0C購27,0,0,0,0,0,0,0,0,0,100000,0,0,0,100000,0,100000,100000
1938,07337P,鴻海富邦0C售03,0,0,0,0,0,0,0,0,0,100000,0,0,0,100000,0,100000,100000
1939,038138,鴻海群益11購02,0,0,0,0,0,0,0,0,0,100000,0,0,0,100000,0,100000,100000
1940,038313,大立光群益12購03,0,0,0,0,0,0,0,0,0,100000,0,0,0,100000,0,100000,100000
1941,038828,聚鼎元大12購01,0,0,0,0,0,0,0,0,0,100000,0,0,0,110000,10000,100000,100000
1942,039449,道瓊銅凱基12購01,0,0,0,0,0,0,0,0,0,100000,0,0,0,100000,0,100000,100000
1943,039380,群創國泰13購02,0,0,0,0,0,0,0,0,0,100000,0,0,0,100000,0,100000,100000
1944,039923,潤泰新中信12購01,0,0,0,0,0,0,0,0,0,100000,0,0,0,100000,0,100000,100000
1945,039920,欣興中信11購02,0,0,0,0,0,0,0,0,0,100000,0,0,0,100000,0,100000,100000
1946,039999,亞聚國泰13購01,0,0,0,0,0,0,0,0,0,100000,0,0,0,152000,52000,100000,100000
1947,039839,力鵬國票12購01,0,0,0,0,0,0,0,0,0,100000,0,0,0,100000,0,100000,100000
1948,039888,愛普群益12購05,0,0,0,0,0,0,0,0,0,100000,0,0,0,100000,0,100000,100000
1949,040405,臺股指元富12購01,0,0,0,0,0,0,0,0,0,100000,0,0,0,100000,0,100000,100000
1950,05544P,台積電元富0A售04,0,0,0,0,0,0,0,0,0,100000,0,0,0,100000,0,100000,100000
1951,089199,緯創凱基0A購02,0,0,0,0,0,0,0,0,0,100000,0,0,0,100000,0,100000,100000
1952,089146,欣陸元大09購02,0,0,0,0,0,0,0,0,0,100000,0,0,0,100000,0,100000,100000
1953,089293,緯創麥證09購01,0,0,0,100000,0,100000,0,0,0,100000,0,0,0,100000,0,100000,100000
1954,089246,和潤永豐09購01,0,0,0,0,0,0,0,0,0,100000,0,0,0,100000,0,100000,100000
1955,089472,美食國票0A購01,0,0,0,0,0,0,0,0,0,100000,0,0,0,100000,0,100000,100000
1956,089463,裕隆國票0A購01,0,0,0,0,0,0,0,0,0,100000,0,0,0,100000,0,100000,100000
1957,088954,聯電國票0B購02,0,0,0,0,0,0,0,0,0,100000,0,0,0,112000,12000,100000,100000
1958,088852,長興永豐09購01,0,0,0,0,0,0,0,0,0,100000,0,0,0,100000,0,100000,100000
1959,089061,乙盛永豐09購03,0,0,0,0,0,0,0,0,0,100000,0,0,0,100000,0,100000,100000
1960,089930,瑞昱永豐0A購01,0,0,0,0,0,0,0,0,0,100000,0,0,0,140000,40000,100000,100000
1961,089972,聯發科元大0A購04,0,0,0,0,0,0,0,0,0,100000,0,0,0,100000,0,100000,100000
1962,030281,南亞科台新0A購01,0,0,0,0,0,0,0,0,0,99000,0,0,0,110000,11000,99000,99000
1963,087135,聯電國票0B購01,0,0,0,0,0,0,0,0,0,99000,0,0,0,185000,86000,99000,99000
1964,080705,宏達電凱基08購01,0,0,0,0,0,0,0,0,0,99000,0,0,0,100000,1000,99000,99000
1965,083432,聯電凱基08購06,0,0,0,0,0,0,0,0,0,99000,0,0,0,111000,12000,99000,99000
1966,037238,台光電元大0C購01,0,0,0,0,0,0,0,0,0,99000,0,0,0,125000,26000,99000,99000
1967,034140,新光鋼凱基0B購01,0,0,0,0,0,0,0,0,0,99000,0,0,0,871000,772000,99000,99000
1968,034166,國泰金永豐0B購01,0,0,0,0,0,0,0,0,0,99000,0,0,0,99000,0,99000,99000
1969,034471,力鵬元大0B購01,0,0,0,0,0,0,0,0,0,99000,0,0,0,101000,2000,99000,99000
1970,036083,燁輝元大11購03,0,0,0,0,0,0,0,0,0,99000,0,0,0,99000,0,99000,99000
1971,035019,中興電凱基0B購04,0,0,0,0,0,0,0,0,0,99000,0,0,0,99000,0,99000,99000
1972,034548,欣興統一11購03,0,0,0,0,0,0,0,0,0,99000,0,0,0,99000,0,99000,99000
1973,06523P,聯電元大09售04,0,0,0,0,0,0,0,0,0,99000,0,0,0,100000,1000,99000,99000
1974,039633,友達永豐11購03,0,0,0,0,0,0,0,0,0,99000,0,0,0,99000,0,99000,99000
1975,039899,允強永豐11購04,0,0,0,0,0,0,0,0,0,99000,0,0,0,195000,96000,99000,99000
1976,038498,中纖永豐11購01,0,0,0,0,0,0,0,0,0,99000,0,0,0,99000,0,99000,99000
1977,089107,聯電國票0C購01,0,0,0,0,0,0,0,0,0,99000,0,0,0,183000,84000,99000,99000
1978,6271,同欣電,1127217,1495034,-367817,0,0,0,242000,0,242000,224309,352531,124656,227875,146000,149566,-3566,98492
1979,033168,台玻永豐0B購01,0,0,0,0,0,0,0,0,0,98000,0,0,0,135000,37000,98000,98000
1980,032474,長榮航中信0A購03,0,0,0,0,0,0,0,0,0,98000,0,0,0,98000,0,98000,98000
1981,035855,祥碩統一13購01,0,0,0,0,0,0,0,0,0,98000,0,0,0,182000,84000,98000,98000
1982,036207,南電統一12購01,0,0,0,0,0,0,0,0,0,98000,0,0,0,98000,0,98000,98000
1983,036691,國喬國泰12購02,0,0,0,0,0,0,0,0,0,98000,0,0,0,98000,0,98000,98000
1984,037128,台表科元大0C購03,0,20000,-20000,0,0,0,0,0,0,118000,0,0,0,266000,148000,118000,98000
1985,06905P,臺股指中信12售02,0,0,0,0,0,0,0,0,0,98000,0,0,0,150000,52000,98000,98000
1986,035105,富邦金元大0C購03,0,0,0,0,0,0,0,0,0,97000,0,0,0,109000,12000,97000,97000
1987,035945,新唐凱基11購02,0,0,0,0,0,0,0,0,0,97000,0,0,0,355000,258000,97000,97000
1988,032283,華夏中信0A購01,0,0,0,0,0,0,0,0,0,97000,0,0,0,97000,0,97000,97000
1989,031604,中興電元富0A購01,0,0,0,0,0,0,0,0,0,97000,0,0,0,97000,0,97000,97000
1990,032325,百和元富0A購01,0,0,0,0,0,0,0,0,0,97000,0,0,0,97000,0,97000,97000
1991,031729,百和群益0C購01,0,0,0,0,0,0,0,0,0,97000,0,0,0,97000,0,97000,97000
1992,033145,京鼎元大0B購01,0,0,0,0,0,0,0,0,0,97000,0,0,0,107000,10000,97000,97000
1993,081467,創意元富11購01,0,0,0,0,0,0,0,0,0,97000,0,0,0,102000,5000,97000,97000
1994,07430P,第一銅國票0C售02,0,0,0,0,0,0,0,0,0,97000,0,0,0,167000,70000,97000,97000
1995,088476,廣宇國票0A購02,0,0,0,0,0,0,0,0,0,97000,0,0,0,97000,0,97000,97000
1996,038317,啟碁群益13購01,0,0,0,0,0,0,0,0,0,97000,0,0,0,167000,70000,97000,97000
1997,089555,國喬統一0B購01,0,0,0,0,0,0,0,0,0,97000,0,0,0,97000,0,97000,97000
1998,089607,聯發科群益0C購05,0,0,0,0,0,0,0,0,0,97000,0,0,0,97000,0,97000,97000
1999,2535,達欣工,142000,45000,97000,0,0,0,0,0,0,0,0,0,0,0,0,0,97000
2000,1219,福壽,187000,91000,96000,0,0,0,0,0,0,100,100,0,100,0,0,0,96100
2001,030710,群創群益0C購01,0,0,0,0,0,0,0,0,0,96000,0,0,0,96000,0,96000,96000
2002,00730,富邦臺灣優質高息,3000,29000,-26000,0,0,0,0,0,0,122000,0,0,0,251000,129000,122000,96000
2003,031870,春源凱基0C購01,0,0,0,0,0,0,0,0,0,96000,0,0,0,246000,150000,96000,96000
2004,034318,新纖群益0B購02,0,0,0,0,0,0,0,0,0,96000,0,0,0,96000,0,96000,96000
2005,033504,欣興統一11購01,0,0,0,0,0,0,0,0,0,96000,0,0,0,106000,10000,96000,96000
2006,032738,正新凱基0A購01,0,0,0,0,0,0,0,0,0,96000,0,0,0,96000,0,96000,96000
2007,032732,南紡凱基0C購02,0,0,0,0,0,0,0,0,0,96000,0,0,0,96000,0,96000,96000
2008,035599,裕民元大0B購07,0,0,0,0,0,0,0,0,0,96000,0,0,0,181000,85000,96000,96000
2009,035903,友達群益0C購01,0,0,0,0,0,0,0,0,0,96000,0,0,0,96000,0,96000,96000
2010,035704,中鋼元大0C購05,0,0,0,0,0,0,0,0,0,96000,0,0,0,96000,0,96000,96000
2011,088794,美食群益09購02,0,0,0,0,0,0,0,0,0,96000,0,0,0,96000,0,96000,96000
2012,084119,聯發科群益08購12,0,0,0,0,0,0,0,0,0,96000,0,0,0,96000,0,96000,96000
2013,086308,華邦電凱基12購01,0,0,0,0,0,0,0,0,0,96000,0,0,0,101000,5000,96000,96000
2014,085851,華邦電統一0A購04,0,0,0,0,0,0,0,0,0,96000,0,0,0,99000,3000,96000,96000
2015,085130,瑞昱統一0A購02,0,0,0,0,0,0,0,0,0,96000,0,0,0,108000,12000,96000,96000
2016,036118,智邦群益0C購01,0,0,0,0,0,0,0,0,0,96000,0,0,0,117000,21000,96000,96000
2017,035352,臻鼎國泰11購01,0,0,0,0,0,0,0,0,0,96000,0,0,0,98000,2000,96000,96000
2018,038550,華新科國泰13購01,0,0,0,0,0,0,0,0,0,96000,0,0,0,116000,20000,96000,96000
2019,07317P,臺股指中信13售06,0,0,0,0,0,0,0,0,0,96000,0,0,0,100000,4000,96000,96000
2020,2423,固緯,100000,4000,96000,0,0,0,0,0,0,0,0,0,0,0,0,0,96000
2021,6155,鈞寶,333000,237000,96000,0,0,0,0,0,0,-12,0,12,-12,0,0,0,95988
2022,031573,台積電凱基14購04,0,0,0,0,0,0,0,0,0,95000,0,0,0,235000,140000,95000,95000
2023,031761,力麗元富0B購01,0,0,0,0,0,0,0,0,0,95000,0,0,0,200000,105000,95000,95000
2024,031721,台積電群益12購02,0,0,0,0,0,0,0,0,0,95000,0,0,0,95000,0,95000,95000
2025,032363,冠德凱基0A購01,0,0,0,0,0,0,0,0,0,95000,0,0,0,130000,35000,95000,95000
2026,033243,瑞昱元大0B購03,0,0,0,0,0,0,0,0,0,95000,0,0,0,119000,24000,95000,95000
2027,030574,仁寶富邦0C購01,0,0,0,0,0,0,0,0,0,95000,0,0,0,95000,0,95000,95000
2028,085389,日月光兆豐09購01,0,0,0,0,0,0,0,0,0,95000,0,0,0,95000,0,95000,95000
2029,086217,台達電統一0A購03,0,0,0,0,0,0,0,0,0,95000,0,0,0,105000,10000,95000,95000
2030,087034,中砂凱基09購01,0,0,0,0,0,0,0,0,0,95000,0,0,0,95000,0,95000,95000
2031,086662,嘉澤國票0A購01,0,0,0,0,0,0,0,0,0,95000,0,0,0,105000,10000,95000,95000
2032,081376,聯電麥證0A購01,0,0,0,141000,0,141000,0,0,0,95000,0,0,0,141000,46000,95000,95000
2033,088172,開發金元大11購01,0,0,0,0,0,0,0,0,0,95000,0,0,0,98000,3000,95000,95000
2034,036296,裕民元大12購01,0,0,0,0,0,0,0,0,0,95000,0,0,0,140000,45000,95000,95000
2035,035211,中石化富邦11購01,0,0,0,0,0,0,0,0,0,95000,0,0,0,96000,1000,95000,95000
2036,034528,聯電麥證0B購03,0,0,0,134000,11000,123000,0,0,0,95000,0,0,0,135000,40000,95000,95000
2037,033375,華新元大11購01,0,0,0,0,0,0,0,0,0,95000,0,0,0,131000,36000,95000,95000
2038,06438P,鴻海國票0B售03,0,0,0,0,0,0,0,0,0,95000,0,0,0,95000,0,95000,95000
2039,1731,美吾華,125000,30000,95000,0,0,0,0,0,0,0,0,0,0,0,0,0,95000
2040,089921,旺宏麥證0A購01,0,0,0,150000,55000,95000,0,0,0,95000,0,0,0,150000,55000,95000,95000
2041,00693U,期街口S&P黃豆,458000,19000,439000,0,0,0,0,0,0,-344780,0,0,0,73220,418000,-344780,94220
2042,031365,南亞永豐0A購01,0,0,0,0,0,0,0,0,0,94000,0,0,0,115000,21000,94000,94000
2043,031738,華榮凱基0C購02,0,0,0,0,0,0,0,0,0,94000,0,0,0,110000,16000,94000,94000
2044,031693,台聚永豐0A購02,0,0,0,0,0,0,0,0,0,94000,0,0,0,94000,0,94000,94000
2045,083787,聯電統一0A購03,0,0,0,0,0,0,0,0,0,94000,0,0,0,115000,21000,94000,94000
2046,07408P,T50正2凱基0C售04,0,0,0,0,0,0,0,0,0,94000,0,0,0,194000,100000,94000,94000
2047,07514P,玉晶光元富14售03,0,0,0,0,0,0,0,0,0,94000,0,0,0,94000,0,94000,94000
2048,034588,新纖統一0C購02,0,0,0,0,0,0,0,0,0,94000,0,0,0,124000,30000,94000,94000
2049,037373,威鋒電群益12購01,0,0,0,0,0,0,0,0,0,94000,0,0,0,292000,198000,94000,94000
2050,037506,榮運群益0C購01,0,0,0,0,0,0,0,0,0,94000,0,0,0,104000,10000,94000,94000
2051,05168P,宏碁元富0C售02,0,0,0,0,0,0,0,0,0,94000,0,0,0,99000,5000,94000,94000
2052,039913,遠東新中信12購01,0,0,0,0,0,0,0,0,0,94000,0,0,0,94000,0,94000,94000
2053,038293,矽格永豐11購01,0,0,0,0,0,0,0,0,0,94000,0,0,0,466000,372000,94000,94000
2054,089997,南帝中信0A購02,0,0,0,0,0,0,0,0,0,94000,0,0,0,94000,0,94000,94000
2055,089622,中纖凱基12購01,0,0,0,0,0,0,0,0,0,94000,0,0,0,197000,103000,94000,94000
2056,089062,東鋼凱基0C購01,0,0,0,0,0,0,0,0,0,94000,0,0,0,116000,22000,94000,94000
2057,031581,志聖凱基0B購01,0,0,0,0,0,0,0,0,0,93000,0,0,0,178000,85000,93000,93000
2058,037830,聚鼎永豐0C購02,0,0,0,0,0,0,0,0,0,93000,0,0,0,183000,90000,93000,93000
2059,037375,順德永豐0C購02,0,0,0,0,0,0,0,0,0,93000,0,0,0,250000,157000,93000,93000
2060,037283,台聚元大0C購03,0,0,0,0,0,0,0,0,0,93000,0,0,0,93000,0,93000,93000
2061,034154,瀚宇博凱基0B購01,0,0,0,0,0,0,0,0,0,93000,0,0,0,100000,7000,93000,93000
2062,036463,台玻元大11購01,0,0,0,0,0,0,0,0,0,93000,0,0,0,96000,3000,93000,93000
2063,035171,長榮國票12購03,0,0,0,0,0,0,0,0,0,93000,0,0,0,132000,39000,93000,93000
2064,033580,中纖凱基12購02,0,0,0,0,0,0,0,0,0,93000,0,0,0,100000,7000,93000,93000
2065,038843,聯詠麥證11購01,0,0,0,465000,400000,65000,0,0,0,93000,0,0,0,523000,430000,93000,93000
2066,06464P,鴻海國票0B售04,0,0,0,0,0,0,0,0,0,93000,0,0,0,93000,0,93000,93000
2067,1104,環泥,133000,40000,93000,0,0,0,0,0,0,0,0,0,0,0,0,0,93000
2068,1528,恩德,452000,358000,94000,0,0,0,0,1000,-1000,0,0,0,0,0,0,0,93000
2069,034862,晶技元大0C購02,0,0,0,0,0,0,0,0,0,92000,0,0,0,117000,25000,92000,92000
2070,036095,晶相光元大0C購02,0,0,0,0,0,0,0,0,0,92000,0,0,0,109000,17000,92000,92000
2071,036394,華新科國泰12購01,0,0,0,0,0,0,0,0,0,92000,0,0,0,92000,0,92000,92000
2072,037105,南紡康和11購01,0,0,0,0,0,0,0,0,0,92000,0,0,0,92000,0,92000,92000
2073,037799,台聚元大12購01,0,0,0,0,0,0,0,0,0,92000,0,0,0,112000,20000,92000,92000
2074,06274P,台積電元大08售25,0,0,0,0,0,0,0,0,0,92000,0,0,0,92000,0,92000,92000
2075,038447,漢翔元大11購01,0,0,0,0,0,0,0,0,0,92000,0,0,0,108000,16000,92000,92000
2076,3550,聯穎,219000,127000,92000,0,0,0,0,0,0,0,0,0,0,0,0,0,92000
2077,3030,德律,188000,96000,92000,0,0,0,0,0,0,0,0,0,0,0,0,0,92000
2078,032166,寶成元富0A購01,0,0,0,0,0,0,0,0,0,91000,0,0,0,91000,0,91000,91000
2079,030722,正隆元大0A購01,0,0,0,0,0,0,0,0,0,91000,0,0,0,91000,0,91000,91000
2080,087682,台積電元大0B購05,0,0,0,0,0,0,0,0,0,91000,0,0,0,168000,77000,91000,91000
2081,087790,創意永豐09購01,0,0,0,0,0,0,0,0,0,91000,0,0,0,91000,0,91000,91000
2082,088462,中興電元富0B購01,0,0,0,0,0,0,0,0,0,91000,0,0,0,91000,0,91000,91000
2083,037916,同欣電凱基13購01,0,0,0,0,0,0,0,0,0,91000,0,0,0,102000,11000,91000,91000
2084,036440,國巨兆豐0C購01,0,0,0,0,0,0,0,0,0,91000,0,0,0,101000,10000,91000,91000
2085,038598,燁輝群益14購02,0,0,0,0,0,0,0,0,0,91000,0,0,0,252000,161000,91000,91000
2086,038306,大成鋼群益13購02,0,0,0,0,0,0,0,0,0,91000,0,0,0,91000,0,91000,91000
2087,07158P,南電國泰11售01,0,0,0,0,0,0,0,0,0,91000,0,0,0,119000,28000,91000,91000
2088,089318,群創國票0B購01,0,0,0,0,0,0,0,0,0,91000,0,0,0,111000,20000,91000,91000
2089,030847,聯詠兆豐0B購02,0,0,0,0,0,0,0,0,0,90000,0,0,0,90000,0,90000,90000
2090,031106,華新科群益0A購02,0,0,0,0,0,0,0,0,0,90000,0,0,0,90000,0,90000,90000
2091,031173,國喬永豐0A購01,0,0,0,0,0,0,0,0,0,90000,0,0,0,90000,0,90000,90000
2092,030713,帆宣群益0B購01,0,0,0,0,0,0,0,0,0,90000,0,0,0,90000,0,90000,90000
2093,031454,台苯群益0A購01,0,0,0,0,0,0,0,0,0,90000,0,0,0,100000,10000,90000,90000
2094,033251,聯陽元大11購01,0,0,0,0,0,0,0,0,0,90000,0,0,0,401000,311000,90000,90000
2095,032990,台積電元富12購05,0,0,0,0,0,0,0,0,0,90000,0,0,0,100000,10000,90000,90000
2096,035820,力鵬元大0B購02,0,0,0,0,0,0,0,0,0,90000,0,0,0,90000,0,90000,90000
2097,035967,友達元大0C購13,0,0,0,0,0,0,0,0,0,90000,0,0,0,100000,10000,90000,90000
2098,087939,創意統一0B購04,0,0,0,0,0,0,0,0,0,90000,0,0,0,90000,0,90000,90000
2099,087637,富邦金凱基0B購02,0,0,0,0,0,0,0,0,0,90000,0,0,0,90000,0,90000,90000
2100,086832,聯發科元大09購04,0,0,0,0,0,0,0,0,0,90000,0,0,0,91000,1000,90000,90000
2101,076612,台光電國票08購01,0,0,0,0,0,0,0,0,0,90000,0,0,0,90000,0,90000,90000
2102,07602P,聯發科凱基12售03,0,0,0,0,0,0,0,0,0,90000,0,0,0,151000,61000,90000,90000
2103,079764,茂林國泰08購01,0,0,0,0,0,0,0,0,0,90000,0,0,0,90000,0,90000,90000
2104,036304,群創元大13購01,0,0,0,0,0,0,0,0,0,90000,0,0,0,90000,0,90000,90000
2105,036685,GIS國票0C購01,0,0,0,0,0,0,0,0,0,90000,0,0,0,90000,0,90000,90000
2106,034087,友達元大0B購09,0,0,0,0,0,0,0,0,0,90000,0,0,0,470000,380000,90000,90000
2107,037242,國泰金元大0C購06,0,0,0,0,0,0,0,0,0,90000,0,0,0,116000,26000,90000,90000
2108,035389,中石化永豐0B購02,0,0,0,0,0,0,0,0,0,90000,0,0,0,99000,9000,90000,90000
2109,037923,義隆群益0C購01,0,0,0,0,0,0,0,0,0,90000,0,0,0,101000,11000,90000,90000
2110,038577,同欣電富邦13購02,0,0,0,0,0,0,0,0,0,90000,0,0,0,352000,262000,90000,90000
2111,038510,盛餘永豐11購02,0,0,0,0,0,0,0,0,0,90000,0,0,0,90000,0,90000,90000
2112,038471,春雨康和12購01,0,0,0,0,0,0,0,0,0,90000,0,0,0,90000,0,90000,90000
2113,038399,春雨凱基11購01,0,0,0,0,0,0,0,0,0,90000,0,0,0,90000,0,90000,90000
2114,039108,潤泰全國票12購01,0,0,0,0,0,0,0,0,0,90000,0,0,0,90000,0,90000,90000
2115,040220,臺股指國票11購08,0,0,0,0,0,0,0,0,0,90000,0,0,0,100000,10000,90000,90000
2116,039838,遠東新國票12購01,0,0,0,0,0,0,0,0,0,90000,0,0,0,100000,10000,90000,90000
2117,089967,宏碁元大0A購01,0,0,0,0,0,0,0,0,0,90000,0,0,0,90000,0,90000,90000
2118,089766,正隆凱基11購01,0,0,0,0,0,0,0,0,0,90000,0,0,0,93000,3000,90000,90000
2119,035909,美時永豐0C購01,0,0,0,0,0,0,0,0,0,89000,0,0,0,103000,14000,89000,89000
2120,035845,智原元大0B購06,0,0,0,0,0,0,0,0,0,89000,0,0,0,89000,0,89000,89000
2121,032786,台航元大0B購02,0,0,0,0,0,0,0,0,0,89000,0,0,0,90000,1000,89000,89000
2122,032502,旺宏永豐0A購03,0,0,0,0,0,0,0,0,0,89000,0,0,0,181000,92000,89000,89000
2123,032354,中鋼凱基12購03,0,0,0,0,0,0,0,0,0,89000,0,0,0,107000,18000,89000,89000
2124,080874,中石化中信0A購01,0,0,0,0,0,0,0,0,0,89000,0,0,0,204000,115000,89000,89000
2125,084669,聯發科國票09購05,0,0,0,0,0,0,0,0,0,89000,0,0,0,89000,0,89000,89000
2126,087984,臻鼎凱基0B購01,0,0,0,0,0,0,0,0,0,89000,0,0,0,95000,6000,89000,89000
2127,037635,威盛元富13購03,0,0,0,0,0,0,0,0,0,89000,0,0,0,89000,0,89000,89000
2128,034485,聯發科元大0C購09,0,0,0,0,0,0,0,0,0,89000,0,0,0,157000,68000,89000,89000
2129,037142,台積電元富13購08,0,0,0,0,0,0,0,0,0,89000,0,0,0,89000,0,89000,89000
2130,034137,亞聚凱基0B購02,0,0,0,0,0,0,0,0,0,89000,0,0,0,89000,0,89000,89000
2131,039732,大成鋼國泰13購05,0,0,0,0,0,0,0,0,0,89000,0,0,0,89000,0,89000,89000
2132,039358,力成國票12購01,0,0,0,0,0,0,0,0,0,89000,0,0,0,271000,182000,89000,89000
2133,038503,榮成永豐11購01,0,0,0,0,0,0,0,0,0,89000,0,0,0,89000,0,89000,89000
2134,031733,亞聚凱基14購01,0,0,0,0,0,0,0,0,0,88000,0,0,0,88000,0,88000,88000
2135,030135,農林凱基11購01,0,0,0,0,0,0,0,0,0,88000,0,0,0,91000,3000,88000,88000
2136,035595,華邦電元大0C購05,0,0,0,0,0,0,0,0,0,88000,0,0,0,246000,158000,88000,88000
2137,034053,富邦金麥證0B購01,0,0,0,206000,112000,94000,0,0,0,88000,0,0,0,206000,118000,88000,88000
2138,037222,裕民富邦11購01,0,0,0,0,0,0,0,0,0,88000,0,0,0,452000,364000,88000,88000
2139,037927,界霖群益12購01,0,0,0,0,0,0,0,0,0,88000,0,0,0,88000,0,88000,88000
2140,039146,勝一群益12購01,0,0,0,0,0,0,0,0,0,88000,0,0,0,175000,87000,88000,88000
2141,038975,台玻國票12購01,0,0,0,0,0,0,0,0,0,88000,0,0,0,91000,3000,88000,88000
2142,039056,矽創群益15購01,0,0,0,0,0,0,0,0,0,88000,0,0,0,88000,0,88000,88000
2143,039836,矽格麥證11購02,0,0,0,202000,114000,88000,0,0,0,88000,0,0,0,202000,114000,88000,88000
2144,040062,晶華元大12購01,0,0,0,0,0,0,0,0,0,88000,0,0,0,110000,22000,88000,88000
2145,06437P,旺宏群益0B售03,0,0,0,0,0,0,0,0,0,88000,0,0,0,133000,45000,88000,88000
2146,089681,聯發科元大09購16,0,0,0,0,0,0,0,0,0,88000,0,0,0,98000,10000,88000,88000
2147,2365,昆盈,201000,113000,88000,0,0,0,0,0,0,0,0,0,0,0,0,0,88000
2148,2106,建大,222000,140000,82000,0,0,0,0,0,0,6000,6000,0,6000,0,0,0,88000
2149,032848,聯發科永豐0A購04,0,0,0,0,0,0,0,0,0,87000,0,0,0,187000,100000,87000,87000
2150,031059,聯發科元大0C購06,0,0,0,0,0,0,0,0,0,87000,0,0,0,108000,21000,87000,87000
2151,036958,盛群永豐0C購01,0,0,0,0,0,0,0,0,0,87000,0,0,0,436000,349000,87000,87000
2152,036442,聯詠兆豐11購01,0,0,0,0,0,0,0,0,0,87000,0,0,0,244000,157000,87000,87000
2153,089918,南電凱基11購01,0,0,0,0,0,0,0,0,0,87000,0,0,0,325000,238000,87000,87000
2154,032834,長榮富邦0B購03,0,0,0,0,0,0,0,0,0,86000,0,0,0,86000,0,86000,86000
2155,086896,泰金寶群益09購01,0,0,0,0,0,0,0,0,0,86000,0,0,0,86000,0,86000,86000
2156,085307,瑞昱元大08購03,0,0,0,0,0,0,0,0,0,86000,0,0,0,86000,0,86000,86000
2157,084710,巨大統一0A購01,0,0,0,0,0,0,0,0,0,86000,0,0,0,312000,226000,86000,86000
2158,079981,台積電統一08購01,0,0,0,0,0,0,0,0,0,86000,0,0,0,486000,400000,86000,86000
2159,033697,元翎元大0B購01,0,0,0,0,0,0,0,0,0,86000,0,0,0,221000,135000,86000,86000
2160,037518,智伸科永豐0C購01,0,0,0,0,0,0,0,0,0,86000,0,0,0,86000,0,86000,86000
2161,038912,同欣電群益11購02,0,0,0,0,0,0,0,0,0,86000,0,0,0,96000,10000,86000,86000
2162,038834,台玻麥證11購02,0,0,0,223000,107000,116000,0,0,0,86000,0,0,0,229000,143000,86000,86000
2163,038240,偉詮電元大11購02,0,0,0,0,0,0,0,0,0,86000,0,0,0,189000,103000,86000,86000
2164,038093,台玻國泰13購01,0,0,0,0,0,0,0,0,0,86000,0,0,0,125000,39000,86000,86000
2165,038121,榮運凱基15購01,0,0,0,0,0,0,0,0,0,86000,0,0,0,96000,10000,86000,86000
2166,030992,致新元大0A購03,0,0,0,0,0,0,0,0,0,85000,0,0,0,141000,56000,85000,85000
2167,031082,致新元大0C購01,0,0,0,0,0,0,0,0,0,85000,0,0,0,91000,6000,85000,85000
2168,031923,緯穎永豐0A購01,0,0,0,0,0,0,0,0,0,85000,0,0,0,110000,25000,85000,85000
2169,032949,聚陽元大0B購01,0,0,0,0,0,0,0,0,0,85000,0,0,0,97000,12000,85000,85000
2170,033492,友達統一15購02,0,0,0,0,0,0,0,0,0,85000,0,0,0,214000,129000,85000,85000
2171,084892,鴻海統一0C購03,0,0,0,0,0,0,0,0,0,85000,0,0,0,85000,0,85000,85000
2172,086260,台橡永豐09購01,0,0,0,0,0,0,0,0,0,85000,0,0,0,85000,0,85000,85000
2173,087152,美律國泰0B購01,0,0,0,0,0,0,0,0,0,85000,0,0,0,120000,35000,85000,85000
2174,088588,瑞軒統一09購01,0,0,0,0,0,0,0,0,0,85000,0,0,0,85000,0,85000,85000
2175,088315,惠特凱基09購02,0,0,0,0,0,0,0,0,0,85000,0,0,0,124000,39000,85000,85000
2176,037590,聯發科群益0C購10,0,0,0,0,0,0,0,0,0,85000,0,0,0,98000,13000,85000,85000
2177,036104,致新元大11購01,0,0,0,0,0,0,0,0,0,85000,0,0,0,142000,57000,85000,85000
2178,034376,台玻元大0B購06,0,0,0,0,0,0,0,0,0,85000,0,0,0,94000,9000,85000,85000
2179,036117,國巨群益0C購02,0,0,0,0,0,0,0,0,0,85000,0,0,0,90000,5000,85000,85000
2180,037263,聯電國泰12購03,0,0,0,0,0,0,0,0,0,85000,0,0,0,156000,71000,85000,85000
2181,038478,中鋼麥證15購01,0,0,0,123000,38000,85000,0,0,0,85000,0,0,0,123000,38000,85000,85000
2182,038554,台表科國泰13購01,0,0,0,0,0,0,0,0,0,85000,0,0,0,777000,692000,85000,85000
2183,038651,中華中信11購01,0,0,0,0,0,0,0,0,0,85000,0,0,0,110000,25000,85000,85000
2184,039242,中鋼富邦11購01,0,0,0,0,0,0,0,0,0,85000,0,0,0,177000,92000,85000,85000
2185,2442,新美齊,261000,176000,85000,0,0,0,0,0,0,0,0,0,0,0,0,0,85000
2186,030459,上海銀富邦0B購01,0,0,0,0,0,0,0,0,0,84000,0,0,0,84000,0,84000,84000
2187,086854,南電元大09購05,0,0,0,0,0,0,0,0,0,84000,0,0,0,84000,0,84000,84000
2188,078212,聯電富邦08購01,0,0,0,0,0,0,0,0,0,84000,0,0,0,84000,0,84000,84000
2189,037456,緯穎元大0C購04,0,0,0,0,0,0,0,0,0,84000,0,0,0,84000,0,84000,84000
2190,033782,聯電元大0B購02,0,0,0,0,0,0,0,0,0,84000,0,0,0,270000,186000,84000,84000
2191,033567,台航永豐0B購02,0,0,0,0,0,0,0,0,0,84000,0,0,0,106000,22000,84000,84000
2192,033926,台積電元大0B購08,0,0,0,0,0,0,0,0,0,84000,0,0,0,94000,10000,84000,84000
2193,06347P,台積電元大0C售07,0,0,0,0,0,0,0,0,0,84000,0,0,0,84000,0,84000,84000
2194,039977,晶心科元大11購02,0,0,0,0,0,0,0,0,0,84000,0,0,0,100000,16000,84000,84000
2195,040235,中鋼群益11購09,0,0,0,0,0,0,0,0,0,84000,0,0,0,84000,0,84000,84000
2196,033015,奇力新麥證0A購01,0,0,0,83000,0,83000,0,0,0,83000,0,0,0,83000,0,83000,83000
2197,032384,台光電統一0C購01,0,0,0,0,0,0,0,0,0,83000,0,0,0,100000,17000,83000,83000
2198,033242,瑞昱元大0B購02,0,0,0,0,0,0,0,0,0,83000,0,0,0,133000,50000,83000,83000
2199,080955,同欣電群益08購01,0,0,0,0,0,0,0,0,0,83000,0,0,0,83000,0,83000,83000
2200,07403P,裕民元大0C售05,0,0,0,0,0,0,0,0,0,83000,0,0,0,143000,60000,83000,83000
2201,085741,祥碩兆豐09購01,0,0,0,0,0,0,0,0,0,83000,0,0,0,130000,47000,83000,83000
2202,033668,南紡台新0B購01,0,0,0,0,0,0,0,0,0,83000,0,0,0,88000,5000,83000,83000
2203,036082,燁輝元大0C購04,0,0,0,0,0,0,0,0,0,83000,0,0,0,83000,0,83000,83000
2204,034902,南紡元大0B購04,0,0,0,0,0,0,0,0,0,83000,0,0,0,83000,0,83000,83000
2205,035221,東鋼國泰11購01,0,0,0,0,0,0,0,0,0,83000,0,0,0,103000,20000,83000,83000
2206,037883,聯電國泰13購01,0,0,0,0,0,0,0,0,0,83000,0,0,0,84000,1000,83000,83000
2207,06655P,台積電元大09售29,0,0,0,0,0,0,0,0,0,83000,0,0,0,83000,0,83000,83000
2208,038164,榮運元大13購03,0,0,0,0,0,0,0,0,0,83000,0,0,0,84000,1000,83000,83000
2209,088989,惠特元富09購03,0,0,0,0,0,0,0,0,0,83000,0,0,0,512000,429000,83000,83000
2210,030684,瑞昱兆豐0B購01,0,0,0,0,0,0,0,0,0,82000,0,0,0,89000,7000,82000,82000
2211,035081,聯詠第一15購01,0,0,0,0,0,0,0,0,0,82000,0,0,0,262000,180000,82000,82000
2212,034730,鴻海元大0C購12,0,0,0,0,0,0,0,0,0,82000,0,0,0,141000,59000,82000,82000
2213,035476,大立光富邦13購03,0,0,0,0,0,0,0,0,0,82000,0,0,0,384000,302000,82000,82000
2214,036566,健策元大11購02,0,0,0,0,0,0,0,0,0,82000,0,0,0,236000,154000,82000,82000
2215,036799,欣興台新0C購01,0,0,0,0,0,0,0,0,0,82000,0,0,0,82000,0,82000,82000
2216,038215,大成鋼國泰13購03,0,0,0,0,0,0,0,0,0,82000,0,0,0,207000,125000,82000,82000
2217,038110,燁輝凱基12購03,0,0,0,0,0,0,0,0,0,82000,0,0,0,462000,380000,82000,82000
2218,038398,春源凱基11購03,0,0,0,0,0,0,0,0,0,82000,0,0,0,132000,50000,82000,82000
2219,040212,國光生國票12購01,0,0,0,0,0,0,0,0,0,82000,0,0,0,102000,20000,82000,82000
2220,040030,亞光凱基11購01,0,0,0,0,0,0,0,0,0,82000,0,0,0,118000,36000,82000,82000
2221,039814,盛群元大12購02,0,0,0,0,0,0,0,0,0,82000,0,0,0,117000,35000,82000,82000
2222,07197P,大立光富邦13售02,0,0,0,0,0,0,0,0,0,82000,0,0,0,97000,15000,82000,82000
2223,06843P,聯電康和0A售02,0,0,0,0,0,0,0,0,0,82000,0,0,0,158000,76000,82000,82000
2224,088995,台達化元大09購02,0,0,0,0,0,0,0,0,0,82000,0,0,0,83000,1000,82000,82000
2225,035684,光罩凱基0C購01,0,0,0,0,0,0,0,0,0,81000,0,0,0,500000,419000,81000,81000
2226,031638,亞聚元大0C購01,0,0,0,0,0,0,0,0,0,81000,0,0,0,116000,35000,81000,81000
2227,085120,致伸元大08購01,0,0,0,0,0,0,0,0,0,81000,0,0,0,81000,0,81000,81000
2228,086330,聯電元大09購02,0,0,0,0,0,0,0,0,0,81000,0,0,0,91000,10000,81000,81000
2229,073623,友訊元富0A購01,0,0,0,0,0,0,0,0,0,81000,0,0,0,99000,18000,81000,81000
2230,034626,國光生元富12購01,0,0,0,0,0,0,0,0,0,81000,0,0,0,149000,68000,81000,81000
2231,035229,南電兆豐0B購01,0,0,0,0,0,0,0,0,0,81000,0,0,0,82000,1000,81000,81000
2232,034229,國泰金康和0B購01,0,0,0,0,0,0,0,0,0,81000,0,0,0,114000,33000,81000,81000
2233,037676,華擎兆豐13購01,0,0,0,0,0,0,0,0,0,81000,0,0,0,300000,219000,81000,81000
2234,06860P,臺股指凱基11售06,0,0,0,0,0,0,0,0,0,81000,0,0,0,1220000,1139000,81000,81000
2235,039627,中石化永豐11購02,0,0,0,0,0,0,0,0,0,81000,0,0,0,99000,18000,81000,81000
2236,06550P,臺股指元大09售12,0,0,0,0,0,0,0,0,0,81000,0,0,0,81000,0,81000,81000
2237,089247,南電永豐09購04,0,0,0,0,0,0,0,0,0,81000,0,0,0,81000,0,81000,81000
2238,033532,臻鼎國票0C購01,0,0,0,0,0,0,0,0,0,80000,0,0,0,102000,22000,80000,80000
2239,032916,大亞國票0B購01,0,0,0,0,0,0,0,0,0,80000,0,0,0,80000,0,80000,80000
2240,031865,大亞凱基0C購01,0,0,0,0,0,0,0,0,0,80000,0,0,0,130000,50000,80000,80000
2241,031754,乙盛凱基0A購04,0,0,0,0,0,0,0,0,0,80000,0,0,0,130000,50000,80000,80000
2242,032810,台船國票0B購01,0,0,0,0,0,0,0,0,0,80000,0,0,0,84000,4000,80000,80000
2243,032863,聯陽群益0A購03,0,0,0,0,0,0,0,0,0,80000,0,0,0,90000,10000,80000,80000
2244,030732,旺宏元大0A購02,0,0,0,0,0,0,0,0,0,80000,0,0,0,81000,1000,80000,80000
2245,031178,泰豐永豐0A購02,0,0,0,0,0,0,0,0,0,80000,0,0,0,120000,40000,80000,80000
2246,030285,超豐元富0A購01,0,0,0,0,0,0,0,0,0,80000,0,0,0,130000,50000,80000,80000
2247,035107,開發金元大0B購04,0,0,0,0,0,0,0,0,0,80000,0,0,0,80000,0,80000,80000
2248,035801,中鋼凱基12購04,0,0,0,0,0,0,0,0,0,80000,0,0,0,145000,65000,80000,80000
2249,07618P,玉晶光元富14售05,0,0,0,0,0,0,0,0,0,80000,0,0,0,80000,0,80000,80000
2250,079468,聯發科中信0A購02,0,0,0,0,0,0,0,0,0,80000,0,0,0,100000,20000,80000,80000
2251,078765,聯發科中信0A購01,0,0,0,0,0,0,0,0,0,80000,0,0,0,90000,10000,80000,80000
2252,085493,華邦電凱基08購07,0,0,0,0,0,0,0,0,0,80000,0,0,0,120000,40000,80000,80000
2253,087432,台積電元富0C購08,0,0,0,0,0,0,0,0,0,80000,0,0,0,80000,0,80000,80000
2254,088786,台達電富邦0A購01,0,0,0,0,0,0,0,0,0,80000,0,0,0,150000,70000,80000,80000
2255,036043,長榮航元富13購02,0,0,0,0,0,0,0,0,0,80000,0,0,0,82000,2000,80000,80000
2256,035385,台郡凱基0C購01,0,0,0,0,0,0,0,0,0,80000,0,0,0,80000,0,80000,80000
2257,033402,友達中信0C購01,0,0,0,0,0,0,0,0,0,80000,0,0,0,380000,300000,80000,80000
2258,034519,允強元富0B購01,0,0,0,0,0,0,0,0,0,80000,0,0,0,100000,20000,80000,80000
2259,034207,緯穎元大12購01,0,0,0,0,0,0,0,0,0,80000,0,0,0,227000,147000,80000,80000
2260,06567P,華邦電凱基09售03,0,0,0,0,0,0,0,0,0,80000,0,0,0,80000,0,80000,80000
2261,039583,旺宏國票12購01,0,0,0,0,0,0,0,0,0,80000,0,0,0,90000,10000,80000,80000
2262,038417,東鋼國泰13購01,0,0,0,0,0,0,0,0,0,80000,0,0,0,130000,50000,80000,80000
2263,038437,盛餘元大11購02,0,0,0,0,0,0,0,0,0,80000,0,0,0,150000,70000,80000,80000
2264,039199,潤泰全元大11購01,0,0,0,0,0,0,0,0,0,80000,0,0,0,175000,95000,80000,80000
2265,038905,鴻海群益12購03,0,0,0,0,0,0,0,0,0,80000,0,0,0,80000,0,80000,80000
2266,038911,天鈺群益11購02,0,0,0,0,0,0,0,0,0,80000,0,0,0,185000,105000,80000,80000
2267,071990,華通元富09購01,0,0,0,0,0,0,0,0,0,80000,0,0,0,80000,0,80000,80000
2268,072860,世紀鋼國泰08購01,0,0,0,0,0,0,0,0,0,80000,0,0,0,80000,0,80000,80000
2269,089083,臺股指凱基11購03,0,0,0,0,0,0,0,0,0,80000,0,0,0,80000,0,80000,80000
2270,035724,華擎元大0B購03,7000,0,7000,0,0,0,0,0,0,72000,0,0,0,170000,98000,72000,79000
2271,030217,揚明光凱基0A購01,0,0,0,0,0,0,0,0,0,79000,0,0,0,1098000,1019000,79000,79000
2272,030966,大成鋼元大0A購05,0,0,0,0,0,0,0,0,0,79000,0,0,0,80000,1000,79000,79000
2273,031942,台聚元大0C購01,0,0,0,0,0,0,0,0,0,79000,0,0,0,79000,0,79000,79000
2274,031427,瑞昱凱基0A購02,0,0,0,0,0,0,0,0,0,79000,0,0,0,139000,60000,79000,79000
2275,086920,國巨兆豐09購02,0,0,0,0,0,0,0,0,0,79000,0,0,0,79000,0,79000,79000
2276,086823,旺宏元大09購04,0,0,0,0,0,0,0,0,0,79000,0,0,0,79000,0,79000,79000
2277,081132,台達化凱基08購01,0,0,0,0,0,0,0,0,0,79000,0,0,0,79000,0,79000,79000
2278,034045,裕民元富12購02,0,0,0,0,0,0,0,0,0,79000,0,0,0,200000,121000,79000,79000
2279,037170,美律中信0C購01,0,0,0,0,0,0,0,0,0,79000,0,0,0,139000,60000,79000,79000
2280,034546,國泰金統一0C購02,0,0,0,0,0,0,0,0,0,79000,0,0,0,79000,0,79000,79000
2281,033598,凌陽兆豐0C購01,0,0,0,0,0,0,0,0,0,79000,0,0,0,94000,15000,79000,79000
2282,033609,智邦群益0B購01,0,0,0,0,0,0,0,0,0,79000,0,0,0,98000,19000,79000,79000
2283,035793,台船永豐0B購01,0,0,0,0,0,0,0,0,0,79000,0,0,0,79000,0,79000,79000
2284,037579,榮運中信11購01,0,0,0,0,0,0,0,0,0,79000,0,0,0,110000,31000,79000,79000
2285,07263P,友達元富0C售01,0,0,0,0,0,0,0,0,0,79000,0,0,0,81000,2000,79000,79000
2286,06820P,臺股指凱基0A售11,0,0,0,0,0,0,0,0,0,79000,0,0,0,162000,83000,79000,79000
2287,038822,王品元大13購01,0,0,0,0,0,0,0,0,0,79000,0,0,0,80000,1000,79000,79000
2288,038775,台玻凱基13購01,0,0,0,0,0,0,0,0,0,79000,0,0,0,79000,0,79000,79000
2289,038791,台積電群益15購01,0,0,0,0,0,0,0,0,0,79000,0,0,0,486000,407000,79000,79000
2290,039293,力麗元富11購01,0,0,0,0,0,0,0,0,0,79000,0,0,0,79000,0,79000,79000
2291,038636,燁輝元富14購01,0,0,0,0,0,0,0,0,0,79000,0,0,0,109000,30000,79000,79000
2292,040398,飛宏元富12購02,0,0,0,0,0,0,0,0,0,79000,0,0,0,90000,11000,79000,79000
2293,2419,仲琦,102000,23000,79000,0,0,0,0,0,0,0,0,0,0,0,0,0,79000
2294,6243,迅杰,444000,365000,79000,0,0,0,0,0,0,0,0,0,0,0,0,0,79000
2295,031605,聯電元富0A購02,0,0,0,0,0,0,0,0,0,78000,0,0,0,183000,105000,78000,78000
2296,031487,南紡元大0A購02,0,0,0,0,0,0,0,0,0,78000,0,0,0,78000,0,78000,78000
2297,030972,瑞昱元大0A購02,0,0,0,0,0,0,0,0,0,78000,0,0,0,105000,27000,78000,78000
2298,032806,榮成國票0B購01,0,0,0,0,0,0,0,0,0,78000,0,0,0,78000,0,78000,78000
2299,035102,旺宏元大0C購03,0,0,0,0,0,0,0,0,0,78000,0,0,0,208000,130000,78000,78000
2300,087692,國泰金元大09購01,0,0,0,0,0,0,0,0,0,78000,0,0,0,126000,48000,78000,78000
2301,033344,智原永豐0B購01,0,0,0,0,0,0,0,0,0,78000,0,0,0,78000,0,78000,78000
2302,037340,臺股指麥證13購01,0,0,0,275000,197000,78000,0,0,0,78000,0,0,0,275000,197000,78000,78000
2303,033970,聯電凱基0B購04,0,0,0,0,0,0,0,0,0,78000,0,0,0,127000,49000,78000,78000
2304,06451P,台積電元大09售17,0,0,0,0,0,0,0,0,0,78000,0,0,0,78000,0,78000,78000
2305,040012,聯詠群益11購06,0,0,0,0,0,0,0,0,0,78000,0,0,0,266000,188000,78000,78000
2306,038675,春雨群益13購01,0,0,0,0,0,0,0,0,0,78000,0,0,0,114000,36000,78000,78000
2307,038495,南僑永豐11購01,0,0,0,0,0,0,0,0,0,78000,0,0,0,78000,0,78000,78000
2308,039162,金像電凱基11購04,0,0,0,0,0,0,0,0,0,78000,0,0,0,182000,104000,78000,78000
2309,089053,凌陽永豐09購01,0,0,0,0,0,0,0,0,0,78000,0,0,0,78000,0,78000,78000
2310,089623,東鋼凱基09購04,0,0,0,0,0,0,0,0,0,78000,0,0,0,84000,6000,78000,78000
2311,089544,東鋼國泰0B購01,0,0,0,0,0,0,0,0,0,78000,0,0,0,148000,70000,78000,78000
2312,035605,欣興元大0B購06,0,0,0,0,0,0,0,0,0,77000,0,0,0,134000,57000,77000,77000
2313,032366,嘉晶凱基0A購01,0,0,0,0,0,0,0,0,0,77000,0,0,0,77000,0,77000,77000
2314,084275,同欣電國票08購03,0,0,0,0,0,0,0,0,0,77000,0,0,0,201000,124000,77000,77000
2315,034008,美律群益0B購01,0,0,0,0,0,0,0,0,0,77000,0,0,0,97000,20000,77000,77000
2316,036141,台積電富邦14購02,0,0,0,0,0,0,0,0,0,77000,0,0,0,86000,9000,77000,77000
2317,034860,台驊控元大0C購01,0,0,0,0,0,0,0,0,0,77000,0,0,0,81000,4000,77000,77000
2318,038731,欣興元大12購02,0,0,0,0,0,0,0,0,0,77000,0,0,0,96000,19000,77000,77000
2319,037980,晶技永豐0C購03,0,0,0,0,0,0,0,0,0,77000,0,0,0,82000,5000,77000,77000
2320,06306P,台積電元大08售27,0,0,0,0,0,0,0,0,0,77000,0,0,0,77000,0,77000,77000
2321,2439,美律,186000,111416,74584,0,0,0,0,0,0,2208,6228,20,6208,4000,8000,-4000,76792
2322,4989,榮科,335000,265000,70000,0,0,0,0,0,0,6687,13000,4313,8687,20000,22000,-2000,76687
2323,032475,嘉晶中信0A購01,0,0,0,0,0,0,0,0,0,76000,0,0,0,251000,175000,76000,76000
2324,032557,金像電群益0B購01,0,0,0,0,0,0,0,0,0,76000,0,0,0,76000,0,76000,76000
2325,031047,中鋼元大0A購01,0,0,0,0,0,0,0,0,0,76000,0,0,0,86000,10000,76000,76000
2326,031101,華邦電群益0C購01,0,0,0,0,0,0,0,0,0,76000,0,0,0,327000,251000,76000,76000
2327,030731,旺宏元大0A購01,0,0,0,0,0,0,0,0,0,76000,0,0,0,235000,159000,76000,76000
2328,030887,台積電第一14購02,0,0,0,0,0,0,0,0,0,76000,0,0,0,140000,64000,76000,76000
2329,031350,華東元大0A購01,0,0,0,0,0,0,0,0,0,76000,0,0,0,76000,0,76000,76000
2330,035810,裕民凱基13購01,0,0,0,0,0,0,0,0,0,76000,0,0,0,106000,30000,76000,76000
2331,035701,聯成元大0B購05,0,0,0,0,0,0,0,0,0,76000,0,0,0,76000,0,76000,76000
2332,084538,凌陽統一09購04,0,0,0,0,0,0,0,0,0,76000,0,0,0,76000,0,76000,76000
2333,088229,南電元富09購07,0,0,0,0,0,0,0,0,0,76000,0,0,0,142000,66000,76000,76000
2334,033768,大成鋼群益0C購04,0,0,0,0,0,0,0,0,0,76000,0,0,0,199000,123000,76000,76000
2335,036334,燁輝元富0C購01,0,0,0,0,0,0,0,0,0,76000,0,0,0,176000,100000,76000,76000
2336,037327,順德元富11購02,0,0,0,0,0,0,0,0,0,76000,0,0,0,227000,151000,76000,76000
2337,037684,順德元大0C購04,0,0,0,0,0,0,0,0,0,76000,0,0,0,214000,138000,76000,76000
2338,037925,國泰金群益0C購02,0,0,0,0,0,0,0,0,0,76000,0,0,0,91000,15000,76000,76000
2339,038634,中纖元富11購01,0,0,0,0,0,0,0,0,0,76000,0,0,0,266000,190000,76000,76000
2340,031351,寶成元大0B購01,0,0,0,0,0,0,0,0,0,75000,0,0,0,75000,0,75000,75000
2341,00686R,群益臺灣加權反1,0,0,0,0,0,0,0,0,0,75000,0,0,0,76000,1000,75000,75000
2342,030362,健鼎群益0B購01,0,0,0,0,0,0,0,0,0,75000,0,0,0,95000,20000,75000,75000
2343,031020,華紙凱基0A購01,0,0,0,0,0,0,0,0,0,75000,0,0,0,77000,2000,75000,75000
2344,030631,台郡元大0C購01,0,0,0,0,0,0,0,0,0,75000,0,0,0,231000,156000,75000,75000
2345,033534,力成國票0C購01,0,0,0,0,0,0,0,0,0,75000,0,0,0,175000,100000,75000,75000
2346,079397,聯電國票08購03,0,0,0,0,0,0,0,0,0,75000,0,0,0,75000,0,75000,75000
2347,085411,聯詠元大08購03,0,0,0,0,0,0,0,0,0,75000,0,0,0,75000,0,75000,75000
2348,037154,南紡國票11購01,0,0,0,0,0,0,0,0,0,75000,0,0,0,75000,0,75000,75000
2349,036162,GIS元大0C購03,0,0,0,0,0,0,0,0,0,75000,0,0,0,75000,0,75000,75000
2350,034012,群創群益11購05,0,0,0,0,0,0,0,0,0,75000,0,0,0,75000,0,75000,75000
2351,033569,南電永豐0B購01,0,0,0,0,0,0,0,0,0,75000,0,0,0,106000,31000,75000,75000
2352,038394,南電元大12購03,0,0,0,0,0,0,0,0,0,75000,0,0,0,80000,5000,75000,75000
2353,038001,創意元大13購01,0,0,0,0,0,0,0,0,0,75000,0,0,0,85000,10000,75000,75000
2354,038290,強茂永豐11購01,0,0,0,0,0,0,0,0,0,75000,0,0,0,1090000,1015000,75000,75000
2355,039075,興勤元大12購01,0,0,0,0,0,0,0,0,0,75000,0,0,0,151000,76000,75000,75000
2356,4119,旭富,93000,18000,75000,0,0,0,0,0,0,0,0,0,0,0,0,0,75000
2357,9105,泰金寶-DR,194000,119058,74942,0,0,0,0,0,0,0,0,0,0,0,0,0,74942
2358,9910,豐泰,813560,616825,196735,0,0,0,0,125000,-125000,3100,3100,0,3100,0,0,0,74835
2359,032989,台積電元富12購04,0,0,0,0,0,0,0,0,0,74000,0,0,0,120000,46000,74000,74000
2360,031818,聯發科元大0A購16,0,0,0,0,0,0,0,0,0,74000,0,0,0,74000,0,74000,74000
2361,030227,捷敏凱基0B購01,0,0,0,0,0,0,0,0,0,74000,0,0,0,74000,0,74000,74000
2362,035719,欣興元大0B購07,0,0,0,0,0,0,0,0,0,74000,0,0,0,86000,12000,74000,74000
2363,035678,晶技永豐0B購02,0,0,0,0,0,0,0,0,0,74000,0,0,0,90000,16000,74000,74000
2364,087301,巨大元大09購01,0,0,0,0,0,0,0,0,0,74000,0,0,0,287000,213000,74000,74000
2365,075585,聯發科國票08購03,0,0,0,0,0,0,0,0,0,74000,0,0,0,94000,20000,74000,74000
2366,088593,矽格統一0B購01,0,0,0,0,0,0,0,0,0,74000,0,0,0,272000,198000,74000,74000
2367,034768,長榮國票0C購01,0,0,0,0,0,0,0,0,0,74000,0,0,0,98000,24000,74000,74000
2368,037252,嘉澤元大0C購01,0,0,0,0,0,0,0,0,0,74000,0,0,0,120000,46000,74000,74000
2369,036917,順德麥證0C購01,0,0,0,141000,67000,74000,0,0,0,74000,0,0,0,141000,67000,74000,74000
2370,037683,金寶元大0C購02,0,0,0,0,0,0,0,0,0,74000,0,0,0,97000,23000,74000,74000
2371,037832,和潤永豐0C購01,0,0,0,0,0,0,0,0,0,74000,0,0,0,74000,0,74000,74000
2372,038865,南電中信14購01,0,0,0,0,0,0,0,0,0,74000,0,0,0,242000,168000,74000,74000
2373,039437,新唐元大12購02,0,0,0,0,0,0,0,0,0,74000,0,0,0,373000,299000,74000,74000
2374,038231,燁輝元大11購04,0,0,0,0,0,0,0,0,0,74000,0,0,0,288000,214000,74000,74000
2375,06369P,旺宏元大08售03,0,0,0,0,0,0,0,0,0,74000,0,0,0,129000,55000,74000,74000
2376,040131,中鋼群益11購07,0,0,0,0,0,0,0,0,0,74000,0,0,0,85000,11000,74000,74000
2377,031357,力麗中信0A購01,0,0,0,0,0,0,0,0,0,73000,0,0,0,103000,30000,73000,73000
2378,033154,盛群元大0C購01,0,0,0,0,0,0,0,0,0,73000,0,0,0,73000,0,73000,73000
2379,031776,大成鋼日盛0A購03,0,0,0,0,0,0,0,0,0,73000,0,0,0,95000,22000,73000,73000
2380,031440,大成鋼麥證0C購01,0,0,0,73000,0,73000,0,0,0,73000,0,0,0,73000,0,73000,73000
2381,084051,欣興國票08購02,0,0,0,0,0,0,0,0,0,73000,0,0,0,81000,8000,73000,73000
2382,083793,瑞昱統一08購01,0,0,0,0,0,0,0,0,0,73000,0,0,0,531000,458000,73000,73000
2383,085525,日月光富邦09購01,0,0,0,0,0,0,0,0,0,73000,0,0,0,95000,22000,73000,73000
2384,037403,矽創凱基0C購03,0,0,0,0,0,0,0,0,0,73000,0,0,0,489000,416000,73000,73000
2385,033714,光罩國票0C購01,0,0,0,0,0,0,0,0,0,73000,0,0,0,329000,256000,73000,73000
2386,036613,創意元大11購02,0,0,0,0,0,0,0,0,0,73000,0,0,0,87000,14000,73000,73000
2387,034630,臻鼎康和0B購01,0,0,0,0,0,0,0,0,0,73000,0,0,0,73000,0,73000,73000
2388,035293,聯詠國票0B購06,0,0,0,0,0,0,0,0,0,73000,0,0,0,73000,0,73000,73000
2389,039640,新日興永豐11購01,0,0,0,0,0,0,0,0,0,73000,0,0,0,75000,2000,73000,73000
2390,039832,亞聚麥證11購02,0,0,0,73000,0,73000,0,0,0,73000,0,0,0,73000,0,73000,73000
2391,06906P,臺股指中信12售03,0,0,0,0,0,0,0,0,0,73000,0,0,0,78000,5000,73000,73000
2392,9941,裕融,152000,79000,73000,0,0,0,0,0,0,0,0,0,0,0,0,0,73000
2393,089960,南帝元大0C購01,0,0,0,0,0,0,0,0,0,73000,0,0,0,73000,0,73000,73000
2394,089298,台達電國票0B購01,0,0,0,0,0,0,0,0,0,73000,0,0,0,76000,3000,73000,73000
2395,031960,華邦電元大0A購09,0,0,0,0,0,0,0,0,0,72000,0,0,0,81000,9000,72000,72000
2396,033202,台聚群益0B購01,0,0,0,0,0,0,0,0,0,72000,0,0,0,86000,14000,72000,72000
2397,032073,萬海中信0A購01,0,0,0,0,0,0,0,0,0,72000,0,0,0,120000,48000,72000,72000
2398,00762,元大全球AI,5000,6000,-1000,0,0,0,0,0,0,73000,0,0,0,129000,56000,73000,72000
2399,035664,聯電統一0B購13,0,0,0,0,0,0,0,0,0,72000,0,0,0,91000,19000,72000,72000
2400,086824,華邦電元大09購03,0,0,0,0,0,0,0,0,0,72000,0,0,0,145000,73000,72000,72000
2401,087063,正新群益0A購01,0,0,0,0,0,0,0,0,0,72000,0,0,0,72000,0,72000,72000
2402,084844,大立光元富0C購01,0,0,0,0,0,0,0,0,0,72000,0,0,0,97000,25000,72000,72000
2403,073819,大立光元富0A購01,0,0,0,0,0,0,0,0,0,72000,0,0,0,134000,62000,72000,72000
2404,07497P,臺股指凱基13售09,0,0,0,0,0,0,0,0,0,72000,0,0,0,72000,0,72000,72000
2405,034530,聯發科麥證0C購04,0,0,0,99000,27000,72000,0,0,0,72000,0,0,0,99000,27000,72000,72000
2406,036694,光罩中信0C購01,0,0,0,0,0,0,0,0,0,72000,0,0,0,83000,11000,72000,72000
2407,040124,嘉晶永豐11購03,0,0,0,0,0,0,0,0,0,72000,0,0,0,100000,28000,72000,72000
2408,038131,新纖群益11購01,0,0,0,0,0,0,0,0,0,72000,0,0,0,72000,0,72000,72000
2409,035826,中鋼元大0B購16,0,0,0,0,0,0,0,0,0,71000,0,0,0,121000,50000,71000,71000
2410,035117,聯發科兆豐0B購03,0,0,0,0,0,0,0,0,0,71000,0,0,0,121000,50000,71000,71000
2411,020008,元大特股高息N,0,0,0,0,0,0,0,0,0,71000,0,0,0,73000,2000,71000,71000
2412,033042,富邦金兆豐0B購01,0,0,0,0,0,0,0,0,0,71000,0,0,0,133000,62000,71000,71000
2413,031983,南紡群益0C購01,0,0,0,0,0,0,0,0,0,71000,0,0,0,71000,0,71000,71000
2414,030852,惠特兆豐0A購01,0,0,0,0,0,0,0,0,0,71000,0,0,0,71000,0,71000,71000
2415,031558,玉晶光群益0C購01,0,0,0,0,0,0,0,0,0,71000,0,0,0,123000,52000,71000,71000
2416,031544,大立光永豐0A購02,0,0,0,0,0,0,0,0,0,71000,0,0,0,71000,0,71000,71000
2417,084312,聯發科凱基09購04,0,0,0,0,0,0,0,0,0,71000,0,0,0,71000,0,71000,71000
2418,085473,聯發科麥證0C購02,0,0,0,71000,0,71000,0,0,0,71000,0,0,0,71000,0,71000,71000
2419,037018,欣興麥證0C購01,0,0,0,74000,3000,71000,0,0,0,71000,0,0,0,74000,3000,71000,71000
2420,035408,友達康和0C購01,0,0,0,0,0,0,0,0,0,71000,0,0,0,71000,0,71000,71000
2421,035789,惠特國泰12購01,0,0,0,0,0,0,0,0,0,71000,0,0,0,93000,22000,71000,71000
2422,034478,新光鋼元大0C購02,0,0,0,0,0,0,0,0,0,71000,0,0,0,185000,114000,71000,71000
2423,1514,亞力,266000,195000,71000,0,0,0,0,0,0,0,0,0,0,0,0,0,71000
2424,032771,中鋼元大0A購16,0,0,0,0,0,0,0,0,0,70000,0,0,0,70000,0,70000,70000
2425,031550,矽格中信0B購01,0,0,0,0,0,0,0,0,0,70000,0,0,0,126000,56000,70000,70000
2426,032135,燁輝凱基14購01,0,0,0,0,0,0,0,0,0,70000,0,0,0,118000,48000,70000,70000
2427,032367,群創凱基0A購05,0,0,0,0,0,0,0,0,0,70000,0,0,0,350000,280000,70000,70000
2428,031741,新光鋼凱基0C購01,0,0,0,0,0,0,0,0,0,70000,0,0,0,80000,10000,70000,70000
2429,035619,台玻國票0C購05,0,0,0,0,0,0,0,0,0,70000,0,0,0,82000,12000,70000,70000
2430,035957,東鋼元大0C購04,0,0,0,0,0,0,0,0,0,70000,0,0,0,75000,5000,70000,70000
2431,085560,晶技群益09購01,0,0,0,0,0,0,0,0,0,70000,0,0,0,70000,0,70000,70000
2432,085182,同欣電統一0A購01,0,0,0,0,0,0,0,0,0,70000,0,0,0,70000,0,70000,70000
2433,086543,永冠元大09購01,0,0,0,0,0,0,0,0,0,70000,0,0,0,70000,0,70000,70000
2434,086728,友達康和09購01,0,0,0,0,0,0,0,0,0,70000,0,0,0,789000,719000,70000,70000
2435,087286,美律元大0B購01,0,0,0,0,0,0,0,0,0,70000,0,0,0,72000,2000,70000,70000
2436,087607,聚陽永豐09購02,0,0,0,0,0,0,0,0,0,70000,0,0,0,70000,0,70000,70000
2437,084054,聯電富邦08購02,0,0,0,0,0,0,0,0,0,70000,0,0,0,70000,0,70000,70000
2438,084591,聯鈞富邦09購01,0,0,0,0,0,0,0,0,0,70000,0,0,0,100000,30000,70000,70000
2439,083444,日月光凱基09購01,0,0,0,0,0,0,0,0,0,70000,0,0,0,70000,0,70000,70000
2440,081380,國巨麥證0A購01,0,0,0,120000,50000,70000,0,0,0,70000,0,0,0,120000,50000,70000,70000
2441,07580P,臺股指群益11售17,0,0,0,0,0,0,0,0,0,70000,0,0,0,126000,56000,70000,70000
2442,080868,臻鼎統一08購02,0,0,0,0,0,0,0,0,0,70000,0,0,0,70000,0,70000,70000
2443,088666,燿華元大0A購01,0,0,0,0,0,0,0,0,0,70000,0,0,0,370000,300000,70000,70000
2444,034491,高鐵元大0C購01,0,0,0,0,0,0,0,0,0,70000,0,0,0,70000,0,70000,70000
2445,035517,超豐永豐0B購01,0,0,0,0,0,0,0,0,0,70000,0,0,0,122000,52000,70000,70000
2446,036114,中石化群益12購01,0,0,0,0,0,0,0,0,0,70000,0,0,0,112000,42000,70000,70000
2447,036839,臺股指群益0C購08,0,0,0,0,0,0,0,0,0,70000,0,0,0,90000,20000,70000,70000
2448,037485,力麗凱基11購01,0,0,0,0,0,0,0,0,0,70000,0,0,0,70000,0,70000,70000
2449,037239,台光電元大12購01,0,0,0,0,0,0,0,0,0,70000,0,0,0,103000,33000,70000,70000
2450,037294,智原元大0C購02,0,0,0,0,0,0,0,0,0,70000,0,0,0,70000,0,70000,70000
2451,037537,榮運元大11購01,0,0,0,0,0,0,0,0,0,70000,0,0,0,75000,5000,70000,70000
2452,038066,大成鋼元富13購01,0,0,0,0,0,0,0,0,0,70000,0,0,0,120000,50000,70000,70000
2453,038668,聯茂永豐11購01,0,0,0,0,0,0,0,0,0,70000,0,0,0,181000,111000,70000,70000
2454,06330P,台積電元富0B售11,0,0,0,0,0,0,0,0,0,70000,0,0,0,90000,20000,70000,70000
2455,06441P,台灣50台新09售01,0,0,0,0,0,0,0,0,0,70000,0,0,0,70000,0,70000,70000
2456,06645P,立積元大09售02,0,0,0,0,0,0,0,0,0,70000,0,0,0,70000,0,70000,70000
2457,06745P,台灣50元大0A售15,0,0,0,0,0,0,0,0,0,70000,0,0,0,180000,110000,70000,70000
2458,069055,台表科元富08購01,0,0,0,0,0,0,0,0,0,70000,0,0,0,70000,0,70000,70000
2459,06813P,臺股指元大0A售28,0,0,0,0,0,0,0,0,0,70000,0,0,0,70000,0,70000,70000
2460,07308P,大成鋼元富0C售01,0,0,0,0,0,0,0,0,0,70000,0,0,0,283000,213000,70000,70000
2461,2888A,新光金甲特,0,0,0,0,0,0,0,0,0,70000,70000,0,70000,0,0,0,70000
2462,089411,大立光凱基13購03,0,0,0,0,0,0,0,0,0,70000,0,0,0,70000,0,70000,70000
2463,032353,中鋼凱基0A購04,0,0,0,0,0,0,0,0,0,69000,0,0,0,292000,223000,69000,69000
2464,034284,聯電兆豐0C購02,0,0,0,0,0,0,0,0,0,69000,0,0,0,88000,19000,69000,69000
2465,030094,台積電永豐0A購01,0,0,0,0,0,0,0,0,0,69000,0,0,0,69000,0,69000,69000
2466,030407,超豐元大0A購02,0,0,0,0,0,0,0,0,0,69000,0,0,0,262000,193000,69000,69000
2467,079993,台積電元富09購05,0,0,0,0,0,0,0,0,0,69000,0,0,0,69000,0,69000,69000
2468,083799,日月光統一0A購02,0,0,0,0,0,0,0,0,0,69000,0,0,0,69000,0,69000,69000
2469,037943,和大元大12購01,0,0,0,0,0,0,0,0,0,69000,0,0,0,69000,0,69000,69000
2470,036870,台光電統一0C購02,0,0,0,0,0,0,0,0,0,69000,0,0,0,584000,515000,69000,69000
2471,037078,瑞昱群益11購01,0,0,0,0,0,0,0,0,0,69000,0,0,0,200000,131000,69000,69000
2472,036656,金像電麥證0C購01,0,0,0,70000,1000,69000,0,0,0,69000,0,0,0,70000,1000,69000,69000
2473,033724,國泰金國票0C購01,0,0,0,0,0,0,0,0,0,69000,0,0,0,69000,0,69000,69000
2474,034673,長榮凱基0B購11,0,0,0,0,0,0,0,0,0,69000,0,0,0,89000,20000,69000,69000
2475,040311,聯發科凱基11購05,0,0,0,0,0,0,0,0,0,69000,0,0,0,69000,0,69000,69000
2476,039269,億光凱基12購01,0,0,0,0,0,0,0,0,0,69000,0,0,0,157000,88000,69000,69000
2477,3443,創意,554381,593725,-39344,0,0,0,107000,14000,93000,14517,29405,18742,10663,21854,18000,3854,68173
2478,030556,威盛統一0C購01,0,0,0,0,0,0,0,0,0,68000,0,0,0,69000,1000,68000,68000
2479,033127,國巨元大0A購02,0,0,0,0,0,0,0,0,0,68000,0,0,0,88000,20000,68000,68000
2480,033018,長榮航麥證0B購01,0,0,0,68000,0,68000,0,0,0,68000,0,0,0,68000,0,68000,68000
2481,035937,全新凱基0C購02,0,0,0,0,0,0,0,0,0,68000,0,0,0,237000,169000,68000,68000
2482,083836,明基材凱基09購01,0,0,0,0,0,0,0,0,0,68000,0,0,0,176000,108000,68000,68000
2483,087800,中信金麥證0A購01,0,0,0,68000,0,68000,0,0,0,68000,0,0,0,68000,0,68000,68000
2484,088724,欣興凱基0C購02,0,0,0,0,0,0,0,0,0,68000,0,0,0,70000,2000,68000,68000
2485,034214,大成鋼元富0B購01,0,0,0,0,0,0,0,0,0,68000,0,0,0,68000,0,68000,68000
2486,037187,嘉晶群益11購01,0,0,0,0,0,0,0,0,0,68000,0,0,0,68000,0,68000,68000
2487,037418,群創康和11購02,0,0,0,0,0,0,0,0,0,68000,0,0,0,68000,0,68000,68000
2488,037693,中興電群益0C購01,0,0,0,0,0,0,0,0,0,68000,0,0,0,78000,10000,68000,68000
2489,038475,王品康和11購01,0,0,0,0,0,0,0,0,0,68000,0,0,0,68000,0,68000,68000
2490,038476,欣興康和11購01,0,0,0,0,0,0,0,0,0,68000,0,0,0,197000,129000,68000,68000
2491,2838,聯邦銀,182000,114000,68000,0,0,0,0,0,0,0,0,0,0,0,0,0,68000
2492,088821,達邁元大09購01,0,0,0,0,0,0,0,0,0,68000,0,0,0,68000,0,68000,68000
2493,2548,華固,295468,225000,70468,0,0,0,0,3000,-3000,0,0,0,0,0,0,0,67468
2494,035535,華新科兆豐0B購01,0,0,0,0,0,0,0,0,0,67000,0,0,0,163000,96000,67000,67000
2495,035082,南紡凱基11購02,0,0,0,0,0,0,0,0,0,67000,0,0,0,67000,0,67000,67000
2496,035700,聯成元大0B購04,0,0,0,0,0,0,0,0,0,67000,0,0,0,97000,30000,67000,67000
2497,033489,華邦電統一0C購04,0,0,0,0,0,0,0,0,0,67000,0,0,0,97000,30000,67000,67000
2498,033091,瑞昱元富0C購01,0,0,0,0,0,0,0,0,0,67000,0,0,0,78000,11000,67000,67000
2499,088054,長榮航元大09購05,0,0,0,0,0,0,0,0,0,67000,0,0,0,100000,33000,67000,67000
2500,083387,台積電富邦0A購02,0,0,0,0,0,0,0,0,0,67000,0,0,0,67000,0,67000,67000
2501,036976,聯詠第一16購01,0,0,0,0,0,0,0,0,0,67000,0,0,0,97000,30000,67000,67000
2502,034209,亞聚元富0C購01,0,0,0,0,0,0,0,0,0,67000,0,0,0,67000,0,67000,67000
2503,034917,中鋼麥證11購03,0,0,0,119000,52000,67000,0,0,0,67000,0,0,0,119000,52000,67000,67000
2504,033592,台泥兆豐0C購01,0,0,0,0,0,0,0,0,0,67000,0,0,0,131000,64000,67000,67000
2505,036262,中鋼群益12購02,0,0,0,0,0,0,0,0,0,67000,0,0,0,386000,319000,67000,67000
2506,039959,廣宇元大11購01,0,0,0,0,0,0,0,0,0,67000,0,0,0,87000,20000,67000,67000
2507,031040,群創凱基0B購07,0,0,0,0,0,0,0,0,0,66000,0,0,0,66000,0,66000,66000
2508,032788,長榮航元大11購02,0,0,0,0,0,0,0,0,0,66000,0,0,0,66000,0,66000,66000
2509,035996,燁輝永豐0C購01,0,0,0,0,0,0,0,0,0,66000,0,0,0,76000,10000,66000,66000
2510,035962,國巨元大11購05,0,0,0,0,0,0,0,0,0,66000,0,0,0,66000,0,66000,66000
2511,084294,可成群益09購03,0,0,0,0,0,0,0,0,0,66000,0,0,0,66000,0,66000,66000
2512,082148,惠特元富0A購01,0,0,0,0,0,0,0,0,0,66000,0,0,0,262000,196000,66000,66000
2513,087955,臻鼎元富0C購01,0,0,0,0,0,0,0,0,0,66000,0,0,0,69000,3000,66000,66000
2514,087381,聯電元大11購02,0,0,0,0,0,0,0,0,0,66000,0,0,0,203000,137000,66000,66000
2515,085194,宏碁群益0A購01,0,0,0,0,0,0,0,0,0,66000,0,0,0,166000,100000,66000,66000
2516,084990,聯發科群益09購01,0,0,0,0,0,0,0,0,0,66000,0,0,0,66000,0,66000,66000
2517,034419,友達統一0B購07,0,0,0,0,0,0,0,0,0,66000,0,0,0,66000,0,66000,66000
2518,034420,友達統一0C購06,0,0,0,0,0,0,0,0,0,66000,0,0,0,66000,0,66000,66000
2519,035323,萬海元大0B購11,0,0,0,0,0,0,0,0,0,66000,0,0,0,70000,4000,66000,66000
2520,035264,中鋼統一0B購06,0,0,0,0,0,0,0,0,0,66000,0,0,0,66000,0,66000,66000
2521,035268,聚陽台新0B購01,0,0,0,0,0,0,0,0,0,66000,0,0,0,66000,0,66000,66000
2522,036063,友達群益0C購02,0,0,0,0,0,0,0,0,0,66000,0,0,0,66000,0,66000,66000
2523,034005,友達群益0B購04,0,0,0,0,0,0,0,0,0,66000,0,0,0,66000,0,66000,66000
2524,036858,致新永豐0C購01,0,0,0,0,0,0,0,0,0,66000,0,0,0,342000,276000,66000,66000
2525,037406,華通元富0C購01,0,0,0,0,0,0,0,0,0,66000,0,0,0,106000,40000,66000,66000
2526,037301,允強統一11購02,0,0,0,0,0,0,0,0,0,66000,0,0,0,99000,33000,66000,66000
2527,037214,長榮航元富0C購01,0,0,0,0,0,0,0,0,0,66000,0,0,0,66000,0,66000,66000
2528,039791,景碩統一13購01,0,0,0,0,0,0,0,0,0,66000,0,0,0,70000,4000,66000,66000
2529,039761,遠東新永豐11購01,0,0,0,0,0,0,0,0,0,66000,0,0,0,66000,0,66000,66000
2530,038385,信邦元大15購01,0,0,0,0,0,0,0,0,0,66000,0,0,0,76000,10000,66000,66000
2531,06756P,南帝凱基0A售02,0,0,0,0,0,0,0,0,0,66000,0,0,0,67000,1000,66000,66000
2532,089159,群創元富09購09,0,0,0,0,0,0,0,0,0,66000,0,0,0,66000,0,66000,66000
2533,031399,聯成兆豐0A購01,0,0,0,0,0,0,0,0,0,65000,0,0,0,70000,5000,65000,65000
2534,030529,道瓊銀凱基0C購01,0,0,0,0,0,0,0,0,0,65000,0,0,0,65000,0,65000,65000
2535,00763U,期街口道瓊銅,72000,3000,69000,0,0,0,0,0,0,-4000,0,0,0,4000,8000,-4000,65000
2536,086737,台積電群益0B購02,0,0,0,0,0,0,0,0,0,65000,0,0,0,65000,0,65000,65000
2537,086802,群創統一0B購03,0,0,0,0,0,0,0,0,0,65000,0,0,0,454000,389000,65000,65000
2538,082696,台積電凱基0C購02,0,0,0,0,0,0,0,0,0,65000,0,0,0,65000,0,65000,65000
2539,079294,聯電元富08購06,0,0,0,0,0,0,0,0,0,65000,0,0,0,245000,180000,65000,65000
2540,088247,惠特國票0A購02,0,0,0,0,0,0,0,0,0,65000,0,0,0,75000,10000,65000,65000
2541,088674,台郡元大09購02,0,0,0,0,0,0,0,0,0,65000,0,0,0,75000,10000,65000,65000
2542,034595,聯電統一0C購07,0,0,0,0,0,0,0,0,0,65000,0,0,0,225000,160000,65000,65000
2543,035282,聯電國票0C購04,0,0,0,0,0,0,0,0,0,65000,0,0,0,109000,44000,65000,65000
2544,033676,燁輝元大11購01,0,0,0,0,0,0,0,0,0,65000,0,0,0,117000,52000,65000,65000
2545,038649,春雨中信11購01,0,0,0,0,0,0,0,0,0,65000,0,0,0,100000,35000,65000,65000
2546,038951,光磊元大13購01,0,0,0,0,0,0,0,0,0,65000,0,0,0,130000,65000,65000,65000
2547,039461,美時國票11購02,0,0,0,0,0,0,0,0,0,65000,0,0,0,266000,201000,65000,65000
2548,033158,百和元大0A購03,0,0,0,0,0,0,0,0,0,64000,0,0,0,64000,0,64000,64000
2549,031412,華紙凱基0B購01,0,0,0,0,0,0,0,0,0,64000,0,0,0,70000,6000,64000,64000
2550,07573P,臺股指凱基17售01,0,0,0,0,0,0,0,0,0,64000,0,0,0,80000,16000,64000,64000
2551,086501,國巨麥證11購01,0,0,0,255000,191000,64000,0,0,0,64000,0,0,0,255000,191000,64000,64000
2552,034208,亞聚元富0B購02,0,0,0,0,0,0,0,0,0,64000,0,0,0,64000,0,64000,64000
2553,039229,春源國票11購01,0,0,0,0,0,0,0,0,0,64000,0,0,0,204000,140000,64000,64000
2554,3022,威強電,116000,52000,64000,0,0,0,0,0,0,0,0,0,0,0,0,0,64000
2555,6177,達麗,252000,218000,34000,0,0,0,0,0,0,30000,0,20000,-20000,50000,0,50000,64000
2556,4956,光鋐,1290000,1226000,64000,0,0,0,0,0,0,0,0,0,0,0,0,0,64000
2557,032058,聯詠國票0B購04,0,0,0,0,0,0,0,0,0,63000,0,0,0,63000,0,63000,63000
2558,031164,聯詠國泰0C購01,0,0,0,0,0,0,0,0,0,63000,0,0,0,893000,830000,63000,63000
2559,07406P,裕民元富13售11,0,0,0,0,0,0,0,0,0,63000,0,0,0,76000,13000,63000,63000
2560,083688,矽格統一09購01,0,0,0,0,0,0,0,0,0,63000,0,0,0,1045000,982000,63000,63000
2561,088675,康舒元大09購01,0,0,0,0,0,0,0,0,0,63000,0,0,0,63000,0,63000,63000
2562,034010,裕民群益0B購02,0,0,0,0,0,0,0,0,0,63000,0,0,0,101000,38000,63000,63000
2563,037415,華通康和0C購01,0,0,0,0,0,0,0,0,0,63000,0,0,0,118000,55000,63000,63000
2564,037474,長榮航國泰12購04,0,0,0,0,0,0,0,0,0,63000,0,0,0,139000,76000,63000,63000
2565,033866,中鋼群益0B購10,0,0,0,0,0,0,0,0,0,63000,0,0,0,63000,0,63000,63000
2566,035786,長榮航國泰12購01,0,0,0,0,0,0,0,0,0,63000,0,0,0,392000,329000,63000,63000
2567,034703,愛普群益12購03,0,0,0,0,0,0,0,0,0,63000,0,0,0,123000,60000,63000,63000
2568,040516,新唐元富12購01,0,0,0,0,0,0,0,0,0,63000,0,0,0,100000,37000,63000,63000
2569,6451,訊芯-KY,119000,64000,55000,0,0,0,0,0,0,8000,0,0,0,8000,0,8000,63000
2570,089091,友達統一0B購03,0,0,0,0,0,0,0,0,0,63000,0,0,0,390000,327000,63000,63000
2571,089901,宏達電凱基0A購01,0,0,0,0,0,0,0,0,0,63000,0,0,0,92000,29000,63000,63000
2572,089845,凌陽元大09購01,0,0,0,0,0,0,0,0,0,63000,0,0,0,63000,0,63000,63000
2573,089549,矽格國泰0B購01,0,0,0,0,0,0,0,0,0,63000,0,0,0,63000,0,63000,63000
2574,031000,大成鋼麥證0B購02,0,0,0,80000,18000,62000,0,0,0,62000,0,0,0,80000,18000,62000,62000
2575,031201,亞聚凱基0B購01,0,0,0,0,0,0,0,0,0,62000,0,0,0,160000,98000,62000,62000
2576,032664,致新麥證0A購01,0,0,0,123000,61000,62000,0,0,0,62000,0,0,0,123000,61000,62000,62000
2577,032666,台積電富邦12購01,0,0,0,0,0,0,0,0,0,62000,0,0,0,62000,0,62000,62000
2578,036001,南電永豐0C購01,0,0,0,0,0,0,0,0,0,62000,0,0,0,144000,82000,62000,62000
2579,035834,鴻海元大0B購15,0,0,0,0,0,0,0,0,0,62000,0,0,0,73000,11000,62000,62000
2580,088549,正文群益0A購01,0,0,0,0,0,0,0,0,0,62000,0,0,0,73000,11000,62000,62000
2581,082709,晶技凱基09購01,0,0,0,0,0,0,0,0,0,62000,0,0,0,62000,0,62000,62000
2582,078771,聯電群益08購01,0,0,0,0,0,0,0,0,0,62000,0,0,0,62000,0,62000,62000
2583,033872,聯詠群益0C購02,0,0,0,0,0,0,0,0,0,62000,0,0,0,62000,0,62000,62000
2584,033369,中鋼富邦0B購02,0,0,0,0,0,0,0,0,0,62000,0,0,0,93000,31000,62000,62000
2585,037440,台玻元大0C購08,0,0,0,0,0,0,0,0,0,62000,0,0,0,65000,3000,62000,62000
2586,037198,華邦電第一16購01,0,0,0,0,0,0,0,0,0,62000,0,0,0,240000,178000,62000,62000
2587,039036,聯詠凱基15購01,0,0,0,0,0,0,0,0,0,62000,0,0,0,327000,265000,62000,62000
2588,038608,矽格群益12購01,0,0,0,0,0,0,0,0,0,62000,0,0,0,105000,43000,62000,62000
2589,038302,春源群益12購02,0,0,0,0,0,0,0,0,0,62000,0,0,0,112000,50000,62000,62000
2590,06929P,臺股指元大0C售12,0,0,0,0,0,0,0,0,0,62000,0,0,0,62000,0,62000,62000
2591,035986,光磊國票11購01,0,0,0,0,0,0,0,0,0,61000,0,0,0,203000,142000,61000,61000
2592,031652,聯電元大0A購12,0,0,0,0,0,0,0,0,0,61000,0,0,0,510000,449000,61000,61000
2593,031892,立積凱基0A購05,0,0,0,0,0,0,0,0,0,61000,0,0,0,202000,141000,61000,61000
2594,031756,彩晶凱基14購01,0,0,0,0,0,0,0,0,0,61000,0,0,0,65000,4000,61000,61000
2595,032082,台聚永豐0A購04,0,0,0,0,0,0,0,0,0,61000,0,0,0,100000,39000,61000,61000
2596,07413P,南電群益0C售03,0,0,0,0,0,0,0,0,0,61000,0,0,0,170000,109000,61000,61000
2597,085864,晶技統一09購01,0,0,0,0,0,0,0,0,0,61000,0,0,0,74000,13000,61000,61000
2598,086746,華擎永豐09購01,0,0,0,0,0,0,0,0,0,61000,0,0,0,70000,9000,61000,61000
2599,036185,燁輝統一12購01,0,0,0,0,0,0,0,0,0,61000,0,0,0,67000,6000,61000,61000
2600,036051,友達康和11購01,0,0,0,0,0,0,0,0,0,61000,0,0,0,301000,240000,61000,61000
2601,07302P,友達康和11售02,0,0,0,0,0,0,0,0,0,61000,0,0,0,70000,9000,61000,61000
2602,038191,聯德永豐11購01,0,0,0,0,0,0,0,0,0,61000,0,0,0,279000,218000,61000,61000
2603,038702,聯電凱基15購01,0,0,0,0,0,0,0,0,0,61000,0,0,0,353000,292000,61000,61000
2604,038423,大榮國泰13購01,0,0,0,0,0,0,0,0,0,61000,0,0,0,76000,15000,61000,61000
2605,038820,長榮航元大12購03,0,0,0,0,0,0,0,0,0,61000,0,0,0,82000,21000,61000,61000
2606,039383,新唐國泰13購03,0,0,0,0,0,0,0,0,0,61000,0,0,0,175000,114000,61000,61000
2607,06658P,亞光元大09售05,0,0,0,0,0,0,0,0,0,61000,0,0,0,61000,0,61000,61000
2608,039751,鴻海群益14購02,0,0,0,0,0,0,0,0,0,61000,0,0,0,61000,0,61000,61000
2609,089217,華立群益09購01,0,0,0,0,0,0,0,0,0,61000,0,0,0,61000,0,61000,61000
2610,033287,聯詠統一0C購04,0,0,0,0,0,0,0,0,0,60000,0,0,0,60000,0,60000,60000
2611,030485,長榮永豐0A購02,0,0,0,0,0,0,0,0,0,60000,0,0,0,104000,44000,60000,60000
2612,030566,松翰統一0C購01,0,0,0,0,0,0,0,0,0,60000,0,0,0,60000,0,60000,60000
2613,030314,聯電麥證0C購04,0,0,0,261000,201000,60000,0,0,0,60000,0,0,0,261000,201000,60000,60000
2614,030328,矽格麥證0A購01,0,0,0,207000,147000,60000,0,0,0,60000,0,0,0,207000,147000,60000,60000
2615,031981,聯成群益0B購04,0,0,0,0,0,0,0,0,0,60000,0,0,0,69000,9000,60000,60000
2616,035990,上証2X國泰12購01,0,0,0,0,0,0,0,0,0,60000,0,0,0,60000,0,60000,60000
2617,087354,聯發科麥證09購05,0,0,0,60000,0,60000,0,0,0,60000,0,0,0,60000,0,60000,60000
2618,087561,聯發科國票0B購04,0,0,0,0,0,0,0,0,0,60000,0,0,0,88000,28000,60000,60000
2619,087969,國泰金日盛09購01,0,0,0,0,0,0,0,0,0,60000,0,0,0,60000,0,60000,60000
2620,086051,欣興元富0B購01,0,0,0,0,0,0,0,0,0,60000,0,0,0,80000,20000,60000,60000
2621,084941,啟碁元大08購01,0,0,0,0,0,0,0,0,0,60000,0,0,0,60000,0,60000,60000
2622,085113,台積電元大0A購01,0,0,0,0,0,0,0,0,0,60000,0,0,0,60000,0,60000,60000
2623,073995,京元電元富0A購01,0,0,0,0,0,0,0,0,0,60000,0,0,0,60000,0,60000,60000
2624,077393,台積電凱基0B購01,0,0,0,0,0,0,0,0,0,60000,0,0,0,60000,0,60000,60000
2625,080465,大聯大凱基09購01,0,0,0,0,0,0,0,0,0,60000,0,0,0,60000,0,60000,60000
2626,082629,聯電國泰0A購01,0,0,0,0,0,0,0,0,0,60000,0,0,0,250000,190000,60000,60000
2627,082350,台積電富邦08購11,0,0,0,0,0,0,0,0,0,60000,0,0,0,60000,0,60000,60000
2628,081255,大毅國泰09購01,0,0,0,0,0,0,0,0,0,60000,0,0,0,60000,0,60000,60000
2629,081436,台達電統一09購01,0,0,0,0,0,0,0,0,0,60000,0,0,0,60000,0,60000,60000
2630,083345,聯詠統一09購03,0,0,0,0,0,0,0,0,0,60000,0,0,0,200000,140000,60000,60000
2631,084237,台積電統一11購01,0,0,0,0,0,0,0,0,0,60000,0,0,0,60000,0,60000,60000
2632,084620,華通凱基0A購01,0,0,0,0,0,0,0,0,0,60000,0,0,0,288000,228000,60000,60000
2633,035278,大亞國票0B購02,0,0,0,0,0,0,0,0,0,60000,0,0,0,80000,20000,60000,60000
2634,033452,華新群益0C購02,0,0,0,0,0,0,0,0,0,60000,0,0,0,142000,82000,60000,60000
2635,034501,台灣50凱基0B購06,0,0,0,0,0,0,0,0,0,60000,0,0,0,60000,0,60000,60000
2636,035217,友達第一15購02,0,0,0,0,0,0,0,0,0,60000,0,0,0,60000,0,60000,60000
2637,034387,富邦金元大0C購02,0,0,0,0,0,0,0,0,0,60000,0,0,0,120000,60000,60000,60000
2638,036683,臻鼎國票11購02,0,0,0,0,0,0,0,0,0,60000,0,0,0,60000,0,60000,60000
2639,036348,中興電國票11購01,0,0,0,0,0,0,0,0,0,60000,0,0,0,60000,0,60000,60000
2640,037591,長榮航群益14購02,0,0,0,0,0,0,0,0,0,60000,0,0,0,60000,0,60000,60000
2641,040587,盛群元大12購03,0,0,0,0,0,0,0,0,0,60000,0,0,0,80000,20000,60000,60000
2642,038262,榮運凱基15購02,0,0,0,0,0,0,0,0,0,60000,0,0,0,60000,0,60000,60000
2643,07304P,台積電元大0C售23,0,0,0,0,0,0,0,0,0,60000,0,0,0,60000,0,60000,60000
2644,8028,昇陽半導體,274000,234000,40000,0,0,0,0,0,0,20000,0,0,0,20000,0,20000,60000
2645,0052,富邦科技,29000,8000,21000,0,0,0,0,0,0,38954,0,0,0,522954,484000,38954,59954
2646,030714,申豐群益0C購01,0,0,0,0,0,0,0,0,0,59000,0,0,0,76000,17000,59000,59000
2647,032442,長榮航元大11購01,0,0,0,0,0,0,0,0,0,59000,0,0,0,83000,24000,59000,59000
2648,031551,致新中信0A購01,0,0,0,0,0,0,0,0,0,59000,0,0,0,236000,177000,59000,59000
2649,032241,亞聚元大0A購03,0,0,0,0,0,0,0,0,0,59000,0,0,0,74000,15000,59000,59000
2650,036004,台玻凱基0C購04,0,0,0,0,0,0,0,0,0,59000,0,0,0,135000,76000,59000,59000
2651,035978,大成鋼麥證0C購02,0,0,0,59000,0,59000,0,0,0,59000,0,0,0,59000,0,59000,59000
2652,079961,臺股指凱基0C購04,0,0,0,0,0,0,0,0,0,59000,0,0,0,140000,81000,59000,59000
2653,086617,南電日盛09購01,0,0,0,0,0,0,0,0,0,59000,0,0,0,154000,95000,59000,59000
2654,087164,炎洲永豐09購01,0,0,0,0,0,0,0,0,0,59000,0,0,0,59000,0,59000,59000
2655,037195,GIS群益0C購02,0,0,0,0,0,0,0,0,0,59000,0,0,0,75000,16000,59000,59000
2656,036989,南電凱基11購02,0,0,0,0,0,0,0,0,0,59000,0,0,0,200000,141000,59000,59000
2657,036042,華邦電元富13購01,0,0,0,0,0,0,0,0,0,59000,0,0,0,60000,1000,59000,59000
2658,035411,國泰金麥證0B購02,0,0,0,111000,52000,59000,0,0,0,59000,0,0,0,111000,52000,59000,59000
2659,038072,億光元富0C購01,0,0,0,0,0,0,0,0,0,59000,0,0,0,125000,66000,59000,59000
2660,038416,中鋼國泰14購01,0,0,0,0,0,0,0,0,0,59000,0,0,0,118000,59000,59000,59000
2661,038810,東鹼元大11購01,0,0,0,0,0,0,0,0,0,59000,0,0,0,60000,1000,59000,59000
2662,06660P,華碩元富09售02,0,0,0,0,0,0,0,0,0,59000,0,0,0,129000,70000,59000,59000
2663,6288,聯嘉,223000,164000,59000,0,0,0,0,0,0,0,0,0,0,0,0,0,59000
2664,089796,潤泰新麥證09購01,0,0,0,60000,1000,59000,0,0,0,59000,0,0,0,60000,1000,59000,59000
2665,1611,中電,64000,11000,53000,0,0,0,0,0,0,6000,6000,0,6000,0,0,0,59000
2666,035902,大成鋼群益12購01,0,0,0,0,0,0,0,0,0,58000,0,0,0,58000,0,58000,58000
2667,035149,萬海統一0C購07,0,0,0,0,0,0,0,0,0,58000,0,0,0,80000,22000,58000,58000
2668,032695,潤泰全永豐0A購02,0,0,0,0,0,0,0,0,0,58000,0,0,0,58000,0,58000,58000
2669,032192,奇力新群益0A購01,0,0,0,0,0,0,0,0,0,58000,0,0,0,66000,8000,58000,58000
2670,031053,華邦電元大0A購03,0,0,0,0,0,0,0,0,0,58000,0,0,0,2056000,1998000,58000,58000
2671,084837,日月光統一0C購01,0,0,0,0,0,0,0,0,0,58000,0,0,0,58000,0,58000,58000
2672,033874,緯穎群益0C購01,0,0,0,0,0,0,0,0,0,58000,0,0,0,227000,169000,58000,58000
2673,036823,致新元富13購01,0,0,0,0,0,0,0,0,0,58000,0,0,0,70000,12000,58000,58000
2674,037167,臻鼎富邦13購01,0,0,0,0,0,0,0,0,0,58000,0,0,0,58000,0,58000,58000
2675,039702,新光鋼國票12購01,0,0,0,0,0,0,0,0,0,58000,0,0,0,83000,25000,58000,58000
2676,038988,同欣電國票12購02,0,0,0,0,0,0,0,0,0,58000,0,0,0,114000,56000,58000,58000
2677,039459,台郡凱基12購01,0,0,0,0,0,0,0,0,0,58000,0,0,0,58000,0,58000,58000
2678,039307,友達康和11購04,0,0,0,0,0,0,0,0,0,58000,0,0,0,68000,10000,58000,58000
2679,038392,昇陽半元大15購01,0,0,0,0,0,0,0,0,0,58000,0,0,0,165000,107000,58000,58000
2680,038289,大成鋼永豐11購03,0,0,0,0,0,0,0,0,0,58000,0,0,0,58000,0,58000,58000
2681,038134,春源群益12購01,0,0,0,0,0,0,0,0,0,58000,0,0,0,78000,20000,58000,58000
2682,038156,春源元大12購01,0,0,0,0,0,0,0,0,0,58000,0,0,0,78000,20000,58000,58000
2683,030711,貿聯群益0A購01,0,0,0,0,0,0,0,0,0,57000,0,0,0,163000,106000,57000,57000
2684,032202,長榮航群益0B購03,0,0,0,0,0,0,0,0,0,57000,0,0,0,394000,337000,57000,57000
2685,031436,嘉聯益凱基0A購02,0,0,0,0,0,0,0,0,0,57000,0,0,0,57000,0,57000,57000
2686,032723,開發金元富11購01,0,0,0,0,0,0,0,0,0,57000,0,0,0,60000,3000,57000,57000
2687,033032,開發金群益0B購01,0,0,0,0,0,0,0,0,0,57000,0,0,0,57000,0,57000,57000
2688,035077,緯穎群益0B購01,0,0,0,0,0,0,0,0,0,57000,0,0,0,57000,0,57000,57000
2689,035725,健策元大0B購06,0,0,0,0,0,0,0,0,0,57000,0,0,0,141000,84000,57000,57000
2690,038044,廣宇群益13購01,0,0,0,0,0,0,0,0,0,57000,0,0,0,57000,0,57000,57000
2691,039404,致新元富11購01,0,0,0,0,0,0,0,0,0,57000,0,0,0,73000,16000,57000,57000
2692,039253,鴻海群益13購03,0,0,0,0,0,0,0,0,0,57000,0,0,0,110000,53000,57000,57000
2693,039231,鉅祥國票12購01,0,0,0,0,0,0,0,0,0,57000,0,0,0,63000,6000,57000,57000
2694,039971,矽格元大11購01,0,0,0,0,0,0,0,0,0,57000,0,0,0,131000,74000,57000,57000
2695,089344,台積電元大09購30,0,0,0,0,0,0,0,0,0,57000,0,0,0,73000,16000,57000,57000
2696,00675L,富邦臺灣加權正2,2000,6000,-4000,0,0,0,0,0,0,60956,0,0,0,244000,183044,60956,56956
2697,030700,矽統群益0B購01,0,0,0,0,0,0,0,0,0,56000,0,0,0,67000,11000,56000,56000
2698,033126,台揚元大0C購01,0,0,0,0,0,0,0,0,0,56000,0,0,0,77000,21000,56000,56000
2699,033025,聯電國泰0C購03,0,0,0,0,0,0,0,0,0,56000,0,0,0,56000,0,56000,56000
2700,034339,創意群益0B購01,0,0,0,0,0,0,0,0,0,56000,0,0,0,74000,18000,56000,56000
2701,032284,南紡中信0B購01,0,0,0,0,0,0,0,0,0,56000,0,0,0,66000,10000,56000,56000
2702,031526,乙盛康和11購01,0,0,0,0,0,0,0,0,0,56000,0,0,0,56000,0,56000,56000
2703,033191,友達凱基15購01,0,0,0,0,0,0,0,0,0,56000,0,0,0,60000,4000,56000,56000
2704,032881,華晶科凱基0A購02,0,0,0,0,0,0,0,0,0,56000,0,0,0,93000,37000,56000,56000
2705,083371,旺宏國票09購01,0,0,0,0,0,0,0,0,0,56000,0,0,0,152000,96000,56000,56000
2706,07572P,臺股指凱基14售01,0,0,0,0,0,0,0,0,0,56000,0,0,0,96000,40000,56000,56000
2707,088150,惠特永豐09購01,0,0,0,0,0,0,0,0,0,56000,0,0,0,77000,21000,56000,56000
2708,034998,聯電元大0B購04,0,0,0,0,0,0,0,0,0,56000,0,0,0,143000,87000,56000,56000
2709,040149,力鵬元大11購01,0,0,0,0,0,0,0,0,0,56000,0,0,0,76000,20000,56000,56000
2710,039087,榮成元富11購01,0,0,0,0,0,0,0,0,0,56000,0,0,0,106000,50000,56000,56000
2711,1560,中砂,178000,35000,143000,0,0,0,0,0,0,-87000,0,8000,-8000,0,79000,-79000,56000
2712,031682,中石化中信0C購01,0,0,0,0,0,0,0,0,0,55000,0,0,0,90000,35000,55000,55000
2713,031611,聯電康和11購01,0,0,0,0,0,0,0,0,0,55000,0,0,0,65000,10000,55000,55000
2714,081018,華邦電統一09購02,0,0,0,0,0,0,0,0,0,55000,0,0,0,180000,125000,55000,55000
2715,087083,華夏元富09購02,0,0,0,0,0,0,0,0,0,55000,0,0,0,58000,3000,55000,55000
2716,085124,和碩國泰0A購01,0,0,0,0,0,0,0,0,0,55000,0,0,0,55000,0,55000,55000
2717,085306,旺宏元大0C購01,0,0,0,0,0,0,0,0,0,55000,0,0,0,107000,52000,55000,55000
2718,086017,台郡元大08購03,0,0,0,0,0,0,0,0,0,55000,0,0,0,55000,0,55000,55000
2719,033898,允強統一0B購01,0,0,0,0,0,0,0,0,0,55000,0,0,0,90000,35000,55000,55000
2720,034499,矽創元大0B購04,0,0,0,0,0,0,0,0,0,55000,0,0,0,65000,10000,55000,55000
2721,037253,GIS元大0C購04,0,0,0,0,0,0,0,0,0,55000,0,0,0,65000,10000,55000,55000
2722,036873,奇鋐統一11購01,0,0,0,0,0,0,0,0,0,55000,0,0,0,75000,20000,55000,55000
2723,035340,國巨元富12購13,0,0,0,0,0,0,0,0,0,55000,0,0,0,60000,5000,55000,55000
2724,037757,聯發科國泰13購02,0,0,0,0,0,0,0,0,0,55000,0,0,0,76000,21000,55000,55000
2725,039098,精英麥證11購01,0,0,0,139000,84000,55000,0,0,0,55000,0,0,0,139000,84000,55000,55000
2726,038177,矽格中信11購01,0,0,0,0,0,0,0,0,0,55000,0,0,0,210000,155000,55000,55000
2727,038206,榮運群益11購02,0,0,0,0,0,0,0,0,0,55000,0,0,0,55000,0,55000,55000
2728,038671,世紀鋼永豐11購01,0,0,0,0,0,0,0,0,0,55000,0,0,0,55000,0,55000,55000
2729,089870,力山國泰0C購01,0,0,0,0,0,0,0,0,0,55000,0,0,0,75000,20000,55000,55000
2730,0055,元大MSCI金融,24000,8000,16000,0,0,0,0,0,0,38128,0,0,0,80000,41872,38128,54128
2731,030787,南帝凱基12購01,0,0,0,0,0,0,0,0,0,54000,0,0,0,79000,25000,54000,54000
2732,032364,高鐵凱基0A購01,0,0,0,0,0,0,0,0,0,54000,0,0,0,54000,0,54000,54000
2733,085988,華邦電元大0C購03,0,0,0,0,0,0,0,0,0,54000,0,0,0,55000,1000,54000,54000
2734,087895,GIS元大09購01,0,0,0,0,0,0,0,0,0,54000,0,0,0,54000,0,54000,54000
2735,087654,美利達群益09購01,0,0,0,0,0,0,0,0,0,54000,0,0,0,347000,293000,54000,54000
2736,080208,百和元富08購01,0,0,0,0,0,0,0,0,0,54000,0,0,0,54000,0,54000,54000
2737,07439P,台灣50群益0C售08,0,0,0,0,0,0,0,0,0,54000,0,0,0,54000,0,54000,54000
2738,084823,仁寶統一0A購01,0,0,0,0,0,0,0,0,0,54000,0,0,0,54000,0,54000,54000
2739,033752,群光永豐0B購01,0,0,0,0,0,0,0,0,0,54000,0,0,0,117000,63000,54000,54000
2740,036176,聯發科麥證13購01,0,0,0,65000,11000,54000,0,0,0,54000,0,0,0,65000,11000,54000,54000
2741,036485,燁輝麥證0C購01,0,0,0,57000,3000,54000,0,0,0,54000,0,0,0,57000,3000,54000,54000
2742,033667,臻鼎統一13購01,0,0,0,0,0,0,0,0,0,54000,0,0,0,182000,128000,54000,54000
2743,035172,萬海國票12購01,0,0,0,0,0,0,0,0,0,54000,0,0,0,54000,0,54000,54000
2744,036231,裕民永豐0C購01,0,0,0,0,0,0,0,0,0,54000,0,0,0,59000,5000,54000,54000
2745,038520,漢翔永豐11購01,0,0,0,0,0,0,0,0,0,54000,0,0,0,84000,30000,54000,54000
2746,038465,大榮元富11購01,0,0,0,0,0,0,0,0,0,54000,0,0,0,54000,0,54000,54000
2747,038185,台光電永豐11購01,0,0,0,0,0,0,0,0,0,54000,0,0,0,96000,42000,54000,54000
2748,039107,中壽國票11購01,0,0,0,0,0,0,0,0,0,54000,0,0,0,54000,0,54000,54000
2749,039272,致伸凱基11購01,0,0,0,0,0,0,0,0,0,54000,0,0,0,990000,936000,54000,54000
2750,2417,圓剛,500000,417000,83000,0,0,0,0,0,0,-29000,0,27000,-27000,0,2000,-2000,54000
2751,032923,佳世達國票0B購01,0,0,0,0,0,0,0,0,0,53000,0,0,0,53000,0,53000,53000
2752,085404,聯電元大0C購02,0,0,0,0,0,0,0,0,0,53000,0,0,0,53000,0,53000,53000
2753,088594,矽創統一0B購06,0,0,0,0,0,0,0,0,0,53000,0,0,0,53000,0,53000,53000
2754,035069,大亞群益0B購05,0,0,0,0,0,0,0,0,0,53000,0,0,0,59000,6000,53000,53000
2755,036058,大成鋼群益13購01,0,0,0,0,0,0,0,0,0,53000,0,0,0,53000,0,53000,53000
2756,036129,為升凱基0C購01,0,0,0,0,0,0,0,0,0,53000,0,0,0,168000,115000,53000,53000
2757,037512,威鋒電群益13購01,0,0,0,0,0,0,0,0,0,53000,0,0,0,323000,270000,53000,53000
2758,040127,同欣電永豐11購02,0,0,0,0,0,0,0,0,0,53000,0,0,0,53000,0,53000,53000
2759,040006,矽格永豐11購02,0,0,0,0,0,0,0,0,0,53000,0,0,0,86000,33000,53000,53000
2760,040312,聯發科凱基11購06,0,0,0,0,0,0,0,0,0,53000,0,0,0,53000,0,53000,53000
2761,040300,凌陽統一11購01,0,0,0,0,0,0,0,0,0,53000,0,0,0,53000,0,53000,53000
2762,033215,大成鋼元富12購01,0,0,0,0,0,0,0,0,0,52000,0,0,0,368000,316000,52000,52000
2763,031669,長榮元大12購04,0,0,0,0,0,0,0,0,0,52000,0,0,0,53000,1000,52000,52000
2764,030445,威鋒電元大0A購01,0,0,0,0,0,0,0,0,0,52000,0,0,0,84000,32000,52000,52000
2765,035730,愛普元大0C購02,0,0,0,0,0,0,0,0,0,52000,0,0,0,52000,0,52000,52000
2766,035592,聯電元大0C購10,0,0,0,0,0,0,0,0,0,52000,0,0,0,326000,274000,52000,52000
2767,035557,創意統一0B購06,0,0,0,0,0,0,0,0,0,52000,0,0,0,132000,80000,52000,52000
2768,085547,台達化群益09購01,0,0,0,0,0,0,0,0,0,52000,0,0,0,52000,0,52000,52000
2769,07548P,台積電群益11售09,0,0,0,0,0,0,0,0,0,52000,0,0,0,52000,0,52000,52000
2770,037709,榮運永豐0C購02,0,0,0,0,0,0,0,0,0,52000,0,0,0,54000,2000,52000,52000
2771,033709,燁輝國票0C購01,0,0,0,0,0,0,0,0,0,52000,0,0,0,55000,3000,52000,52000
2772,034017,聯電統一11購02,10000,0,10000,0,0,0,0,0,0,42000,0,0,0,913000,871000,42000,52000
2773,037102,創意永豐0C購01,0,0,0,0,0,0,0,0,0,52000,0,0,0,122000,70000,52000,52000
2774,037389,臺指反凱基13購05,0,0,0,0,0,0,0,0,0,52000,0,0,0,52000,0,52000,52000
2775,034425,開發金統一13購01,0,0,0,0,0,0,0,0,0,52000,0,0,0,100000,48000,52000,52000
2776,04356P,大立光元富0A售02,0,0,0,0,0,0,0,0,0,52000,0,0,0,52000,0,52000,52000
2777,06605P,臺股指中信11售02,0,0,0,0,0,0,0,0,0,52000,0,0,0,52000,0,52000,52000
2778,038325,春源凱基15購01,0,0,0,0,0,0,0,0,0,52000,0,0,0,54000,2000,52000,52000
2779,038628,臺股指元大13購11,0,0,0,0,0,0,0,0,0,52000,0,0,0,60000,8000,52000,52000
2780,089592,力麗群益0B購02,0,0,0,0,0,0,0,0,0,52000,0,0,0,52000,0,52000,52000
2781,5434,崇越,423000,366000,57000,0,0,0,0,4000,-4000,-1000,0,0,0,0,1000,-1000,52000
2782,032399,台郡統一0C購01,0,0,0,0,0,0,0,0,0,51000,0,0,0,56000,5000,51000,51000
2783,031382,中鋼統一0C購02,0,0,0,0,0,0,0,0,0,51000,0,0,0,57000,6000,51000,51000
2784,031965,長榮元大0A購20,0,0,0,0,0,0,0,0,0,51000,0,0,0,51000,0,51000,51000
2785,078690,鴻海國泰08購02,0,0,0,0,0,0,0,0,0,51000,0,0,0,51000,0,51000,51000
2786,083682,京元電統一09購02,0,0,0,0,0,0,0,0,0,51000,0,0,0,51000,0,51000,51000
2787,087534,台表科凱基09購01,0,0,0,0,0,0,0,0,0,51000,0,0,0,81000,30000,51000,51000
2788,086857,美德醫元大0A購01,0,0,0,0,0,0,0,0,0,51000,0,0,0,81000,30000,51000,51000
2789,088570,長榮航凱基0A購02,0,0,0,0,0,0,0,0,0,51000,0,0,0,56000,5000,51000,51000
2790,034629,晶技康和0B購01,0,0,0,0,0,0,0,0,0,51000,0,0,0,81000,30000,51000,51000
2791,035020,大亞凱基0B購03,0,0,0,0,0,0,0,0,0,51000,0,0,0,251000,200000,51000,51000
2792,037108,永豐餘元大12購01,0,0,0,0,0,0,0,0,0,51000,0,0,0,61000,10000,51000,51000
2793,036928,致新國票11購01,0,0,0,0,0,0,0,0,0,51000,0,0,0,101000,50000,51000,51000
2794,036851,國泰金凱基12購01,0,0,0,0,0,0,0,0,0,51000,0,0,0,51000,0,51000,51000
2795,036597,金像電永豐0C購01,0,0,0,0,0,0,0,0,0,51000,0,0,0,60000,9000,51000,51000
2796,038316,台郡群益13購01,0,0,0,0,0,0,0,0,0,51000,0,0,0,51000,0,51000,51000
2797,038165,榮運元大13購04,0,0,0,0,0,0,0,0,0,51000,0,0,0,51000,0,51000,51000
2798,038032,群創富邦13購02,0,0,0,0,0,0,0,0,0,51000,0,0,0,80000,29000,51000,51000
2799,06594P,臺股指國票0A售14,0,0,0,0,0,0,0,0,0,51000,0,0,0,51000,0,51000,51000
2800,032460,群創富邦0A購03,0,0,0,0,0,0,0,0,0,50000,0,0,0,50000,0,50000,50000
2801,033181,啟碁永豐0B購01,0,0,0,0,0,0,0,0,0,50000,0,0,0,50000,0,50000,50000
2802,031594,東聯國票0B購01,0,0,0,0,0,0,0,0,0,50000,0,0,0,55000,5000,50000,50000
2803,032959,聯電元大0A購15,0,0,0,0,0,0,0,0,0,50000,0,0,0,72000,22000,50000,50000
2804,031506,宏碁元大12購02,0,0,0,0,0,0,0,0,0,50000,0,0,0,50000,0,50000,50000
2805,032649,新興元富0A購01,0,0,0,0,0,0,0,0,0,50000,0,0,0,70000,20000,50000,50000
2806,032652,裕民康和0A購01,0,0,0,0,0,0,0,0,0,50000,0,0,0,73000,23000,50000,50000
2807,030573,滬深2X富邦0C購01,0,0,0,0,0,0,0,0,0,50000,0,0,0,50000,0,50000,50000
2808,030077,國泰金群益0A購01,0,0,0,0,0,0,0,0,0,50000,0,0,0,50000,0,50000,50000
2809,031019,聯成凱基0A購01,0,0,0,0,0,0,0,0,0,50000,0,0,0,50000,0,50000,50000
2810,035966,華邦電元大0C購08,0,0,0,0,0,0,0,0,0,50000,0,0,0,50000,0,50000,50000
2811,035157,中鋼國票0C購05,0,0,0,0,0,0,0,0,0,50000,0,0,0,50000,0,50000,50000
2812,088130,亞光凱基09購03,0,0,0,0,0,0,0,0,0,50000,0,0,0,50000,0,50000,50000
2813,088236,華碩國票09購02,0,0,0,0,0,0,0,0,0,50000,0,0,0,146000,96000,50000,50000
2814,088740,益航永豐09購01,0,0,0,0,0,0,0,0,0,50000,0,0,0,50000,0,50000,50000
2815,087026,聯電中信0B購01,0,0,0,0,0,0,0,0,0,50000,0,0,0,220000,170000,50000,50000
2816,087122,台郡元大09購01,0,0,0,0,0,0,0,0,0,50000,0,0,0,70000,20000,50000,50000
2817,087523,新光金凱基0C購01,0,0,0,0,0,0,0,0,0,50000,0,0,0,55000,5000,50000,50000
2818,087743,元石油國票0B購01,0,0,0,0,0,0,0,0,0,50000,0,0,0,50000,0,50000,50000
2819,087697,台表科元大09購03,0,0,0,0,0,0,0,0,0,50000,0,0,0,50000,0,50000,50000
2820,087709,台積電統一0B購12,0,0,0,0,0,0,0,0,0,50000,0,0,0,50000,0,50000,50000
2821,085705,億光富邦08購01,0,0,0,0,0,0,0,0,0,50000,0,0,0,50000,0,50000,50000
2822,085219,緯穎國票09購01,0,0,0,0,0,0,0,0,0,50000,0,0,0,50000,0,50000,50000
2823,085111,鴻海元大08購14,0,0,0,0,0,0,0,0,0,50000,0,0,0,50000,0,50000,50000
2824,086563,智易元大09購01,0,0,0,0,0,0,0,0,0,50000,0,0,0,248000,198000,50000,50000
2825,086340,義隆元大09購01,0,0,0,0,0,0,0,0,0,50000,0,0,0,50000,0,50000,50000
2826,081441,順德統一08購01,0,0,0,0,0,0,0,0,0,50000,0,0,0,50000,0,50000,50000
2827,081724,世芯統一09購02,0,0,0,0,0,0,0,0,0,50000,0,0,0,50000,0,50000,50000
2828,081714,億光統一09購01,0,0,0,0,0,0,0,0,0,50000,0,0,0,50000,0,50000,50000
2829,082485,國巨統一09購07,0,0,0,0,0,0,0,0,0,50000,0,0,0,50000,0,50000,50000
2830,082873,興勤兆豐08購01,0,0,0,0,0,0,0,0,0,50000,0,0,0,50000,0,50000,50000
2831,079061,國巨國票08購04,0,0,0,0,0,0,0,0,0,50000,0,0,0,50000,0,50000,50000
2832,079878,聯電元富08購07,0,0,0,0,0,0,0,0,0,50000,0,0,0,50000,0,50000,50000
2833,076929,京鼎元富0B購01,0,0,0,0,0,0,0,0,0,50000,0,0,0,50000,0,50000,50000
2834,078214,友達富邦08購01,0,0,0,0,0,0,0,0,0,50000,0,0,0,50000,0,50000,50000
2835,080632,永光元大09購01,0,0,0,0,0,0,0,0,0,50000,0,0,0,100000,50000,50000,50000
2836,081025,彩晶統一08購02,0,0,0,0,0,0,0,0,0,50000,0,0,0,50000,0,50000,50000
2837,033798,同欣電元大0B購02,0,0,0,0,0,0,0,0,0,50000,0,0,0,87000,37000,50000,50000
2838,033800,中石化國票0C購02,0,0,0,0,0,0,0,0,0,50000,0,0,0,50000,0,50000,50000
2839,034173,嘉聯益永豐0B購01,0,0,0,0,0,0,0,0,0,50000,0,0,0,50000,0,50000,50000
2840,037037,長榮航元大0C購08,0,0,0,0,0,0,0,0,0,50000,0,0,0,50000,0,50000,50000
2841,037147,友達元富0C購04,0,0,0,0,0,0,0,0,0,50000,0,0,0,150000,100000,50000,50000
2842,035043,裕民國票0C購03,0,0,0,0,0,0,0,0,0,50000,0,0,0,50000,0,50000,50000
2843,035276,中石化國票0C購04,0,0,0,0,0,0,0,0,0,50000,0,0,0,50000,0,50000,50000
2844,036101,台表科元大0C購02,0,0,0,0,0,0,0,0,0,50000,0,0,0,117000,67000,50000,50000
2845,033411,聯成永豐0B購01,0,0,0,0,0,0,0,0,0,50000,0,0,0,50000,0,50000,50000
2846,034508,長榮航凱基0C購01,0,0,0,0,0,0,0,0,0,50000,0,0,0,60000,10000,50000,50000
2847,034727,中鋼元大0B購10,0,0,0,0,0,0,0,0,0,50000,0,0,0,160000,110000,50000,50000
2848,034972,祥碩元大11購03,0,0,0,0,0,0,0,0,0,50000,0,0,0,51000,1000,50000,50000
2849,037843,台灣50富邦13購01,0,0,0,0,0,0,0,0,0,50000,0,0,0,50000,0,50000,50000
2850,037548,直得元富0C購01,0,0,0,0,0,0,0,0,0,50000,0,0,0,50000,0,50000,50000
2851,037892,中鋼永豐0C購03,0,0,0,0,0,0,0,0,0,50000,0,0,0,100000,50000,50000,50000
2852,06597P,旺宏中信0A售01,0,0,0,0,0,0,0,0,0,50000,0,0,0,60000,10000,50000,50000
2853,06748P,立積元大0A售03,0,0,0,0,0,0,0,0,0,50000,0,0,0,50000,0,50000,50000
2854,06275P,聯發科元富08售11,0,0,0,0,0,0,0,0,0,50000,0,0,0,50000,0,50000,50000
2855,05911P,和碩元富08售01,0,0,0,0,0,0,0,0,0,50000,0,0,0,50000,0,50000,50000
2856,040397,飛宏元富12購01,0,0,0,0,0,0,0,0,0,50000,0,0,0,61000,11000,50000,50000
2857,039797,中興電元大12購02,0,0,0,0,0,0,0,0,0,50000,0,0,0,50000,0,50000,50000
2858,039852,富邦金國票11購01,0,0,0,0,0,0,0,0,0,50000,0,0,0,50000,0,50000,50000
2859,038006,金像電兆豐13購01,0,0,0,0,0,0,0,0,0,50000,0,0,0,51000,1000,50000,50000
2860,038201,大成鋼群益12購04,0,0,0,0,0,0,0,0,0,50000,0,0,0,50000,0,50000,50000
2861,038700,統一凱基11購01,0,0,0,0,0,0,0,0,0,50000,0,0,0,50000,0,50000,50000
2862,038830,GIS元大11購01,0,0,0,0,0,0,0,0,0,50000,0,0,0,50000,0,50000,50000
2863,038746,晶技元富14購01,0,0,0,0,0,0,0,0,0,50000,0,0,0,50000,0,50000,50000
2864,06973P,彩晶統一0B售05,0,0,0,0,0,0,0,0,0,50000,0,0,0,50000,0,50000,50000
2865,06974P,玉晶光台新0A售02,0,0,0,0,0,0,0,0,0,50000,0,0,0,50000,0,50000,50000
2866,07108P,長榮元富0B售06,0,0,0,0,0,0,0,0,0,50000,0,0,0,85000,35000,50000,50000
2867,3607,谷崧,165000,115000,50000,0,0,0,0,0,0,0,0,0,0,0,0,0,50000
2868,9927,泰銘,456000,406000,50000,0,0,0,0,0,0,0,0,0,0,0,0,0,50000
2869,089602,精英群益0C購01,0,0,0,0,0,0,0,0,0,50000,0,0,0,50000,0,50000,50000
2870,089539,南電元大12購01,0,0,0,0,0,0,0,0,0,50000,0,0,0,80000,30000,50000,50000
2871,089669,正新元大0C購01,0,0,0,0,0,0,0,0,0,50000,0,0,0,72000,22000,50000,50000
2872,089376,GIS元大09購03,0,0,0,0,0,0,0,0,0,50000,0,0,0,50000,0,50000,50000
2873,089165,凌陽中信0A購01,0,0,0,0,0,0,0,0,0,50000,0,0,0,392000,342000,50000,50000
2874,088860,友達永豐09購05,0,0,0,0,0,0,0,0,0,50000,0,0,0,70000,20000,50000,50000
2875,1730,花仙子,51000,1000,50000,0,0,0,0,0,0,0,0,0,0,0,0,0,50000
2876,00643,群益深証中小,345000,48000,297000,0,0,0,0,0,0,-247991,0,0,0,35009,283000,-247991,49009
2877,031054,瑞昱元大0A購03,0,0,0,0,0,0,0,0,0,49000,0,0,0,218000,169000,49000,49000
2878,032269,T50反1富邦13購01,0,0,0,0,0,0,0,0,0,49000,0,0,0,50000,1000,49000,49000
2879,035932,燁輝凱基0C購02,0,0,0,0,0,0,0,0,0,49000,0,0,0,52000,3000,49000,49000
2880,035615,台聚國票0C購02,0,0,0,0,0,0,0,0,0,49000,0,0,0,49000,0,49000,49000
2881,07428P,臺股指元大13售05,0,0,0,0,0,0,0,0,0,49000,0,0,0,60000,11000,49000,49000
2882,085949,群創群益09購09,0,0,0,0,0,0,0,0,0,49000,0,0,0,61000,12000,49000,49000
2883,085418,創意元大09購02,0,0,0,0,0,0,0,0,0,49000,0,0,0,79000,30000,49000,49000
2884,087121,祥碩元大09購04,0,0,0,0,0,0,0,0,0,49000,0,0,0,49000,0,49000,49000
2885,088693,群創元富09購07,0,0,0,0,0,0,0,0,0,49000,0,0,0,49000,0,49000,49000
2886,034627,國光生元富12購02,0,0,0,0,0,0,0,0,0,49000,0,0,0,50000,1000,49000,49000
2887,035200,大立光元富0B購03,0,0,0,0,0,0,0,0,0,49000,0,0,0,70000,21000,49000,49000
2888,034383,國巨元大0B購09,0,0,0,0,0,0,0,0,0,49000,0,0,0,54000,5000,49000,49000
2889,034561,鴻海國泰11購04,0,0,0,0,0,0,0,0,0,49000,0,0,0,456000,407000,49000,49000
2890,035447,聯電國票0B購05,0,0,0,0,0,0,0,0,0,49000,0,0,0,86000,37000,49000,49000
2891,036396,永豐餘中信11購01,0,0,0,0,0,0,0,0,0,49000,0,0,0,49000,0,49000,49000
2892,039023,聯詠兆豐13購01,0,0,0,0,0,0,0,0,0,49000,0,0,0,162000,113000,49000,49000
2893,038547,臻鼎兆豐14購01,0,0,0,0,0,0,0,0,0,49000,0,0,0,170000,121000,49000,49000
2894,038574,南電康和11購01,0,0,0,0,0,0,0,0,0,49000,0,0,0,127000,78000,49000,49000
2895,037955,嘉晶元大0C購07,0,0,0,0,0,0,0,0,0,49000,0,0,0,50000,1000,49000,49000
2896,040467,矽創中信13購01,0,0,0,0,0,0,0,0,0,49000,0,0,0,80000,31000,49000,49000
2897,089112,長榮航國票0A購02,0,0,0,0,0,0,0,0,0,49000,0,0,0,49000,0,49000,49000
2898,089569,晶碩中信0B購01,0,0,0,0,0,0,0,0,0,49000,0,0,0,49000,0,49000,49000
2899,8374,羅昇,81000,32000,49000,0,0,0,0,0,0,0,0,0,0,0,0,0,49000
2900,035856,寶成統一0B購01,0,0,0,0,0,0,0,0,0,48000,0,0,0,48000,0,48000,48000
2901,032734,大亞凱基0C購02,0,0,0,0,0,0,0,0,0,48000,0,0,0,58000,10000,48000,48000
2902,031746,廣宇凱基12購01,0,0,0,0,0,0,0,0,0,48000,0,0,0,122000,74000,48000,48000
2903,032445,國泰金元大0C購02,0,0,0,0,0,0,0,0,0,48000,0,0,0,53000,5000,48000,48000
2904,032172,台泥群益0C購01,0,0,0,0,0,0,0,0,0,48000,0,0,0,63000,15000,48000,48000
2905,031823,康普元大0B購01,0,0,0,0,0,0,0,0,0,48000,0,0,0,48000,0,48000,48000
2906,030986,健和興元大0B購01,0,0,0,0,0,0,0,0,0,48000,0,0,0,50000,2000,48000,48000
2907,00875,國泰網路資安,127000,1000,126000,0,0,0,0,0,0,-78000,0,0,0,47000,125000,-78000,48000
2908,030409,聯發科元大12購02,0,0,0,0,0,0,0,0,0,48000,0,0,0,48000,0,48000,48000
2909,088191,華邦電群益09購04,0,0,0,0,0,0,0,0,0,48000,0,0,0,117000,69000,48000,48000
2910,07504P,景碩元大11售04,0,0,0,0,0,0,0,0,0,48000,0,0,0,93000,45000,48000,48000
2911,036385,大成鋼富邦13購01,0,0,0,0,0,0,0,0,0,48000,0,0,0,131000,83000,48000,48000
2912,034041,友訊元富0B購01,0,0,0,0,0,0,0,0,0,48000,0,0,0,67000,19000,48000,48000
2913,037416,友達康和11購03,0,0,0,0,0,0,0,0,0,48000,0,0,0,68000,20000,48000,48000
2914,037626,京鼎元大0C購01,0,0,0,0,0,0,0,0,0,48000,0,0,0,48000,0,48000,48000
2915,037704,南電群益0C購02,0,0,0,0,0,0,0,0,0,48000,0,0,0,48000,0,48000,48000
2916,05010P,新日興元富0B售01,0,0,0,0,0,0,0,0,0,48000,0,0,0,50000,2000,48000,48000
2917,06370P,友達元大08售08,0,0,0,0,0,0,0,0,0,48000,0,0,0,298000,250000,48000,48000
2918,039804,鴻海元大14購02,0,0,0,0,0,0,0,0,0,48000,0,0,0,50000,2000,48000,48000
2919,038229,永豐餘元大11購01,0,0,0,0,0,0,0,0,0,48000,0,0,0,48000,0,48000,48000
2920,038899,天鈺永豐11購01,0,0,0,0,0,0,0,0,0,48000,0,0,0,551000,503000,48000,48000
2921,039089,聯電元富11購01,0,0,0,0,0,0,0,0,0,48000,0,0,0,66000,18000,48000,48000
2922,06794P,臺股指中信11售06,0,0,0,0,0,0,0,0,0,48000,0,0,0,52000,4000,48000,48000
2923,06795P,臺股指中信12售01,0,0,0,0,0,0,0,0,0,48000,0,0,0,111000,63000,48000,48000
2924,030779,群創麥證0A購01,0,0,0,188000,141000,47000,0,0,0,47000,0,0,0,188000,141000,47000,47000
2925,033104,裕民元富12購01,0,0,0,0,0,0,0,0,0,47000,0,0,0,47000,0,47000,47000
2926,032398,群創統一14購01,0,0,0,0,0,0,0,0,0,47000,0,0,0,57000,10000,47000,47000
2927,032365,元大金凱基0A購01,0,0,0,0,0,0,0,0,0,47000,0,0,0,47000,0,47000,47000
2928,032578,聯成元大0A購03,0,0,0,0,0,0,0,0,0,47000,0,0,0,57000,10000,47000,47000
2929,031651,聯電元大0A購11,0,0,0,0,0,0,0,0,0,47000,0,0,0,630000,583000,47000,47000
2930,035132,大成鋼統一0B購07,0,0,0,0,0,0,0,0,0,47000,0,0,0,47000,0,47000,47000
2931,083794,聯發科統一08購04,0,0,0,0,0,0,0,0,0,47000,0,0,0,48000,1000,47000,47000
2932,083215,聯詠統一09購02,0,0,0,0,0,0,0,0,0,47000,0,0,0,47000,0,47000,47000
2933,086633,台光電凱基09購01,0,0,0,0,0,0,0,0,0,47000,0,0,0,50000,3000,47000,47000
2934,086680,奇力新統一0B購02,0,0,0,0,0,0,0,0,0,47000,0,0,0,368000,321000,47000,47000
2935,087453,華夏國票0A購02,0,0,0,0,0,0,0,0,0,47000,0,0,0,47000,0,47000,47000
2936,034105,聯電群益11購01,0,0,0,0,0,0,0,0,0,47000,0,0,0,143000,96000,47000,47000
2937,034982,大亞群益0B購04,0,0,0,0,0,0,0,0,0,47000,0,0,0,96000,49000,47000,47000
2938,034608,聯詠統一0C購05,0,0,0,0,0,0,0,0,0,47000,0,0,0,431000,384000,47000,47000
2939,07334P,南電元大0C售03,0,0,0,0,0,0,0,0,0,47000,0,0,0,87000,40000,47000,47000
2940,038778,凌陽凱基11購02,0,0,0,0,0,0,0,0,0,47000,0,0,0,385000,338000,47000,47000
2941,038154,台玻元大11購02,0,0,0,0,0,0,0,0,0,47000,0,0,0,54000,7000,47000,47000
2942,040008,遠東新群益11購01,0,0,0,0,0,0,0,0,0,47000,0,0,0,47000,0,47000,47000
2943,6558,興能高,79000,32000,47000,0,0,0,0,0,0,0,0,0,0,0,0,0,47000
2944,089272,南電日盛09購02,0,0,0,0,0,0,0,0,0,47000,0,0,0,47000,0,47000,47000
2945,088961,長榮航國票0B購03,0,0,0,0,0,0,0,0,0,47000,0,0,0,47000,0,47000,47000
2946,035679,祥碩永豐0B購02,0,0,0,0,0,0,0,0,0,46000,0,0,0,46000,0,46000,46000
2947,031639,正隆元大0A購02,0,0,0,0,0,0,0,0,0,46000,0,0,0,51000,5000,46000,46000
2948,033038,光罩兆豐0B購02,0,0,0,0,0,0,0,0,0,46000,0,0,0,504000,458000,46000,46000
2949,031532,國巨富邦0C購02,0,0,0,0,0,0,0,0,0,46000,0,0,0,106000,60000,46000,46000
2950,032352,大亞凱基0B購01,0,0,0,0,0,0,0,0,0,46000,0,0,0,46000,0,46000,46000
2951,033288,聯詠統一15購01,0,0,0,0,0,0,0,0,0,46000,0,0,0,46000,0,46000,46000
2952,030621,華晶科元大0A購01,0,0,0,0,0,0,0,0,0,46000,0,0,0,742000,696000,46000,46000
2953,030166,中鋼構國泰0C購01,0,0,0,0,0,0,0,0,0,46000,0,0,0,80000,34000,46000,46000
2954,087537,華夏統一0B購02,0,0,0,0,0,0,0,0,0,46000,0,0,0,406000,360000,46000,46000
2955,086772,奇鋐凱基0A購02,0,0,0,0,0,0,0,0,0,46000,0,0,0,336000,290000,46000,46000
2956,085742,矽格兆豐08購01,0,0,0,0,0,0,0,0,0,46000,0,0,0,124000,78000,46000,46000
2957,086522,長榮航凱基11購01,0,0,0,0,0,0,0,0,0,46000,0,0,0,46000,0,46000,46000
2958,035195,聯發科元富0C購06,0,0,0,0,0,0,0,0,0,46000,0,0,0,100000,54000,46000,46000
2959,034163,威盛永豐0B購01,0,0,0,0,0,0,0,0,0,46000,0,0,0,46000,0,46000,46000
2960,037110,大成鋼元大0C購11,0,0,0,0,0,0,0,0,0,46000,0,0,0,46000,0,46000,46000
2961,036965,台積電國泰14購01,0,0,0,0,0,0,0,0,0,46000,0,0,0,46000,0,46000,46000
2962,037723,聯發科凱基11購04,0,0,0,0,0,0,0,0,0,46000,0,0,0,114000,68000,46000,46000
2963,037572,金像電永豐0C購03,0,0,0,0,0,0,0,0,0,46000,0,0,0,50000,4000,46000,46000
2964,037944,亞德客元大13購01,0,0,0,0,0,0,0,0,0,46000,0,0,0,100000,54000,46000,46000
2965,039922,聯茂中信11購01,0,0,0,0,0,0,0,0,0,46000,0,0,0,64000,18000,46000,46000
2966,038711,矽格凱基12購01,0,0,0,0,0,0,0,0,0,46000,0,0,0,549000,503000,46000,46000
2967,039309,中鋼麥證12購02,0,0,0,111000,65000,46000,0,0,0,46000,0,0,0,111000,65000,46000,46000
2968,031275,貿聯統一0C購01,0,0,0,0,0,0,0,0,0,45000,0,0,0,50000,5000,45000,45000
2969,031331,聯發科元大0A購11,0,0,0,0,0,0,0,0,0,45000,0,0,0,75000,30000,45000,45000
2970,032037,聯成國票0B購01,0,0,0,0,0,0,0,0,0,45000,0,0,0,245000,200000,45000,45000
2971,031695,中石化永豐0A購02,0,0,0,0,0,0,0,0,0,45000,0,0,0,55000,10000,45000,45000
2972,032671,群創富邦0A購04,0,0,0,0,0,0,0,0,0,45000,0,0,0,45000,0,45000,45000
2973,085746,王品永豐08購01,0,0,0,0,0,0,0,0,0,45000,0,0,0,45000,0,45000,45000
2974,085371,聯電群益0B購01,0,0,0,0,0,0,0,0,0,45000,0,0,0,102000,57000,45000,45000
2975,087006,元金2X富邦0B購01,0,0,0,0,0,0,0,0,0,45000,0,0,0,60000,15000,45000,45000
2976,087825,台達電凱基09購03,0,0,0,0,0,0,0,0,0,45000,0,0,0,45000,0,45000,45000
2977,083154,台積電群益08購10,0,0,0,0,0,0,0,0,0,45000,0,0,0,45000,0,45000,45000
2978,082591,鴻海元大09購07,0,0,0,0,0,0,0,0,0,45000,0,0,0,45000,0,45000,45000
2979,036888,台玻元大0C購06,0,0,0,0,0,0,0,0,0,45000,0,0,0,49000,4000,45000,45000
2980,036410,長榮航群益12購02,0,0,0,0,0,0,0,0,0,45000,0,0,0,45000,0,45000,45000
2981,035205,緯穎元富0B購01,0,0,0,0,0,0,0,0,0,45000,0,0,0,45000,0,45000,45000
2982,036260,永豐餘群益12購01,0,0,0,0,0,0,0,0,0,45000,0,0,0,55000,10000,45000,45000
2983,035250,台聚凱基11購01,0,0,0,0,0,0,0,0,0,45000,0,0,0,48000,3000,45000,45000
2984,035457,萬海國票11購03,0,0,0,0,0,0,0,0,0,45000,0,0,0,69000,24000,45000,45000
2985,039451,華通凱基12購01,0,0,0,0,0,0,0,0,0,45000,0,0,0,45000,0,45000,45000
2986,038765,台勝科元富14購01,0,0,0,0,0,0,0,0,0,45000,0,0,0,50000,5000,45000,45000
2987,038019,晶技凱基0C購01,0,0,0,0,0,0,0,0,0,45000,0,0,0,45000,0,45000,45000
2988,038082,南電元富16購01,0,0,0,0,0,0,0,0,0,45000,0,0,0,45000,0,45000,45000
2989,04078P,世紀鋼元富09售03,0,0,0,0,0,0,0,0,0,45000,0,0,0,45000,0,45000,45000
2990,088903,聯電群益0A購08,0,0,0,0,0,0,0,0,0,45000,0,0,0,183000,138000,45000,45000
2991,088889,全漢凱基09購01,0,0,0,0,0,0,0,0,0,45000,0,0,0,50000,5000,45000,45000
2992,089437,南亞科群益09購02,0,0,0,0,0,0,0,0,0,45000,0,0,0,45000,0,45000,45000
2993,089444,矽格群益09購01,0,0,0,0,0,0,0,0,0,45000,0,0,0,131000,86000,45000,45000
2994,089728,台光電永豐09購01,0,0,0,0,0,0,0,0,0,45000,0,0,0,80000,35000,45000,45000
2995,032517,慧洋永豐0A購07,0,0,0,0,0,0,0,0,0,44000,0,0,0,54000,10000,44000,44000
2996,030527,元黃金凱基0C購01,0,0,0,0,0,0,0,0,0,44000,0,0,0,44000,0,44000,44000
2997,07462P,大成鋼元大11售05,0,0,0,0,0,0,0,0,0,44000,0,0,0,75000,31000,44000,44000
2998,087970,祥碩日盛09購02,0,0,0,0,0,0,0,0,0,44000,0,0,0,164000,120000,44000,44000
2999,035373,南紡凱基0B購02,0,0,0,0,0,0,0,0,0,44000,0,0,0,44000,0,44000,44000
3000,035499,欣興國泰13購01,0,0,0,0,0,0,0,0,0,44000,0,0,0,44000,0,44000,44000
3001,034509,台新金凱基0C購01,0,0,0,0,0,0,0,0,0,44000,0,0,0,49000,5000,44000,44000
3002,033435,偉詮電元大11購01,0,0,0,0,0,0,0,0,0,44000,0,0,0,77000,33000,44000,44000
3003,034029,永豐餘元富0B購01,0,0,0,0,0,0,0,0,0,44000,0,0,0,44000,0,44000,44000
3004,037237,瑞昱元大0C購02,0,0,0,0,0,0,0,0,0,44000,0,0,0,225000,181000,44000,44000
3005,037514,南電群益0C購01,0,0,0,0,0,0,0,0,0,44000,0,0,0,76000,32000,44000,44000
3006,037655,聯陽凱基0C購02,0,0,0,0,0,0,0,0,0,44000,0,0,0,352000,308000,44000,44000
3007,039800,華通元大11購03,0,0,0,0,0,0,0,0,0,44000,0,0,0,44000,0,44000,44000
3008,038274,新纖康和11購01,0,0,0,0,0,0,0,0,0,44000,0,0,0,58000,14000,44000,44000
3009,089763,國喬凱基09購02,0,0,0,0,0,0,0,0,0,44000,0,0,0,514000,470000,44000,44000
3010,00666R,富邦恒生國企反1,0,0,0,0,0,0,0,0,0,43000,0,0,0,95000,52000,43000,43000
3011,031126,長榮統一0C購04,0,0,0,0,0,0,0,0,0,43000,0,0,0,43000,0,43000,43000
3012,030956,聯成元大0A購01,0,0,0,0,0,0,0,0,0,43000,0,0,0,96000,53000,43000,43000
3013,031591,矽格凱基0A購02,0,0,0,0,0,0,0,0,0,43000,0,0,0,56000,13000,43000,43000
3014,034275,新光鋼富邦13購01,0,0,0,0,0,0,0,0,0,43000,0,0,0,185000,142000,43000,43000
3015,031726,乙盛群益0A購01,0,0,0,0,0,0,0,0,0,43000,0,0,0,50000,7000,43000,43000
3016,031833,大立光富邦0B購04,0,0,0,0,0,0,0,0,0,43000,0,0,0,56000,13000,43000,43000
3017,035720,欣興元大0B購08,0,0,0,0,0,0,0,0,0,43000,0,0,0,67000,24000,43000,43000
3018,035119,美時永豐0B購01,0,0,0,0,0,0,0,0,0,43000,0,0,0,43000,0,43000,43000
3019,087785,長榮航永豐09購01,0,0,0,0,0,0,0,0,0,43000,0,0,0,43000,0,43000,43000
3020,07645P,華碩凱基12售01,0,0,0,0,0,0,0,0,0,43000,0,0,0,70000,27000,43000,43000
3021,07641P,上銀群益13售01,0,0,0,0,0,0,0,0,0,43000,0,0,0,125000,82000,43000,43000
3022,080396,群光元大09購01,0,0,0,0,0,0,0,0,0,43000,0,0,0,153000,110000,43000,43000
3023,082700,華碩凱基09購01,0,0,0,0,0,0,0,0,0,43000,0,0,0,104000,61000,43000,43000
3024,037791,貿聯群益13購01,0,0,0,0,0,0,0,0,0,43000,0,0,0,52000,9000,43000,43000
3025,036811,光罩元富13購01,0,0,0,0,0,0,0,0,0,43000,0,0,0,115000,72000,43000,43000
3026,033984,惠特凱基0B購02,0,0,0,0,0,0,0,0,0,43000,0,0,0,153000,110000,43000,43000
3027,036173,大成鋼麥證0C購03,0,0,0,53000,10000,43000,0,0,0,43000,0,0,0,53000,10000,43000,43000
3028,033636,南電康和0B購01,0,0,0,0,0,0,0,0,0,43000,0,0,0,140000,97000,43000,43000
3029,033349,祥碩永豐0B購01,0,0,0,0,0,0,0,0,0,43000,0,0,0,43000,0,43000,43000
3030,036057,大成鋼群益12購02,0,0,0,0,0,0,0,0,0,43000,0,0,0,43000,0,43000,43000
3031,035038,欣興麥證11購01,0,0,0,53000,10000,43000,0,0,0,43000,0,0,0,53000,10000,43000,43000
3032,037134,致新元大13購01,0,0,0,0,0,0,0,0,0,43000,0,0,0,238000,195000,43000,43000
3033,038768,聯電康和11購03,0,0,0,0,0,0,0,0,0,43000,0,0,0,125000,82000,43000,43000
3034,038841,友達麥證11購02,0,0,0,50000,7000,43000,0,0,0,43000,0,0,0,50000,7000,43000,43000
3035,039413,裕民永豐11購01,0,0,0,0,0,0,0,0,0,43000,0,0,0,43000,0,43000,43000
3036,039095,貿聯康和11購01,0,0,0,0,0,0,0,0,0,43000,0,0,0,70000,27000,43000,43000
3037,039140,大立光國泰13購03,0,0,0,0,0,0,0,0,0,43000,0,0,0,203000,160000,43000,43000
3038,040588,台表科元大13購02,0,0,0,0,0,0,0,0,0,43000,0,0,0,140000,97000,43000,43000
3039,06413P,臺股指凱基11售01,0,0,0,0,0,0,0,0,0,43000,0,0,0,102000,59000,43000,43000
3040,06601P,A50正2元富09售04,0,0,0,0,0,0,0,0,0,43000,0,0,0,43000,0,43000,43000
3041,032213,中鋼統一0C購07,0,0,0,0,0,0,0,0,0,42000,0,0,0,45000,3000,42000,42000
3042,031021,東鋼凱基0A購01,0,0,0,0,0,0,0,0,0,42000,0,0,0,42000,0,42000,42000
3043,078724,圓剛統一09購01,0,0,0,0,0,0,0,0,0,42000,0,0,0,42000,0,42000,42000
3044,087222,京鼎凱基09購01,0,0,0,0,0,0,0,0,0,42000,0,0,0,42000,0,42000,42000
3045,036052,裕民康和11購01,0,0,0,0,0,0,0,0,0,42000,0,0,0,42000,0,42000,42000
3046,033455,偉詮電群益12購02,0,0,0,0,0,0,0,0,0,42000,0,0,0,118000,76000,42000,42000
3047,035355,聯電兆豐0C購03,0,0,0,0,0,0,0,0,0,42000,0,0,0,42000,0,42000,42000
3048,033989,瑞昱兆豐0C購01,0,0,0,0,0,0,0,0,0,42000,0,0,0,211000,169000,42000,42000
3049,034165,華新科永豐0B購01,0,0,0,0,0,0,0,0,0,42000,0,0,0,70000,28000,42000,42000
3050,036601,景碩永豐0C購02,0,0,0,0,0,0,0,0,0,42000,0,0,0,422000,380000,42000,42000
3051,037445,國巨元大12購02,0,0,0,0,0,0,0,0,0,42000,0,0,0,42000,0,42000,42000
3052,037778,華新科凱基0C購02,0,0,0,0,0,0,0,0,0,42000,0,0,0,122000,80000,42000,42000
3053,040371,惠特永豐12購01,0,0,0,0,0,0,0,0,0,42000,0,0,0,42000,0,42000,42000
3054,039795,同欣電統一13購01,0,0,0,0,0,0,0,0,0,42000,0,0,0,54000,12000,42000,42000
3055,039728,長榮航富邦13購02,0,0,0,0,0,0,0,0,0,42000,0,0,0,50000,8000,42000,42000
3056,2451,創見,142609,103000,39609,0,0,0,0,0,0,1421,0,579,-579,2000,0,2000,41030
3057,5203,訊連,67000,26000,41000,0,0,0,0,0,0,2,2,0,2,0,0,0,41002
3058,030764,聯電康和0A購01,0,0,0,0,0,0,0,0,0,41000,0,0,0,52000,11000,41000,41000
3059,03052X,元展49,0,0,0,0,0,0,0,0,0,41000,0,0,0,41000,0,41000,41000
3060,032657,南亞麥證0C購01,0,0,0,292000,251000,41000,0,0,0,41000,0,0,0,292000,251000,41000,41000
3061,07533P,台勝科元富11售01,0,0,0,0,0,0,0,0,0,41000,0,0,0,102000,61000,41000,41000
3062,088274,華碩中信09購01,0,0,0,0,0,0,0,0,0,41000,0,0,0,50000,9000,41000,41000
3063,037788,聯發科群益13購01,0,0,0,0,0,0,0,0,0,41000,0,0,0,61000,20000,41000,41000
3064,037533,順德元大11購03,0,0,0,0,0,0,0,0,0,41000,0,0,0,166000,125000,41000,41000
3065,037126,健策元大0C購04,0,0,0,0,0,0,0,0,0,41000,0,0,0,72000,31000,41000,41000
3066,036590,矽創國泰12購01,0,0,0,0,0,0,0,0,0,41000,0,0,0,41000,0,41000,41000
3067,036333,榮成元富0C購01,0,0,0,0,0,0,0,0,0,41000,0,0,0,91000,50000,41000,41000
3068,034077,大成鋼元大0B購09,0,0,0,0,0,0,0,0,0,41000,0,0,0,157000,116000,41000,41000
3069,034635,技嘉元大0B購02,0,0,0,0,0,0,0,0,0,41000,0,0,0,88000,47000,41000,41000
3070,034702,愛普群益12購02,0,0,0,0,0,0,0,0,0,41000,0,0,0,88000,47000,41000,41000
3071,039834,長榮航麥證11購01,0,0,0,42000,1000,41000,0,0,0,41000,0,0,0,42000,1000,41000,41000
3072,040435,台表科凱基13購03,0,0,0,0,0,0,0,0,0,41000,0,0,0,161000,120000,41000,41000
3073,040285,景碩元大11購09,0,0,0,0,0,0,0,0,0,41000,0,0,0,315000,274000,41000,41000
3074,06641P,大立光日盛09售03,0,0,0,0,0,0,0,0,0,41000,0,0,0,51000,10000,41000,41000
3075,06406P,大立光元富08售03,0,0,0,0,0,0,0,0,0,41000,0,0,0,41000,0,41000,41000
3076,6715,嘉基,54000,13000,41000,0,0,0,0,0,0,0,0,0,0,0,0,0,41000
3077,2367,燿華,556000,494000,62000,0,0,0,0,0,0,-21000,3000,3000,0,0,21000,-21000,41000
3078,089675,鴻海元大0C購10,0,0,0,0,0,0,0,0,0,41000,0,0,0,86000,45000,41000,41000
3079,089140,長榮航元大09購07,0,0,0,0,0,0,0,0,0,41000,0,0,0,82000,41000,41000,41000
3080,032658,南紡麥證0B購01,0,0,0,90000,50000,40000,0,0,0,40000,0,0,0,90000,50000,40000,40000
3081,032531,友達凱基0A購08,0,0,0,0,0,0,0,0,0,40000,0,0,0,40000,0,40000,40000
3082,032740,廣宇凱基0B購02,0,0,0,0,0,0,0,0,0,40000,0,0,0,40000,0,40000,40000
3083,031480,台灣50元大11購03,0,0,0,0,0,0,0,0,0,40000,0,0,0,40000,0,40000,40000
3084,031482,台灣50元大11購05,0,0,0,0,0,0,0,0,0,40000,0,0,0,40000,0,40000,40000
3085,031666,聯發科元大12購03,0,0,0,0,0,0,0,0,0,40000,0,0,0,203000,163000,40000,40000
3086,032235,T50反1元大0A購10,0,0,0,0,0,0,0,0,0,40000,0,0,0,40000,0,40000,40000
3087,032433,友達元大0C購08,0,0,0,0,0,0,0,0,0,40000,0,0,0,40000,0,40000,40000
3088,031389,長榮統一0B購08,0,0,0,0,0,0,0,0,0,40000,0,0,0,107000,67000,40000,40000
3089,031400,華邦電兆豐0B購01,0,0,0,0,0,0,0,0,0,40000,0,0,0,82000,42000,40000,40000
3090,031706,三陽永豐0A購01,0,0,0,0,0,0,0,0,0,40000,0,0,0,40000,0,40000,40000
3091,030306,威盛康和0A購02,0,0,0,0,0,0,0,0,0,40000,0,0,0,40000,0,40000,40000
3092,030983,國揚元大0A購03,0,0,0,0,0,0,0,0,0,40000,0,0,0,40000,0,40000,40000
3093,033138,新光金元大13購01,0,0,0,0,0,0,0,0,0,40000,0,0,0,40000,0,40000,40000
3094,032841,台積電中信0A購08,0,0,0,0,0,0,0,0,0,40000,0,0,0,40000,0,40000,40000
3095,087997,聯發科群益0B購01,0,0,0,0,0,0,0,0,0,40000,0,0,0,96000,56000,40000,40000
3096,088339,中信金元大09購02,0,0,0,0,0,0,0,0,0,40000,0,0,0,40000,0,40000,40000
3097,07607P,臺股指元大11售14,0,0,0,0,0,0,0,0,0,40000,0,0,0,40000,0,40000,40000
3098,078692,台積電國泰09購01,0,0,0,0,0,0,0,0,0,40000,0,0,0,60000,20000,40000,40000
3099,078700,敬鵬富邦08購01,0,0,0,0,0,0,0,0,0,40000,0,0,0,40000,0,40000,40000
3100,079493,智邦凱基09購01,0,0,0,0,0,0,0,0,0,40000,0,0,0,50000,10000,40000,40000
3101,078108,勝一元富0C購01,0,0,0,0,0,0,0,0,0,40000,0,0,0,60000,20000,40000,40000
3102,082502,祥碩統一09購03,0,0,0,0,0,0,0,0,0,40000,0,0,0,50000,10000,40000,40000
3103,082147,惠特元富08購01,0,0,0,0,0,0,0,0,0,40000,0,0,0,109000,69000,40000,40000
3104,083342,華新科統一09購05,0,0,0,0,0,0,0,0,0,40000,0,0,0,40000,0,40000,40000
3105,083450,鈺齊凱基08購01,0,0,0,0,0,0,0,0,0,40000,0,0,0,40000,0,40000,40000
3106,083492,聯發科元富11購01,0,0,0,0,0,0,0,0,0,40000,0,0,0,50000,10000,40000,40000
3107,083754,廣宇國泰09購02,0,0,0,0,0,0,0,0,0,40000,0,0,0,40000,0,40000,40000
3108,083619,台達電凱基0B購01,0,0,0,0,0,0,0,0,0,40000,0,0,0,40000,0,40000,40000
3109,084089,京元電元大08購01,0,0,0,0,0,0,0,0,0,40000,0,0,0,50000,10000,40000,40000
3110,087213,台積電凱基09購19,0,0,0,0,0,0,0,0,0,40000,0,0,0,140000,100000,40000,40000
3111,085247,日月光中信08購02,0,0,0,0,0,0,0,0,0,40000,0,0,0,60000,20000,40000,40000
3112,085382,南電群益08購04,0,0,0,0,0,0,0,0,0,40000,0,0,0,40000,0,40000,40000
3113,085519,聯電富邦09購03,0,0,0,0,0,0,0,0,0,40000,0,0,0,40000,0,40000,40000
3114,085555,聯發科群益08購16,0,0,0,0,0,0,0,0,0,40000,0,0,0,50000,10000,40000,40000
3115,086405,義隆統一0B購01,0,0,0,0,0,0,0,0,0,40000,0,0,0,70000,30000,40000,40000
3116,085946,玉晶光群益0A購01,0,0,0,0,0,0,0,0,0,40000,0,0,0,48000,8000,40000,40000
3117,036023,大成鋼統一12購04,0,0,0,0,0,0,0,0,0,40000,0,0,0,50000,10000,40000,40000
3118,034997,燁輝元大0C購03,0,0,0,0,0,0,0,0,0,40000,0,0,0,40000,0,40000,40000
3119,035344,富邦金元富12購09,0,0,0,0,0,0,0,0,0,40000,0,0,0,40000,0,40000,40000
3120,033767,中鋼群益0B購09,0,0,0,0,0,0,0,0,0,40000,0,0,0,80000,40000,40000,40000
3121,036890,東鋼元大0C購05,0,0,0,0,0,0,0,0,0,40000,0,0,0,45000,5000,40000,40000
3122,037603,台船元大11購02,0,0,0,0,0,0,0,0,0,40000,0,0,0,40000,0,40000,40000
3123,037921,鴻海群益13購01,0,0,0,0,0,0,0,0,0,40000,0,0,0,42000,2000,40000,40000
3124,06419P,南電國票0A售01,0,0,0,0,0,0,0,0,0,40000,0,0,0,50000,10000,40000,40000
3125,05992P,同欣電元富08售04,0,0,0,0,0,0,0,0,0,40000,0,0,0,40000,0,40000,40000
3126,06584P,亞德客凱基09售03,0,0,0,0,0,0,0,0,0,40000,0,0,0,60000,20000,40000,40000
3127,040287,京鼎元大11購03,0,0,0,0,0,0,0,0,0,40000,0,0,0,40000,0,40000,40000
3128,040320,台玻國票13購01,9000,0,9000,0,0,0,0,0,0,31000,0,0,0,49000,18000,31000,40000
3129,039781,技嘉凱基11購02,0,0,0,0,0,0,0,0,0,40000,0,0,0,82000,42000,40000,40000
3130,039985,台玻國票12購02,0,0,0,0,0,0,0,0,0,40000,0,0,0,46000,6000,40000,40000
3131,040063,中壽元大12購01,0,0,0,0,0,0,0,0,0,40000,0,0,0,40000,0,40000,40000
3132,039234,聯詠國票12購02,0,0,0,0,0,0,0,0,0,40000,0,0,0,248000,208000,40000,40000
3133,039185,台積電元大14購02,0,0,0,0,0,0,0,0,0,40000,0,0,0,40000,0,40000,40000
3134,038918,豐興元富14購01,0,0,0,0,0,0,0,0,0,40000,0,0,0,40000,0,40000,40000
3135,038924,台船康和11購01,0,0,0,0,0,0,0,0,0,40000,0,0,0,40000,0,40000,40000
3136,038669,聚鼎永豐11購01,0,0,0,0,0,0,0,0,0,40000,0,0,0,40000,0,40000,40000
3137,038412,華新科兆豐14購01,0,0,0,0,0,0,0,0,0,40000,0,0,0,40000,0,40000,40000
3138,06766P,臺股指元大0C售03,0,0,0,0,0,0,0,0,0,40000,0,0,0,40000,0,40000,40000
3139,06768P,臺股指元大11售03,0,0,0,0,0,0,0,0,0,40000,0,0,0,40000,0,40000,40000
3140,068920,台積電元富08購10,0,0,0,0,0,0,0,0,0,40000,0,0,0,40000,0,40000,40000
3141,07099P,長榮凱基0B售12,0,0,0,0,0,0,0,0,0,40000,0,0,0,40000,0,40000,40000
3142,07167P,裕民元富12售06,0,0,0,0,0,0,0,0,0,40000,0,0,0,40000,0,40000,40000
3143,07049P,長榮航國票0B售04,0,0,0,0,0,0,0,0,0,40000,0,0,0,50000,10000,40000,40000
3144,032050,威盛國票0B購01,0,0,0,0,0,0,0,0,0,39000,0,0,0,79000,40000,39000,39000
3145,031172,台達化永豐0A購01,0,0,0,0,0,0,0,0,0,39000,0,0,0,39000,0,39000,39000
3146,030740,盟立元大0B購01,0,0,0,0,0,0,0,0,0,39000,0,0,0,51000,12000,39000,39000
3147,032336,聯發科群益0A購03,0,0,0,0,0,0,0,0,0,39000,0,0,0,128000,89000,39000,39000
3148,032186,大成鋼群益0C購02,0,0,0,0,0,0,0,0,0,39000,0,0,0,56000,17000,39000,39000
3149,031766,健策元富0A購02,0,0,0,0,0,0,0,0,0,39000,0,0,0,422000,383000,39000,39000
3150,032273,中鋼富邦0A購04,0,0,0,0,0,0,0,0,0,39000,0,0,0,40000,1000,39000,39000
3151,035926,緯穎元富0C購01,0,0,0,0,0,0,0,0,0,39000,0,0,0,84000,45000,39000,39000
3152,086605,海悅永豐09購01,0,0,0,0,0,0,0,0,0,39000,0,0,0,39000,0,39000,39000
3153,081959,愛普統一0A購01,0,0,0,0,0,0,0,0,0,39000,0,0,0,50000,11000,39000,39000
3154,07455P,南電元富13售04,0,0,0,0,0,0,0,0,0,39000,0,0,0,185000,146000,39000,39000
3155,088055,美食元大09購02,0,0,0,0,0,0,0,0,0,39000,0,0,0,39000,0,39000,39000
3156,035776,聯電富邦12購02,0,0,0,0,0,0,0,0,0,39000,0,0,0,108000,69000,39000,39000
3157,034404,大成鋼國票0C購03,0,0,0,0,0,0,0,0,0,39000,0,0,0,46000,7000,39000,39000
3158,038353,明基材元富12購01,0,0,0,0,0,0,0,0,0,39000,0,0,0,39000,0,39000,39000
3159,039440,祥碩元大14購02,0,0,0,0,0,0,0,0,0,39000,0,0,0,54000,15000,39000,39000
3160,040055,聯電元大11購09,0,0,0,0,0,0,0,0,0,39000,0,0,0,91000,52000,39000,39000
3161,040018,台郡兆豐11購01,0,0,0,0,0,0,0,0,0,39000,0,0,0,50000,11000,39000,39000
3162,06425P,台積電富邦0A售03,0,0,0,0,0,0,0,0,0,39000,0,0,0,58000,19000,39000,39000
3163,06312P,臺股指元大08售17,0,0,0,0,0,0,0,0,0,39000,0,0,0,39000,0,39000,39000
3164,089377,惠特元大09購03,0,0,0,0,0,0,0,0,0,39000,0,0,0,84000,45000,39000,39000
3165,089610,中壽群益09購01,0,0,0,0,0,0,0,0,0,39000,0,0,0,39000,0,39000,39000
3166,089530,祥碩元大09購06,0,0,0,0,0,0,0,0,0,39000,0,0,0,49000,10000,39000,39000
3167,3535,晶彩科,79000,40000,39000,0,0,0,0,0,0,0,0,0,0,0,0,0,39000
3168,6120,達運,341000,302000,39000,0,0,0,0,0,0,0,0,0,0,0,0,0,39000
3169,3708,上緯投控,69000,28000,41000,0,0,0,0,0,0,-2931,2000,931,1069,0,4000,-4000,38069
3170,031439,大亞麥證0B購01,0,0,0,69000,31000,38000,0,0,0,38000,0,0,0,69000,31000,38000,38000
3171,032137,大成鋼凱基14購03,0,0,0,0,0,0,0,0,0,38000,0,0,0,176000,138000,38000,38000
3172,031100,華邦電群益0B購03,0,0,0,0,0,0,0,0,0,38000,0,0,0,38000,0,38000,38000
3173,030300,威鋒電元富14購01,0,0,0,0,0,0,0,0,0,38000,0,0,0,240000,202000,38000,38000
3174,07399P,台表科元富0C售02,0,0,0,0,0,0,0,0,0,38000,0,0,0,40000,2000,38000,38000
3175,078722,華邦電統一08購02,0,0,0,0,0,0,0,0,0,38000,0,0,0,58000,20000,38000,38000
3176,080903,新纖凱基0A購01,0,0,0,0,0,0,0,0,0,38000,0,0,0,74000,36000,38000,38000
3177,086781,台達電兆豐0A購01,0,0,0,0,0,0,0,0,0,38000,0,0,0,38000,0,38000,38000
3178,033595,中纖兆豐0C購01,0,0,0,0,0,0,0,0,0,38000,0,0,0,38000,0,38000,38000
3179,03502B,臺股指凱基11熊08,0,0,0,0,0,0,0,0,0,38000,0,0,0,101000,63000,38000,38000
3180,036115,台玻群益12購01,0,0,0,0,0,0,0,0,0,38000,0,0,0,61000,23000,38000,38000
3181,037582,嘉澤中信0C購01,0,0,0,0,0,0,0,0,0,38000,0,0,0,38000,0,38000,38000
3182,037701,日月光群益0C購03,0,0,0,0,0,0,0,0,0,38000,0,0,0,139000,101000,38000,38000
3183,06494P,聯發科凱基09售08,0,0,0,0,0,0,0,0,0,38000,0,0,0,86000,48000,38000,38000
3184,040390,愛普元大12購03,0,0,0,0,0,0,0,0,0,38000,0,0,0,183000,145000,38000,38000
3185,039470,新唐國票12購03,0,0,0,0,0,0,0,0,0,38000,0,0,0,545000,507000,38000,38000
3186,039636,富邦金永豐11購01,0,0,0,0,0,0,0,0,0,38000,0,0,0,38000,0,38000,38000
3187,039385,同欣電兆豐14購01,0,0,0,0,0,0,0,0,0,38000,0,0,0,111000,73000,38000,38000
3188,038278,嘉晶富邦13購01,0,0,0,0,0,0,0,0,0,38000,0,0,0,95000,57000,38000,38000
3189,088958,凌陽國票0A購01,0,0,0,0,0,0,0,0,0,38000,0,0,0,80000,42000,38000,38000
3190,00706L,期元大S&P日圓正2,0,0,0,0,0,0,0,0,0,37000,0,0,0,37000,0,37000,37000
3191,030973,瑞昱元大0B購01,0,0,0,0,0,0,0,0,0,37000,0,0,0,121000,84000,37000,37000
3192,030967,華通元大0B購01,0,0,0,0,0,0,0,0,0,37000,0,0,0,293000,256000,37000,37000
3193,032973,嘉晶元大0B購02,0,0,0,0,0,0,0,0,0,37000,0,0,0,54000,17000,37000,37000
3194,087780,中興電永豐09購02,0,0,0,0,0,0,0,0,0,37000,0,0,0,37000,0,37000,37000
3195,085982,聯電元大0C購06,0,0,0,0,0,0,0,0,0,37000,0,0,0,42000,5000,37000,37000
3196,083445,日月光凱基0B購01,0,0,0,0,0,0,0,0,0,37000,0,0,0,137000,100000,37000,37000
3197,088567,偉詮電凱基09購01,0,0,0,0,0,0,0,0,0,37000,0,0,0,88000,51000,37000,37000
3198,036574,中石化富邦0C購01,0,0,0,0,0,0,0,0,0,37000,0,0,0,37000,0,37000,37000
3199,033659,聯發科統一11購04,0,0,0,0,0,0,0,0,0,37000,0,0,0,37000,0,37000,37000
3200,034891,台泥凱基0B購02,0,0,0,0,0,0,0,0,0,37000,0,0,0,54000,17000,37000,37000
3201,035164,技嘉國票0B購01,0,0,0,0,0,0,0,0,0,37000,0,0,0,40000,3000,37000,37000
3202,038171,同欣電元大11購02,0,0,0,0,0,0,0,0,0,37000,0,0,0,60000,23000,37000,37000
3203,037970,景碩富邦12購01,0,0,0,0,0,0,0,0,0,37000,0,0,0,57000,20000,37000,37000
3204,038650,豐興中信11購01,0,0,0,0,0,0,0,0,0,37000,0,0,0,37000,0,37000,37000
3205,038552,矽格國泰13購02,0,0,0,0,0,0,0,0,0,37000,0,0,0,274000,237000,37000,37000
3206,039243,潤泰全富邦13購01,0,0,0,0,0,0,0,0,0,37000,0,0,0,37000,0,37000,37000
3207,038928,永豐餘麥證11購02,0,0,0,47000,0,47000,0,0,0,37000,0,0,0,47000,10000,37000,37000
3208,06913P,群創凱基0B售09,0,0,0,0,0,0,0,0,0,37000,0,0,0,71000,34000,37000,37000
3209,6598,ABC-KY,42000,5000,37000,0,0,0,0,0,0,0,0,0,0,5000,5000,0,37000
3210,032279,大立光富邦13購01,0,0,0,0,0,0,0,0,0,36000,0,0,0,120000,84000,36000,36000
3211,031707,台積電永豐0A購03,0,0,0,0,0,0,0,0,0,36000,0,0,0,41000,5000,36000,36000
3212,032145,長榮凱基11購02,0,0,0,0,0,0,0,0,0,36000,0,0,0,36000,0,36000,36000
3213,031885,長榮凱基14購04,0,0,0,0,0,0,0,0,0,36000,0,0,0,36000,0,36000,36000
3214,030068,長興群益11購01,0,0,0,0,0,0,0,0,0,36000,0,0,0,56000,20000,36000,36000
3215,031247,長榮群益11購03,0,0,0,0,0,0,0,0,0,36000,0,0,0,36000,0,36000,36000
3216,035736,精英國票0C購01,0,0,0,0,0,0,0,0,0,36000,0,0,0,36000,0,36000,36000
3217,088513,祥碩元大09購05,0,0,0,0,0,0,0,0,0,36000,0,0,0,52000,16000,36000,36000
3218,078151,全新中信09購01,0,0,0,0,0,0,0,0,0,36000,0,0,0,130000,94000,36000,36000
3219,078289,華邦電國票08購02,0,0,0,0,0,0,0,0,0,36000,0,0,0,36000,0,36000,36000
3220,087295,松翰元大0A購01,0,0,0,0,0,0,0,0,0,36000,0,0,0,36000,0,36000,36000
3221,086950,日月光元大09購03,0,0,0,0,0,0,0,0,0,36000,0,0,0,100000,64000,36000,36000
3222,036219,晶相光國泰12購01,0,0,0,0,0,0,0,0,0,36000,0,0,0,77000,41000,36000,36000
3223,036539,百和元富0C購01,0,0,0,0,0,0,0,0,0,36000,0,0,0,36000,0,36000,36000
3224,036439,台玻兆豐11購01,0,0,0,0,0,0,0,0,0,36000,0,0,0,36000,0,36000,36000
3225,036164,寶成元大11購01,0,0,0,0,0,0,0,0,0,36000,0,0,0,91000,55000,36000,36000
3226,036937,日月光富邦13購01,0,0,0,0,0,0,0,0,0,36000,0,0,0,485000,449000,36000,36000
3227,037475,大立光國泰12購03,0,0,0,0,0,0,0,0,0,36000,0,0,0,61000,25000,36000,36000
3228,037866,南電元富13購02,0,0,0,0,0,0,0,0,0,36000,0,0,0,42000,6000,36000,36000
3229,039156,界霖群益13購01,0,0,0,0,0,0,0,0,0,36000,0,0,0,125000,89000,36000,36000
3230,038565,強茂凱基13購01,0,0,0,0,0,0,0,0,0,36000,0,0,0,84000,48000,36000,36000
3231,038535,豐興富邦11購01,0,0,0,0,0,0,0,0,0,36000,0,0,0,36000,0,36000,36000
3232,038674,永豐餘群益13購01,0,0,0,0,0,0,0,0,0,36000,0,0,0,54000,18000,36000,36000
3233,6592,和潤企業,201000,171000,30000,0,0,0,0,0,0,6000,14000,0,14000,0,8000,-8000,36000
3234,089367,聯詠元大09購15,0,0,0,0,0,0,0,0,0,36000,0,0,0,125000,89000,36000,36000
3235,089696,矽創元大09購08,0,0,0,0,0,0,0,0,0,36000,0,0,0,45000,9000,36000,36000
3236,1454,台富,63000,27000,36000,0,0,0,0,0,0,0,0,0,0,0,0,0,36000
3237,031210,旺宏凱基0A購05,0,0,0,0,0,0,0,0,0,35000,0,0,0,35000,0,35000,35000
3238,030987,嘉晶元大0C購01,0,0,0,0,0,0,0,0,0,35000,0,0,0,40000,5000,35000,35000
3239,031124,全新統一0C購01,0,0,0,0,0,0,0,0,0,35000,0,0,0,35000,0,35000,35000
3240,031807,中鋼元大0A購05,0,0,0,0,0,0,0,0,0,35000,0,0,0,296000,261000,35000,35000
3241,033232,南亞元大0B購02,0,0,0,0,0,0,0,0,0,35000,0,0,0,186000,151000,35000,35000
3242,032276,華邦電富邦0A購02,0,0,0,0,0,0,0,0,0,35000,0,0,0,50000,15000,35000,35000
3243,086892,力麗群益0B購01,0,0,0,0,0,0,0,0,0,35000,0,0,0,35000,0,35000,35000
3244,086014,日月光元大0C購01,0,0,0,0,0,0,0,0,0,35000,0,0,0,41000,6000,35000,35000
3245,085478,大立光麥證0C購01,0,0,0,55000,20000,35000,0,0,0,35000,0,0,0,55000,20000,35000,35000
3246,084925,台積電元大09購11,0,0,0,0,0,0,0,0,0,35000,0,0,0,50000,15000,35000,35000
3247,080263,中石化富邦08購01,0,0,0,0,0,0,0,0,0,35000,0,0,0,35000,0,35000,35000
3248,080338,合勤控凱基09購01,0,0,0,0,0,0,0,0,0,35000,0,0,0,35000,0,35000,35000
3249,080344,聯電統一08購04,0,0,0,0,0,0,0,0,0,35000,0,0,0,65000,30000,35000,35000
3250,07454P,玉晶光群益13售03,0,0,0,0,0,0,0,0,0,35000,0,0,0,51000,16000,35000,35000
3251,081953,正文統一09購01,0,0,0,0,0,0,0,0,0,35000,0,0,0,35000,0,35000,35000
3252,088583,聯電統一0B購07,0,0,0,0,0,0,0,0,0,35000,0,0,0,433000,398000,35000,35000
3253,037779,神基凱基0C購01,0,0,0,0,0,0,0,0,0,35000,0,0,0,105000,70000,35000,35000
3254,036940,鴻海中信13購01,0,0,0,0,0,0,0,0,0,35000,0,0,0,35000,0,35000,35000
3255,034181,華城元大0C購01,0,0,0,0,0,0,0,0,0,35000,0,0,0,35000,0,35000,35000
3256,034473,聚陽元大11購01,0,0,0,0,0,0,0,0,0,35000,0,0,0,35000,0,35000,35000
3257,035235,萬海永豐0B購03,0,0,0,0,0,0,0,0,0,35000,0,0,0,35000,0,35000,35000
3258,038562,聯強凱基11購01,0,0,0,0,0,0,0,0,0,35000,0,0,0,35000,0,35000,35000
3259,039719,聯詠國票11購03,0,0,0,0,0,0,0,0,0,35000,0,0,0,63000,28000,35000,35000
3260,06931P,臺股指元大0C售14,0,0,0,0,0,0,0,0,0,35000,0,0,0,35000,0,35000,35000
3261,1568,倉佑,101000,66000,35000,0,0,0,0,0,0,0,0,0,0,0,0,0,35000
3262,089768,東鋼凱基09購05,0,0,0,0,0,0,0,0,0,35000,0,0,0,35000,0,35000,35000
3263,031759,臺股指凱基11購07,0,0,0,0,0,0,0,0,0,34000,0,0,0,979000,945000,34000,34000
3264,032228,新唐統一0C購03,0,0,0,0,0,0,0,0,0,34000,0,0,0,41000,7000,34000,34000
3265,031050,光磊元大0A購01,0,0,0,0,0,0,0,0,0,34000,0,0,0,284000,250000,34000,34000
3266,030770,創意康和0B購01,0,0,0,0,0,0,0,0,0,34000,0,0,0,205000,171000,34000,34000
3267,030456,潤泰全富邦0C購01,0,0,0,0,0,0,0,0,0,34000,0,0,0,39000,5000,34000,34000
3268,030114,松翰永豐0A購01,0,0,0,0,0,0,0,0,0,34000,0,0,0,109000,75000,34000,34000
3269,033535,台泥富邦0C購01,0,0,0,0,0,0,0,0,0,34000,0,0,0,34000,0,34000,34000
3270,035980,裕民麥證0C購02,0,0,0,35000,1000,34000,0,0,0,34000,0,0,0,35000,1000,34000,34000
3271,088791,華通群益0B購01,0,0,0,0,0,0,0,0,0,34000,0,0,0,508000,474000,34000,34000
3272,081353,國巨凱基08購04,0,0,0,0,0,0,0,0,0,34000,0,0,0,34000,0,34000,34000
3273,083460,聯電統一0A購02,0,0,0,0,0,0,0,0,0,34000,0,0,0,116000,82000,34000,34000
3274,084895,旺宏統一09購04,0,0,0,0,0,0,0,0,0,34000,0,0,0,53000,19000,34000,34000
3275,087564,國泰金國票0A購01,0,0,0,0,0,0,0,0,0,34000,0,0,0,34000,0,34000,34000
3276,035055,聯電國泰11購03,0,0,0,0,0,0,0,0,0,34000,0,0,0,35000,1000,34000,34000
3277,033319,新纖凱基0B購02,0,0,0,0,0,0,0,0,0,34000,0,0,0,34000,0,34000,34000
3278,035478,元油反群益0B購01,0,0,0,0,0,0,0,0,0,34000,0,0,0,44000,10000,34000,34000
3279,034866,嘉聯益元大0B購02,0,0,0,0,0,0,0,0,0,34000,0,0,0,58000,24000,34000,34000
3280,034570,大立光富邦0C購02,0,0,0,0,0,0,0,0,0,34000,0,0,0,34000,0,34000,34000
3281,037356,台船中信0C購01,0,0,0,0,0,0,0,0,0,34000,0,0,0,34000,0,34000,34000
3282,037930,和大元富12購01,0,0,0,0,0,0,0,0,0,34000,0,0,0,34000,0,34000,34000
3283,07312P,台積電元大0C售24,0,0,0,0,0,0,0,0,0,34000,0,0,0,34000,0,34000,34000
3284,039742,健和興兆豐11購01,0,0,0,0,0,0,0,0,0,34000,0,0,0,43000,9000,34000,34000
3285,039529,盛餘凱基12購01,0,0,0,0,0,0,0,0,0,34000,0,0,0,55000,21000,34000,34000
3286,040118,和大永豐11購01,0,0,0,0,0,0,0,0,0,34000,0,0,0,34000,0,34000,34000
3287,040445,大成鋼富邦13購03,0,0,0,0,0,0,0,0,0,34000,0,0,0,134000,100000,34000,34000
3288,038273,新唐元富14購01,0,0,0,0,0,0,0,0,0,34000,0,0,0,53000,19000,34000,34000
3289,088946,矽創統一0B購08,0,0,0,0,0,0,0,0,0,34000,0,0,0,34000,0,34000,34000
3290,2425,承啟,96000,62000,34000,0,0,0,0,0,0,0,0,0,0,0,0,0,34000
3291,2509,全坤建,210000,176000,34000,0,0,0,0,0,0,0,0,0,0,0,0,0,34000
3292,3705,永信,48000,14000,34000,0,0,0,0,0,0,0,0,0,0,0,0,0,34000
3293,033079,聯電統一0C購05,0,0,0,0,0,0,0,0,0,33000,0,0,0,171000,138000,33000,33000
3294,087752,日電貿國票0A購01,0,0,0,0,0,0,0,0,0,33000,0,0,0,45000,12000,33000,33000
3295,086342,可成元大09購01,0,0,0,0,0,0,0,0,0,33000,0,0,0,40000,7000,33000,33000
3296,07349P,台積電元大0C售25,0,0,0,0,0,0,0,0,0,33000,0,0,0,36000,3000,33000,33000
3297,07612P,創意康和11售01,0,0,0,0,0,0,0,0,0,33000,0,0,0,33000,0,33000,33000
3298,07638P,天鈺元大11售02,0,0,0,0,0,0,0,0,0,33000,0,0,0,33000,0,33000,33000
3299,037587,廣宇群益12購01,0,0,0,0,0,0,0,0,0,33000,0,0,0,35000,2000,33000,33000
3300,037624,欣興元大14購01,0,0,0,0,0,0,0,0,0,33000,0,0,0,118000,85000,33000,33000
3301,037453,晶技元大0C購06,0,0,0,0,0,0,0,0,0,33000,0,0,0,182000,149000,33000,33000
3302,036768,台積電富邦14購03,0,0,0,0,0,0,0,0,0,33000,0,0,0,33000,0,33000,33000
3303,038621,日月光元大12購02,0,0,0,0,0,0,0,0,0,33000,0,0,0,84000,51000,33000,33000
3304,06657P,華新科元大09售16,0,0,0,0,0,0,0,0,0,33000,0,0,0,33000,0,33000,33000
3305,05593P,萬海元富08售02,0,0,0,0,0,0,0,0,0,33000,0,0,0,33000,0,33000,33000
3306,039767,開發金永豐11購01,0,0,0,0,0,0,0,0,0,33000,0,0,0,99000,66000,33000,33000
3307,06842P,景碩元大0A售04,0,0,0,0,0,0,0,0,0,33000,0,0,0,33000,0,33000,33000
3308,6277,宏正,34000,1000,33000,0,0,0,0,0,0,0,0,0,0,0,0,0,33000
3309,2527,宏璟,100000,67000,33000,0,0,0,0,0,0,0,0,0,0,0,0,0,33000
3310,031034,義隆凱基0A購02,0,0,0,0,0,0,0,0,0,32000,0,0,0,68000,36000,32000,32000
3311,031077,盛群元大0A購02,0,0,0,0,0,0,0,0,0,32000,0,0,0,64000,32000,32000,32000
3312,00663L,國泰臺灣加權正2,2000,0,2000,0,0,0,0,0,0,30000,0,0,0,34000,4000,30000,32000
3313,032249,東聯元大0C購01,0,0,0,0,0,0,0,0,0,32000,0,0,0,34000,2000,32000,32000
3314,032741,長榮凱基0A購19,0,0,0,0,0,0,0,0,0,32000,0,0,0,32000,0,32000,32000
3315,032477,台表科中信0A購01,0,0,0,0,0,0,0,0,0,32000,0,0,0,854000,822000,32000,32000
3316,034306,大毅永豐0B購01,0,0,0,0,0,0,0,0,0,32000,0,0,0,32000,0,32000,32000
3317,033519,遠東新國票0C購01,0,0,0,0,0,0,0,0,0,32000,0,0,0,32000,0,32000,32000
3318,076067,和大元富0B購01,0,0,0,0,0,0,0,0,0,32000,0,0,0,32000,0,32000,32000
3319,07581P,A50正2元富11售02,0,0,0,0,0,0,0,0,0,32000,0,0,0,40000,8000,32000,32000
3320,077942,微星統一08購01,0,0,0,0,0,0,0,0,0,32000,0,0,0,32000,0,32000,32000
3321,083443,日月光凱基08購04,0,0,0,0,0,0,0,0,0,32000,0,0,0,32000,0,32000,32000
3322,084543,奇力新統一09購02,0,0,0,0,0,0,0,0,0,32000,0,0,0,150000,118000,32000,32000
3323,082397,台積電凱基0B購03,0,0,0,0,0,0,0,0,0,32000,0,0,0,33000,1000,32000,32000
3324,086948,群創元大0B購03,0,0,0,0,0,0,0,0,0,32000,0,0,0,32000,0,32000,32000
3325,036822,南電元富13購01,0,0,0,0,0,0,0,0,0,32000,0,0,0,32000,0,32000,32000
3326,037425,榮運國票0C購01,0,0,0,0,0,0,0,0,0,32000,0,0,0,32000,0,32000,32000
3327,036459,中石化元大11購02,0,0,0,0,0,0,0,0,0,32000,0,0,0,32000,0,32000,32000
3328,036026,鴻海統一0C購06,0,0,0,0,0,0,0,0,0,32000,0,0,0,32000,0,32000,32000
3329,035208,長榮麥證0B購04,0,0,0,98000,66000,32000,0,0,0,32000,0,0,0,98000,66000,32000,32000
3330,035054,祥碩富邦0C購01,0,0,0,0,0,0,0,0,0,32000,0,0,0,32000,0,32000,32000
3331,037696,順德群益13購01,0,0,0,0,0,0,0,0,0,32000,0,0,0,232000,200000,32000,32000
3332,07199P,臺股指中信13售04,0,0,0,0,0,0,0,0,0,32000,0,0,0,44000,12000,32000,32000
3333,07268P,台驊控凱基0C售02,0,0,0,0,0,0,0,0,0,32000,0,0,0,71000,39000,32000,32000
3334,039799,美時元大13購01,0,0,0,0,0,0,0,0,0,32000,0,0,0,178000,146000,32000,32000
3335,039777,東聯凱基11購02,0,0,0,0,0,0,0,0,0,32000,0,0,0,32000,0,32000,32000
3336,039649,國巨凱基11購06,0,0,0,0,0,0,0,0,0,32000,0,0,0,32000,0,32000,32000
3337,040296,盛群麥證11購01,0,0,0,197000,165000,32000,0,0,0,32000,0,0,0,197000,165000,32000,32000
3338,038354,台玻康和11購01,0,0,0,0,0,0,0,0,0,32000,0,0,0,117000,85000,32000,32000
3339,039447,明基材元大12購01,0,0,0,0,0,0,0,0,0,32000,0,0,0,94000,62000,32000,32000
3340,038743,光罩元富14購01,0,0,0,0,0,0,0,0,0,32000,0,0,0,74000,42000,32000,32000
3341,089718,國巨國泰0B購01,0,0,0,0,0,0,0,0,0,32000,0,0,0,42000,10000,32000,32000
3342,089538,南電元大09購09,0,0,0,0,0,0,0,0,0,32000,0,0,0,39000,7000,32000,32000
3343,6409,旭隼,69000,37000,32000,0,0,0,0,0,0,0,0,0,0,0,0,0,32000
3344,9934,成霖,65000,33000,32000,0,0,0,0,0,0,0,0,0,0,0,0,0,32000
3345,2328,廣宇,2043000,1940200,102800,0,0,0,0,0,0,-70810,185164,126974,58190,10000,139000,-129000,31990
3346,8996,高力,43000,11323,31677,0,0,0,0,0,0,0,0,0,0,0,0,0,31677
3347,031543,長榮永豐0A購06,0,0,0,0,0,0,0,0,0,31000,0,0,0,32000,1000,31000,31000
3348,00681R,元大美債20反1,0,36000,-36000,0,0,0,0,0,0,67000,55000,0,55000,12000,0,12000,31000
3349,030182,凌陽兆豐0B購01,0,0,0,0,0,0,0,0,0,31000,0,0,0,31000,0,31000,31000
3350,031207,東鋼凱基0B購04,0,0,0,0,0,0,0,0,0,31000,0,0,0,34000,3000,31000,31000
3351,030894,南紡凱基0C購01,0,0,0,0,0,0,0,0,0,31000,0,0,0,131000,100000,31000,31000
3352,035555,欣興統一0B購06,0,0,0,0,0,0,0,0,0,31000,0,0,0,51000,20000,31000,31000
3353,03507B,臺股指元大0B熊16,0,0,0,0,0,0,0,0,0,31000,0,0,0,32000,1000,31000,31000
3354,086637,義隆凱基0A購01,0,0,0,0,0,0,0,0,0,31000,0,0,0,115000,84000,31000,31000
3355,087388,宏碁元大0B購02,0,0,0,0,0,0,0,0,0,31000,0,0,0,91000,60000,31000,31000
3356,086227,聯詠統一0A購06,0,0,0,0,0,0,0,0,0,31000,0,0,0,31000,0,31000,31000
3357,085176,友達統一0A購03,0,0,0,0,0,0,0,0,0,31000,0,0,0,53000,22000,31000,31000
3358,085730,中纖兆豐08購01,0,0,0,0,0,0,0,0,0,31000,0,0,0,31000,0,31000,31000
3359,082868,日月光中信08購01,0,0,0,0,0,0,0,0,0,31000,0,0,0,31000,0,31000,31000
3360,082205,台積電日盛09購01,0,0,0,0,0,0,0,0,0,31000,0,0,0,32000,1000,31000,31000
3361,088270,松翰永豐09購02,0,0,0,0,0,0,0,0,0,31000,0,0,0,31000,0,31000,31000
3362,035421,新光鋼元大0C購03,0,0,0,0,0,0,0,0,0,31000,0,0,0,145000,114000,31000,31000
3363,034557,國巨群益0B購03,0,0,0,0,0,0,0,0,0,31000,0,0,0,106000,75000,31000,31000
3364,034394,和碩元大0B購02,0,0,0,0,0,0,0,0,0,31000,0,0,0,93000,62000,31000,31000
3365,036204,矽創統一12購01,0,0,0,0,0,0,0,0,0,31000,0,0,0,31000,0,31000,31000
3366,034836,健策康和0C購01,0,0,0,0,0,0,0,0,0,31000,0,0,0,352000,321000,31000,31000
3367,037192,乙盛群益0C購01,0,0,0,0,0,0,0,0,0,31000,0,0,0,36000,5000,31000,31000
3368,038800,京鼎群益11購02,0,0,0,0,0,0,0,0,0,31000,0,0,0,31000,0,31000,31000
3369,038847,新纖富邦13購01,0,0,0,0,0,0,0,0,0,31000,0,0,0,61000,30000,31000,31000
3370,039053,聚鼎群益11購02,0,0,0,0,0,0,0,0,0,31000,0,0,0,101000,70000,31000,31000
3371,039381,群創國泰13購03,0,0,0,0,0,0,0,0,0,31000,0,0,0,40000,9000,31000,31000
3372,039239,致新國票12購01,0,0,0,0,0,0,0,0,0,31000,0,0,0,31000,0,31000,31000
3373,038404,台勝科凱基11購02,0,0,0,0,0,0,0,0,0,31000,0,0,0,31000,0,31000,31000
3374,037994,榮運元大13購01,0,0,0,0,0,0,0,0,0,31000,0,0,0,31000,0,31000,31000
3375,039467,嘉晶國票12購01,0,0,0,0,0,0,0,0,0,31000,0,0,0,35000,4000,31000,31000
3376,039760,愛普群益13購05,0,0,0,0,0,0,0,0,0,31000,0,0,0,71000,40000,31000,31000
3377,00771,元大US高息特別股,0,0,0,0,0,0,0,0,0,30660,0,0,0,50000,19340,30660,30660
3378,030121,正隆凱基12購01,0,0,0,0,0,0,0,0,0,30000,0,0,0,30000,0,30000,30000
3379,030569,台積電日盛12購01,0,0,0,0,0,0,0,0,0,30000,0,0,0,100000,70000,30000,30000
3380,030856,中鴻永豐0A購02,0,0,0,0,0,0,0,0,0,30000,0,0,0,41000,11000,30000,30000
3381,030959,華紙元大0A購01,0,0,0,0,0,0,0,0,0,30000,0,0,0,30000,0,30000,30000
3382,033155,聯茂元大0B購01,0,0,0,0,0,0,0,0,0,30000,0,0,0,30000,0,30000,30000
3383,030659,冠德永豐0A購01,0,0,0,0,0,0,0,0,0,30000,0,0,0,60000,30000,30000,30000
3384,032814,長榮國票0B購05,0,0,0,0,0,0,0,0,0,30000,0,0,0,30000,0,30000,30000
3385,032014,大成鋼統一0C購02,0,0,0,0,0,0,0,0,0,30000,0,0,0,40000,10000,30000,30000
3386,032272,華新富邦0A購01,0,0,0,0,0,0,0,0,0,30000,0,0,0,30000,0,30000,30000
3387,032528,廣宇凱基0A購04,0,0,0,0,0,0,0,0,0,30000,0,0,0,30000,0,30000,30000
3388,032710,大亞群益0B購02,0,0,0,0,0,0,0,0,0,30000,0,0,0,284000,254000,30000,30000
3389,033476,元翎凱基0C購01,0,0,0,0,0,0,0,0,0,30000,0,0,0,127000,97000,30000,30000
3390,032966,聯發科元大0C購07,0,0,0,0,0,0,0,0,0,30000,0,0,0,30000,0,30000,30000
3391,033027,潤泰全國泰0C購01,0,0,0,0,0,0,0,0,0,30000,0,0,0,30000,0,30000,30000
3392,032464,群創國泰0C購03,0,0,0,0,0,0,0,0,0,30000,0,0,0,156000,126000,30000,30000
3393,035829,威致元大0B購01,0,0,0,0,0,0,0,0,0,30000,0,0,0,30000,0,30000,30000
3394,035541,東鋼統一0B購04,0,0,0,0,0,0,0,0,0,30000,0,0,0,30000,0,30000,30000
3395,088212,順德統一0A購01,0,0,0,0,0,0,0,0,0,30000,0,0,0,30000,0,30000,30000
3396,087987,元石油群益09購03,0,0,0,0,0,0,0,0,0,30000,0,0,0,30000,0,30000,30000
3397,088558,聯電凱基09購08,0,0,0,0,0,0,0,0,0,30000,0,0,0,101000,71000,30000,30000
3398,088604,SGBR2X永豐09購01,0,0,0,0,0,0,0,0,0,30000,0,0,0,30000,0,30000,30000
3399,088456,聯詠統一0A購08,0,0,0,0,0,0,0,0,0,30000,0,0,0,30000,0,30000,30000
3400,088771,智伸科兆豐0A購01,0,0,0,0,0,0,0,0,0,30000,0,0,0,30000,0,30000,30000
3401,088752,友訊統一0B購01,0,0,0,0,0,0,0,0,0,30000,0,0,0,30000,0,30000,30000
3402,082212,鴻海群益08購05,0,0,0,0,0,0,0,0,0,30000,0,0,0,30000,0,30000,30000
3403,081801,台玻凱基08購02,0,0,0,0,0,0,0,0,0,30000,0,0,0,30000,0,30000,30000
3404,082850,日月光國票08購02,0,0,0,0,0,0,0,0,0,30000,0,0,0,30000,0,30000,30000
3405,083138,美食凱基08購01,0,0,0,0,0,0,0,0,0,30000,0,0,0,30000,0,30000,30000
3406,084719,和碩元富0C購01,0,0,0,0,0,0,0,0,0,30000,0,0,0,30000,0,30000,30000
3407,078482,聯電國票08購02,0,0,0,0,0,0,0,0,0,30000,0,0,0,30000,0,30000,30000
3408,078825,瑞昱國票08購01,0,0,0,0,0,0,0,0,0,30000,0,0,0,30000,0,30000,30000
3409,079558,台化國票08購01,0,0,0,0,0,0,0,0,0,30000,0,0,0,30000,0,30000,30000
3410,080122,玉晶光國票0A購03,0,0,0,0,0,0,0,0,0,30000,0,0,0,30000,0,30000,30000
3411,07588P,臺股指凱基11售11,0,0,0,0,0,0,0,0,0,30000,0,0,0,30000,0,30000,30000
3412,07593P,T50反1元富14售05,0,0,0,0,0,0,0,0,0,30000,0,0,0,30000,0,30000,30000
3413,07363P,南亞科元富0C售02,0,0,0,0,0,0,0,0,0,30000,0,0,0,30000,0,30000,30000
3414,07379P,臺股指元富11售02,0,0,0,0,0,0,0,0,0,30000,0,0,0,30000,0,30000,30000
3415,07493P,台灣50凱基12售03,0,0,0,0,0,0,0,0,0,30000,0,0,0,82000,52000,30000,30000
3416,085778,京鼎日盛08購01,0,0,0,0,0,0,0,0,0,30000,0,0,0,30000,0,30000,30000
3417,085667,聯詠統一0A購02,0,0,0,0,0,0,0,0,0,30000,0,0,0,30000,0,30000,30000
3418,085557,國泰金群益08購01,0,0,0,0,0,0,0,0,0,30000,0,0,0,55000,25000,30000,30000
3419,085209,惠特群益09購01,0,0,0,0,0,0,0,0,0,30000,0,0,0,100000,70000,30000,30000
3420,085151,華邦電日盛08購02,0,0,0,0,0,0,0,0,0,30000,0,0,0,30000,0,30000,30000
3421,086261,南帝永豐09購01,0,0,0,0,0,0,0,0,0,30000,0,0,0,30000,0,30000,30000
3422,086252,華邦電中信0A購02,0,0,0,0,0,0,0,0,0,30000,0,0,0,30000,0,30000,30000
3423,086307,華邦電凱基0C購01,200000,0,200000,0,0,0,0,0,0,-170000,0,0,0,243000,413000,-170000,30000
3424,086378,聯發科國票09購08,0,0,0,0,0,0,0,0,0,30000,0,0,0,30000,0,30000,30000
3425,085975,松翰凱基08購02,0,0,0,0,0,0,0,0,0,30000,0,0,0,30000,0,30000,30000
3426,085867,松翰統一0A購01,0,0,0,0,0,0,0,0,0,30000,0,0,0,30000,0,30000,30000
3427,087640,GIS凱基0B購01,0,0,0,0,0,0,0,0,0,30000,0,0,0,30000,0,30000,30000
3428,087476,元石油永豐09購01,0,0,0,0,0,0,0,0,0,30000,0,0,0,30000,0,30000,30000
3429,087758,國巨富邦0A購01,0,0,0,0,0,0,0,0,0,30000,0,0,0,30000,0,30000,30000
3430,087715,國泰金統一0B購01,0,0,0,0,0,0,0,0,0,30000,0,0,0,32000,2000,30000,30000
3431,087674,榮成元大09購02,0,0,0,0,0,0,0,0,0,30000,0,0,0,31000,1000,30000,30000
3432,087965,日月光中信09購01,0,0,0,0,0,0,0,0,0,30000,0,0,0,50000,20000,30000,30000
3433,086651,東聯兆豐09購01,0,0,0,0,0,0,0,0,0,30000,0,0,0,30000,0,30000,30000
3434,086843,欣興元大09購04,0,0,0,0,0,0,0,0,0,30000,0,0,0,30000,0,30000,30000
3435,086975,長華統一0B購01,0,0,0,0,0,0,0,0,0,30000,0,0,0,30000,0,30000,30000
3436,037158,京鼎國票11購01,0,0,0,0,0,0,0,0,0,30000,0,0,0,30000,0,30000,30000
3437,037130,晶碩元大0C購04,0,0,0,0,0,0,0,0,0,30000,0,0,0,60000,30000,30000,30000
3438,037312,旺宏凱基11購02,0,0,0,0,0,0,0,0,0,30000,0,0,0,120000,90000,30000,30000
3439,036886,力麗元大0C購01,0,0,0,0,0,0,0,0,0,30000,0,0,0,30000,0,30000,30000
3440,036424,中橡凱基0C購01,0,0,0,0,0,0,0,0,0,30000,0,0,0,130000,100000,30000,30000
3441,036403,欣興永豐0C購01,0,0,0,0,0,0,0,0,0,30000,0,0,0,30000,0,30000,30000
3442,033801,台玻國票0C購02,0,0,0,0,0,0,0,0,0,30000,0,0,0,143000,113000,30000,30000
3443,036324,南紡麥證0C購01,0,0,0,30000,0,30000,0,0,0,30000,0,0,0,30000,0,30000,30000
3444,036638,台玻統一0C購05,0,0,0,0,0,0,0,0,0,30000,0,0,0,51000,21000,30000,30000
3445,033736,臺股指國票0B購09,0,0,0,0,0,0,0,0,0,30000,0,0,0,30000,0,30000,30000
3446,034033,燁輝元富0B購02,0,0,0,0,0,0,0,0,0,30000,0,0,0,30000,0,30000,30000
3447,034889,美德醫群益0B購02,0,0,0,0,0,0,0,0,0,30000,0,0,0,30000,0,30000,30000
3448,034788,大立光國泰11購02,0,0,0,0,0,0,0,0,0,30000,0,0,0,40000,10000,30000,30000
3449,034215,大成鋼元富12購02,0,0,0,0,0,0,0,0,0,30000,0,0,0,30000,0,30000,30000
3450,033553,技嘉中信0B購01,0,0,0,0,0,0,0,0,0,30000,0,0,0,140000,110000,30000,30000
3451,034965,技嘉元大11購02,0,0,0,0,0,0,0,0,0,30000,0,0,0,30000,0,30000,30000
3452,034695,長榮群益0C購08,0,0,0,0,0,0,0,0,0,30000,0,0,0,30000,0,30000,30000
3453,034355,玉晶光元富12購03,0,0,0,0,0,0,0,0,0,30000,0,0,0,30000,0,30000,30000
3454,033939,臺股指元大0B購19,0,0,0,0,0,0,0,0,0,30000,0,0,0,30000,0,30000,30000
3455,033930,富邦金元大0B購03,0,0,0,0,0,0,0,0,0,30000,0,0,0,30000,0,30000,30000
3456,033373,元金2X元大12購01,0,0,0,0,0,0,0,0,0,30000,0,0,0,30000,0,30000,30000
3457,035399,寶成永豐0B購01,0,0,0,0,0,0,0,0,0,30000,0,0,0,30000,0,30000,30000
3458,037645,長榮航麥證12購01,0,0,0,30000,0,30000,0,0,0,30000,0,0,0,30000,0,30000,30000
3459,037941,臻鼎元富13購01,0,0,0,0,0,0,0,0,0,30000,0,0,0,30000,0,30000,30000
3460,037906,元金2X凱基13購01,0,0,0,0,0,0,0,0,0,30000,0,0,0,30000,0,30000,30000
3461,039749,鴻海群益11購04,0,0,0,0,0,0,0,0,0,30000,0,0,0,30000,0,30000,30000
3462,039770,晶技永豐11購01,0,0,0,0,0,0,0,0,0,30000,0,0,0,30000,0,30000,30000
3463,039643,欣陸永豐11購01,0,0,0,0,0,0,0,0,0,30000,0,0,0,30000,0,30000,30000
3464,040439,光磊國票13購01,0,0,0,0,0,0,0,0,0,30000,0,0,0,36000,6000,30000,30000
3465,040609,新唐國票13購02,0,0,0,0,0,0,0,0,0,30000,0,0,0,65000,35000,30000,30000
3466,06146P,聯發科兆豐08售03,0,0,0,0,0,0,0,0,0,30000,0,0,0,30000,0,30000,30000
3467,06157P,台積電國票08售17,0,0,0,0,0,0,0,0,0,30000,0,0,0,32000,2000,30000,30000
3468,06372P,華新科元大08售04,0,0,0,0,0,0,0,0,0,30000,0,0,0,30000,0,30000,30000
3469,06650P,榮成元大09售04,0,0,0,0,0,0,0,0,0,30000,0,0,0,40000,10000,30000,30000
3470,06737P,聯詠元大09售16,0,0,0,0,0,0,0,0,0,30000,0,0,0,30000,0,30000,30000
3471,038028,大亞富邦12購01,0,0,0,0,0,0,0,0,0,30000,0,0,0,30000,0,30000,30000
3472,038298,T50正2群益11購01,0,0,0,0,0,0,0,0,0,30000,0,0,0,30000,0,30000,30000
3473,038153,和大元大11購01,0,0,0,0,0,0,0,0,0,30000,0,0,0,30000,0,30000,30000
3474,038356,國票金康和11購01,0,0,0,0,0,0,0,0,0,30000,0,0,0,30000,0,30000,30000
3475,038504,春源永豐11購01,0,0,0,0,0,0,0,0,0,30000,0,0,0,30000,0,30000,30000
3476,038686,聯詠群益13購01,0,0,0,0,0,0,0,0,0,30000,0,0,0,96000,66000,30000,30000
3477,038572,亞聚康和12購01,0,0,0,0,0,0,0,0,0,30000,0,0,0,30000,0,30000,30000
3478,039332,中壽元大11購01,0,0,0,0,0,0,0,0,0,30000,0,0,0,30000,0,30000,30000
3479,039019,潤泰新永豐11購01,0,0,0,0,0,0,0,0,0,30000,0,0,0,30000,0,30000,30000
3480,038964,台郡元大12購01,0,0,0,0,0,0,0,0,0,30000,0,0,0,108000,78000,30000,30000
3481,038812,台玻元大11購03,0,0,0,0,0,0,0,0,0,30000,0,0,0,31000,1000,30000,30000
3482,07094P,聯發科元大0B售08,0,0,0,0,0,0,0,0,0,30000,0,0,0,50000,20000,30000,30000
3483,06983P,國巨元大0A售03,0,0,0,0,0,0,0,0,0,30000,0,0,0,30000,0,30000,30000
3484,6189,豐藝,68000,38000,30000,0,0,0,0,0,0,0,0,0,0,0,0,0,30000
3485,5258,虹堡,70000,40000,30000,0,0,0,0,0,0,0,0,0,0,0,0,0,30000
3486,9955,佳龍,42000,12000,30000,0,0,0,0,0,0,0,0,0,0,0,0,0,30000
3487,089461,群創統一0B購08,0,0,0,0,0,0,0,0,0,30000,0,0,0,30000,0,30000,30000
3488,089573,南紡永豐09購02,0,0,0,0,0,0,0,0,0,30000,0,0,0,30000,0,30000,30000
3489,089598,國巨群益0C購01,0,0,0,0,0,0,0,0,0,30000,0,0,0,30000,0,30000,30000
3490,089658,群創富邦0B購01,0,0,0,0,0,0,0,0,0,30000,0,0,0,30000,0,30000,30000
3491,089917,晶碩凱基0C購01,0,0,0,0,0,0,0,0,0,30000,0,0,0,30000,0,30000,30000
3492,088893,達邁凱基09購01,0,0,0,0,0,0,0,0,0,30000,0,0,0,50000,20000,30000,30000
3493,089073,亞光凱基09購04,0,0,0,0,0,0,0,0,0,30000,0,0,0,30000,0,30000,30000
3494,089077,乙盛凱基0B購01,0,0,0,0,0,0,0,0,0,30000,0,0,0,30000,0,30000,30000
3495,089175,日月光國泰0B購01,0,0,0,0,0,0,0,0,0,30000,0,0,0,78000,48000,30000,30000
3496,089316,群創國票0A購04,0,0,0,0,0,0,0,0,0,30000,0,0,0,30000,0,30000,30000
3497,089250,聚陽統一0B購03,0,0,0,0,0,0,0,0,0,30000,0,0,0,30000,0,30000,30000
3498,6415,矽力-KY,465702,432974,32728,0,0,0,0,2000,-2000,-964,10036,11000,-964,0,0,0,29764
3499,2915,潤泰全,223000,336000,-113000,0,0,0,311000,0,311000,-168757,28000,51757,-23757,5000,150000,-145000,29243
3500,035656,廣宇國泰12購01,0,0,0,0,0,0,0,0,0,29000,0,0,0,85000,56000,29000,29000
3501,031802,長榮航國票0A購04,0,0,0,0,0,0,0,0,0,29000,0,0,0,30000,1000,29000,29000
3502,033481,新纖統一11購01,0,0,0,0,0,0,0,0,0,29000,0,0,0,30000,1000,29000,29000
3503,034287,中壽兆豐0B購01,0,0,0,0,0,0,0,0,0,29000,0,0,0,29000,0,29000,29000
3504,031111,亞光群益0B購01,0,0,0,0,0,0,0,0,0,29000,0,0,0,30000,1000,29000,29000
3505,030280,長榮日盛0A購01,0,0,0,0,0,0,0,0,0,29000,0,0,0,30000,1000,29000,29000
3506,020019,統一特選台灣5GN,0,0,0,0,0,0,0,0,0,29000,0,0,0,35000,6000,29000,29000
3507,083009,金像電凱基09購01,0,0,0,0,0,0,0,0,0,29000,0,0,0,35000,6000,29000,29000
3508,081404,東聯群益08購01,0,0,0,0,0,0,0,0,0,29000,0,0,0,29000,0,29000,29000
3509,081671,長榮富邦08購02,0,0,0,0,0,0,0,0,0,29000,0,0,0,29000,0,29000,29000
3510,088798,矽創群益0B購01,0,0,0,0,0,0,0,0,0,29000,0,0,0,29000,0,29000,29000
3511,037545,矽創元大0C購07,0,0,0,0,0,0,0,0,0,29000,0,0,0,239000,210000,29000,29000
3512,035257,凌陽凱基11購01,0,0,0,0,0,0,0,0,0,29000,0,0,0,29000,0,29000,29000
3513,034921,聯發科麥證11購01,0,0,0,34000,5000,29000,0,0,0,29000,0,0,0,34000,5000,29000,29000
3514,036961,台積電國泰12購01,0,0,0,0,0,0,0,0,0,29000,0,0,0,29000,0,29000,29000
3515,036948,台玻群益12購02,0,0,0,0,0,0,0,0,0,29000,0,0,0,84000,55000,29000,29000
3516,06940P,宏達電元大0A售04,0,0,0,0,0,0,0,0,0,29000,0,0,0,31000,2000,29000,29000
3517,038507,春雨永豐11購02,0,0,0,0,0,0,0,0,0,29000,0,0,0,29000,0,29000,29000
3518,06572P,台灣50元大0C售03,0,0,0,0,0,0,0,0,0,29000,0,0,0,234000,205000,29000,29000
3519,040103,盛群富邦13購01,0,0,0,0,0,0,0,0,0,29000,0,0,0,32000,3000,29000,29000
3520,089531,祥碩元大12購01,0,0,0,0,0,0,0,0,0,29000,0,0,0,30000,1000,29000,29000
3521,6531,愛普,852000,956817,-104817,0,0,0,116000,0,116000,17766,120822,112756,8066,86000,76300,9700,28949
3522,030874,矽創永豐0A購01,0,0,0,0,0,0,0,0,0,28000,0,0,0,29000,1000,28000,28000
3523,033148,群創元大0A購26,0,0,0,0,0,0,0,0,0,28000,0,0,0,28000,0,28000,28000
3524,034262,大成鋼國票0C購02,0,0,0,0,0,0,0,0,0,28000,0,0,0,28000,0,28000,28000
3525,031470,鈺齊群益0B購01,0,0,0,0,0,0,0,0,0,28000,0,0,0,30000,2000,28000,28000
3526,035629,南電國票0C購01,0,0,0,0,0,0,0,0,0,28000,0,0,0,92000,64000,28000,28000
3527,035959,新光鋼元大0C購04,0,0,0,0,0,0,0,0,0,28000,0,0,0,33000,5000,28000,28000
3528,035156,台玻國票0C購04,0,0,0,0,0,0,0,0,0,28000,0,0,0,39000,11000,28000,28000
3529,035686,晶技凱基0B購04,0,0,0,0,0,0,0,0,0,28000,0,0,0,28000,0,28000,28000
3530,088413,聯電群益0A購06,0,0,0,0,0,0,0,0,0,28000,0,0,0,110000,82000,28000,28000
3531,082854,同欣電國票08購01,0,0,0,0,0,0,0,0,0,28000,0,0,0,28000,0,28000,28000
3532,082338,南電統一09購04,0,0,0,0,0,0,0,0,0,28000,0,0,0,30000,2000,28000,28000
3533,084431,聯發科群益08購13,0,0,0,0,0,0,0,0,0,28000,0,0,0,34000,6000,28000,28000
3534,083741,聯發科國票08購09,0,0,0,0,0,0,0,0,0,28000,0,0,0,28000,0,28000,28000
3535,07387P,台灣50群益0C售04,0,0,0,0,0,0,0,0,0,28000,0,0,0,38000,10000,28000,28000
3536,078489,微星國票08購01,0,0,0,0,0,0,0,0,0,28000,0,0,0,28000,0,28000,28000
3537,087977,富邦金凱基0A購01,0,0,0,0,0,0,0,0,0,28000,0,0,0,30000,2000,28000,28000
3538,087852,可成國票09購01,0,0,0,0,0,0,0,0,0,28000,0,0,0,28000,0,28000,28000
3539,087521,華新科凱基11購01,0,0,0,0,0,0,0,0,0,28000,0,0,0,28000,0,28000,28000
3540,087375,遠東新元大09購01,0,0,0,0,0,0,0,0,0,28000,0,0,0,28000,0,28000,28000
3541,087324,晶豪科永豐09購01,0,0,0,0,0,0,0,0,0,28000,0,0,0,28000,0,28000,28000
3542,086269,台勝科永豐09購01,0,0,0,0,0,0,0,0,0,28000,0,0,0,28000,0,28000,28000
3543,085277,聯電凱基0C購02,0,0,0,0,0,0,0,0,0,28000,0,0,0,62000,34000,28000,28000
3544,085743,華泰永豐08購01,0,0,0,0,0,0,0,0,0,28000,0,0,0,40000,12000,28000,28000
3545,037342,台橡國泰12購02,0,0,0,0,0,0,0,0,0,28000,0,0,0,28000,0,28000,28000
3546,036349,中纖國票11購01,0,0,0,0,0,0,0,0,0,28000,0,0,0,28000,0,28000,28000
3547,036423,威致凱基13購01,0,0,0,0,0,0,0,0,0,28000,0,0,0,33000,5000,28000,28000
3548,034468,中石化元大12購01,0,0,0,0,0,0,0,0,0,28000,0,0,0,28000,0,28000,28000
3549,035249,聯茂群益0B購01,0,0,0,0,0,0,0,0,0,28000,0,0,0,28000,0,28000,28000
3550,035456,華新科國票0C購02,0,0,0,0,0,0,0,0,0,28000,0,0,0,28000,0,28000,28000
3551,035483,萬海群益13購01,0,0,0,0,0,0,0,0,0,28000,0,0,0,48000,20000,28000,28000
3552,040279,凌陽元大15購01,0,0,0,0,0,0,0,0,0,28000,0,0,0,368000,340000,28000,28000
3553,4934,太極,402000,374000,28000,0,0,0,0,0,0,0,0,0,0,0,0,0,28000
3554,089838,國巨元大09購06,0,0,0,0,0,0,0,0,0,28000,0,0,0,30000,2000,28000,28000
3555,089369,晶技元大09購03,0,0,0,0,0,0,0,0,0,28000,0,0,0,28000,0,28000,28000
3556,2228,劍麟,39000,11000,28000,0,0,0,0,0,0,0,0,0,0,0,0,0,28000
3557,035731,愛普元大13購02,0,0,0,0,0,0,0,0,0,27000,0,0,0,27000,0,27000,27000
3558,035562,愛普統一0C購02,0,0,0,0,0,0,0,0,0,27000,0,0,0,224000,197000,27000,27000
3559,031793,聯電國票0B購03,0,0,0,0,0,0,0,0,0,27000,0,0,0,125000,98000,27000,27000
3560,031894,臺股指凱基0A購18,0,0,0,0,0,0,0,0,0,27000,0,0,0,34000,7000,27000,27000
3561,031369,華邦電永豐0A購03,0,0,0,0,0,0,0,0,0,27000,0,0,0,257000,230000,27000,27000
3562,030230,威鋒電凱基0C購01,0,0,0,0,0,0,0,0,0,27000,0,0,0,27000,0,27000,27000
3563,086407,景碩統一0B購01,0,0,0,0,0,0,0,0,0,27000,0,0,0,27000,0,27000,27000
3564,086393,FANG+統一0B購01,0,0,0,0,0,0,0,0,0,27000,0,0,0,27000,0,27000,27000
3565,086463,南電群益09購03,40000,0,40000,0,0,0,0,0,0,-13000,0,0,0,156000,169000,-13000,27000
3566,086485,欣興統一0B購02,0,0,0,0,0,0,0,0,0,27000,0,0,0,34000,7000,27000,27000
3567,075584,聯發科國票08購02,0,0,0,0,0,0,0,0,0,27000,0,0,0,27000,0,27000,27000
3568,083579,美利達群益08購01,0,0,0,0,0,0,0,0,0,27000,0,0,0,93000,66000,27000,27000
3569,083394,大立光中信09購04,0,0,0,0,0,0,0,0,0,27000,0,0,0,27000,0,27000,27000
3570,082372,祥碩群益08購03,0,0,0,0,0,0,0,0,0,27000,0,0,0,27000,0,27000,27000
3571,081833,新興凱基09購01,0,0,0,0,0,0,0,0,0,27000,0,0,0,27000,0,27000,27000
3572,033578,宏泰凱基12購01,0,0,0,0,0,0,0,0,0,27000,0,0,0,27000,0,27000,27000
3573,034365,臻鼎麥證0C購01,0,0,0,36000,9000,27000,0,0,0,27000,0,0,0,36000,9000,27000,27000
3574,037621,榮運元大12購01,0,0,0,0,0,0,0,0,0,27000,0,0,0,240000,213000,27000,27000
3575,040145,億光康和11購01,0,0,0,0,0,0,0,0,0,27000,0,0,0,156000,129000,27000,27000
3576,038111,允強凱基13購01,0,0,0,0,0,0,0,0,0,27000,0,0,0,385000,358000,27000,27000
3577,038864,新唐中信12購01,0,0,0,0,0,0,0,0,0,27000,0,0,0,62000,35000,27000,27000
3578,039405,華城永豐11購01,0,0,0,0,0,0,0,0,0,27000,0,0,0,55000,28000,27000,27000
3579,07005P,偉詮電群益0B售01,0,0,0,0,0,0,0,0,0,27000,0,0,0,215000,188000,27000,27000
3580,3057,喬鼎,35000,8000,27000,0,0,0,0,0,0,0,0,0,0,0,0,0,27000
3581,2616,山隆,29000,2000,27000,0,0,0,0,0,0,0,0,0,0,0,0,0,27000
3582,3694,海華,43000,16000,27000,0,0,0,0,0,0,0,0,0,0,0,0,0,27000
3583,8926,台汽電,95000,68000,27000,0,0,0,0,0,0,0,0,0,0,0,0,0,27000
3584,00647L,元大S&P500正2,2000,0,2000,0,0,0,0,0,0,24000,3000,0,3000,39000,18000,21000,26000
3585,030277,威鋒電統一0C購01,0,0,0,0,0,0,0,0,0,26000,0,0,0,26000,0,26000,26000
3586,031277,松翰統一0C購02,0,0,0,0,0,0,0,0,0,26000,0,0,0,96000,70000,26000,26000
3587,033268,大成鋼富邦0C購03,0,0,0,0,0,0,0,0,0,26000,0,0,0,49000,23000,26000,26000
3588,031483,國喬元大0C購02,0,0,0,0,0,0,0,0,0,26000,0,0,0,30000,4000,26000,26000
3589,032245,聯成元大0C購01,0,0,0,0,0,0,0,0,0,26000,0,0,0,56000,30000,26000,26000
3590,032716,大成鋼群益0B購03,0,0,0,0,0,0,0,0,0,26000,0,0,0,162000,136000,26000,26000
3591,083135,聯發科凱基08購10,0,0,0,0,0,0,0,0,0,26000,0,0,0,26000,0,26000,26000
3592,084733,台積電元大09購08,0,0,0,0,0,0,0,0,0,26000,0,0,0,26000,0,26000,26000
3593,07592P,臺股指凱基11售19,0,0,0,0,0,0,0,0,0,26000,0,0,0,44000,18000,26000,26000
3594,085938,可成群益0A購01,0,0,0,0,0,0,0,0,0,26000,0,0,0,35000,9000,26000,26000
3595,086076,亞光國泰0A購01,0,0,0,0,0,0,0,0,0,26000,0,0,0,27000,1000,26000,26000
3596,085535,台船永豐08購01,0,0,0,0,0,0,0,0,0,26000,0,0,0,26000,0,26000,26000
3597,087393,友達元大11購01,0,0,0,0,0,0,0,0,0,26000,0,0,0,26000,0,26000,26000
3598,087881,華邦電元大11購01,0,0,0,0,0,0,0,0,0,26000,0,0,0,126000,100000,26000,26000
3599,087741,元石油國票09購02,0,0,0,0,0,0,0,0,0,26000,0,0,0,26000,0,26000,26000
3600,03753C,臺股指元大11牛10,0,0,0,0,0,0,0,0,0,26000,0,0,0,30000,4000,26000,26000
3601,036040,南電統一0C購02,0,0,0,0,0,0,0,0,0,26000,0,0,0,26000,0,26000,26000
3602,034907,廣達元大11購01,5000,0,5000,0,0,0,0,0,0,21000,0,0,0,85000,64000,21000,26000
3603,035459,富邦金國票0B購05,0,0,0,0,0,0,0,0,0,26000,0,0,0,30000,4000,26000,26000
3604,033639,中鋼麥證11購01,0,0,0,44000,18000,26000,0,0,0,26000,0,0,0,44000,18000,26000,26000
3605,036486,長榮航麥證0C購02,0,0,0,26000,0,26000,0,0,0,26000,0,0,0,26000,0,26000,26000
3606,034129,中壽兆豐12購02,0,0,0,0,0,0,0,0,0,26000,0,0,0,26000,0,26000,26000
3607,033764,新日興凱基0B購01,0,0,0,0,0,0,0,0,0,26000,0,0,0,32000,6000,26000,26000
3608,06885P,臺股指群益0A售15,0,0,0,0,0,0,0,0,0,26000,0,0,0,49000,23000,26000,26000
3609,039392,裕民群益12購01,0,0,0,0,0,0,0,0,0,26000,0,0,0,32000,6000,26000,26000
3610,039417,啟碁永豐11購01,0,0,0,0,0,0,0,0,0,26000,0,0,0,51000,25000,26000,26000
3611,038784,中石化群益11購01,0,0,0,0,0,0,0,0,0,26000,0,0,0,26000,0,26000,26000
3612,039033,晶華凱基12購01,0,0,0,0,0,0,0,0,0,26000,0,0,0,50000,24000,26000,26000
3613,037995,榮運元大13購02,0,0,0,0,0,0,0,0,0,26000,0,0,0,36000,10000,26000,26000
3614,040126,盛群永豐11購03,0,0,0,0,0,0,0,0,0,26000,0,0,0,28000,2000,26000,26000
3615,039982,寶成元大11購02,0,0,0,0,0,0,0,0,0,26000,0,0,0,26000,0,26000,26000
3616,039950,矽格元富11購03,0,0,0,0,0,0,0,0,0,26000,0,0,0,72000,46000,26000,26000
3617,039755,中壽群益11購01,0,0,0,0,0,0,0,0,0,26000,0,0,0,26000,0,26000,26000
3618,3702A,大聯大甲特,0,0,0,0,0,0,0,0,0,26000,26000,0,26000,0,0,0,26000
3619,089575,力鵬永豐09購01,0,0,0,0,0,0,0,0,0,26000,0,0,0,61000,35000,26000,26000
3620,032520,群創永豐0A購09,0,0,0,0,0,0,0,0,0,25000,0,0,0,25000,0,25000,25000
3621,032513,萬海永豐0A購05,0,0,0,0,0,0,0,0,0,25000,0,0,0,25000,0,25000,25000
3622,033245,聯發科元大0B購03,0,0,0,0,0,0,0,0,0,25000,0,0,0,25000,0,25000,25000
3623,032929,健和興國票0B購01,0,0,0,0,0,0,0,0,0,25000,0,0,0,29000,4000,25000,25000
3624,032934,惠特國票0B購02,0,0,0,0,0,0,0,0,0,25000,0,0,0,138000,113000,25000,25000
3625,032943,台灣50元大0B購06,0,0,0,0,0,0,0,0,0,25000,0,0,0,25000,0,25000,25000
3626,031857,新唐中信0A購02,0,0,0,0,0,0,0,0,0,25000,0,0,0,25000,0,25000,25000
3627,032455,嘉聯益元大11購02,0,0,0,0,0,0,0,0,0,25000,0,0,0,25000,0,25000,25000
3628,030396,廣宇元大0A購01,0,0,0,0,0,0,0,0,0,25000,0,0,0,35000,10000,25000,25000
3629,030565,創意統一0C購01,0,0,0,0,0,0,0,0,0,25000,0,0,0,45000,20000,25000,25000
3630,032822,惠特國票0B購01,0,0,0,0,0,0,0,0,0,25000,0,0,0,95000,70000,25000,25000
3631,030735,南亞科元大0B購02,0,0,0,0,0,0,0,0,0,25000,0,0,0,40000,15000,25000,25000
3632,031112,聯鈞群益0B購01,0,0,0,0,0,0,0,0,0,25000,0,0,0,35000,10000,25000,25000
3633,087530,台勝科凱基09購01,0,0,0,0,0,0,0,0,0,25000,0,0,0,25000,0,25000,25000
3634,085725,亞光中信0A購01,0,0,0,0,0,0,0,0,0,25000,0,0,0,25000,0,25000,25000
3635,085785,華邦電元大08購05,0,0,0,0,0,0,0,0,0,25000,0,0,0,35000,10000,25000,25000
3636,085677,長華統一0A購01,0,0,0,0,0,0,0,0,0,25000,0,0,0,25000,0,25000,25000
3637,086078,智邦富邦0A購01,0,0,0,0,0,0,0,0,0,25000,0,0,0,40000,15000,25000,25000
3638,086566,圓展元大09購01,0,0,0,0,0,0,0,0,0,25000,0,0,0,35000,10000,25000,25000
3639,086545,華通元大09購01,0,0,0,0,0,0,0,0,0,25000,0,0,0,25000,0,25000,25000
3640,086254,欣興中信0A購01,0,0,0,0,0,0,0,0,0,25000,0,0,0,35000,10000,25000,25000
3641,077994,榮成國泰08購01,0,0,0,0,0,0,0,0,0,25000,0,0,0,25000,0,25000,25000
3642,084791,百和凱基09購01,0,0,0,0,0,0,0,0,0,25000,0,0,0,25000,0,25000,25000
3643,083606,大立光中信08購02,0,0,0,0,0,0,0,0,0,25000,0,0,0,36000,11000,25000,25000
3644,037266,第一銅群益0C購02,0,0,0,0,0,0,0,0,0,25000,0,0,0,34000,9000,25000,25000
3645,037055,和大國票11購01,0,0,0,0,0,0,0,0,0,25000,0,0,0,25000,0,25000,25000
3646,033652,允強統一15購01,0,0,0,0,0,0,0,0,0,25000,0,0,0,25000,0,25000,25000
3647,033654,台積電統一15購02,0,0,0,0,0,0,0,0,0,25000,0,0,0,25000,0,25000,25000
3648,033669,東鋼台新0B購01,0,0,0,0,0,0,0,0,0,25000,0,0,0,30000,5000,25000,25000
3649,033397,華新台新0B購01,0,0,0,0,0,0,0,0,0,25000,0,0,0,25000,0,25000,25000
3650,033451,華新群益0B購03,0,0,0,0,0,0,0,0,0,25000,0,0,0,25000,0,25000,25000
3651,035386,台聚永豐0B購02,0,0,0,0,0,0,0,0,0,25000,0,0,0,25000,0,25000,25000
3652,033607,台積電群益0C購08,0,0,0,0,0,0,0,0,0,25000,0,0,0,25000,0,25000,25000
3653,034725,華新元大0B購08,0,0,0,0,0,0,0,0,0,25000,0,0,0,34000,9000,25000,25000
3654,037694,和大群益0C購01,0,0,0,0,0,0,0,0,0,25000,0,0,0,41000,16000,25000,25000
3655,037851,國巨元富13購04,0,0,0,0,0,0,0,0,0,25000,0,0,0,41000,16000,25000,25000
3656,037931,華通元富12購01,0,0,0,0,0,0,0,0,0,25000,0,0,0,25000,0,25000,25000
3657,039837,華夏國票12購01,0,0,0,0,0,0,0,0,0,25000,0,0,0,69000,44000,25000,25000
3658,039540,台玻元大11購05,0,0,0,0,0,0,0,0,0,25000,0,0,0,26000,1000,25000,25000
3659,039960,順德元大13購01,0,0,0,0,0,0,0,0,0,25000,0,0,0,26000,1000,25000,25000
3660,039901,台光電永豐11購03,0,0,0,0,0,0,0,0,0,25000,0,0,0,85000,60000,25000,25000
3661,06677P,長榮元富0A售06,0,0,0,0,0,0,0,0,0,25000,0,0,0,25000,0,25000,25000
3662,039181,聯電元大11購08,0,0,0,0,0,0,0,0,0,25000,0,0,0,238000,213000,25000,25000
3663,071713,為升元富09購02,0,0,0,0,0,0,0,0,0,25000,0,0,0,25000,0,25000,25000
3664,089399,國巨凱基09購13,0,0,0,0,0,0,0,0,0,25000,0,0,0,25000,0,25000,25000
3665,089400,台積電凱基0C購09,0,0,0,0,0,0,0,0,0,25000,0,0,0,46000,21000,25000,25000
3666,1513,中興電,6270000,6126806,143194,0,0,0,0,0,0,-119000,1000,76000,-75000,8000,52000,-44000,24194
3667,031128,嘉晶統一0C購01,0,0,0,0,0,0,0,0,0,24000,0,0,0,30000,6000,24000,24000
3668,030262,帝寶永豐0A購01,0,0,0,0,0,0,0,0,0,24000,0,0,0,24000,0,24000,24000
3669,032509,新興永豐0A購04,0,0,0,0,0,0,0,0,0,24000,0,0,0,36000,12000,24000,24000
3670,033533,聯茂國票0C購01,0,0,0,0,0,0,0,0,0,24000,0,0,0,24000,0,24000,24000
3671,084726,鴻海元大0B購01,0,0,0,0,0,0,0,0,0,24000,0,0,0,24000,0,24000,24000
3672,082877,日月光兆豐08購01,0,0,0,0,0,0,0,0,0,24000,0,0,0,24000,0,24000,24000
3673,080696,聯電凱基08購03,0,0,0,0,0,0,0,0,0,24000,0,0,0,24000,0,24000,24000
3674,081143,聯發科凱基0A購01,0,0,0,0,0,0,0,0,0,24000,0,0,0,30000,6000,24000,24000
3675,07348P,奇鋐元富0C售01,0,0,0,0,0,0,0,0,0,24000,0,0,0,88000,64000,24000,24000
3676,07450P,臺股指凱基13售03,0,0,0,0,0,0,0,0,0,24000,0,0,0,29000,5000,24000,24000
3677,086161,聯陽元大08購02,0,0,0,0,0,0,0,0,0,24000,0,0,0,29000,5000,24000,24000
3678,087585,華新科元大0B購02,0,0,0,0,0,0,0,0,0,24000,0,0,0,24000,0,24000,24000
3679,086938,奇力新元大0A購01,0,0,0,0,0,0,0,0,0,24000,0,0,0,30000,6000,24000,24000
3680,037491,大立光凱基0C購05,0,0,0,0,0,0,0,0,0,24000,0,0,0,32000,8000,24000,24000
3681,036223,裕民中信12購01,0,0,0,0,0,0,0,0,0,24000,0,0,0,40000,16000,24000,24000
3682,036249,大立光凱基0C購04,0,0,0,0,0,0,0,0,0,24000,0,0,0,24000,0,24000,24000
3683,034452,聯發科永豐0B購05,0,0,0,0,0,0,0,0,0,24000,0,0,0,24000,0,24000,24000
3684,035460,富邦金國票0C購02,0,0,0,0,0,0,0,0,0,24000,0,0,0,24000,0,24000,24000
3685,035027,義隆凱基0B購03,0,0,0,0,0,0,0,0,0,24000,0,0,0,24000,0,24000,24000
3686,034534,台玻統一0C購02,0,0,0,0,0,0,0,0,0,24000,0,0,0,25000,1000,24000,24000
3687,036319,長榮航統一12購02,0,0,0,0,0,0,0,0,0,24000,0,0,0,60000,36000,24000,24000
3688,036326,中鋼麥證12購01,0,0,0,61000,37000,24000,0,0,0,24000,0,0,0,61000,37000,24000,24000
3689,039220,長興麥證12購01,0,0,0,80000,56000,24000,0,0,0,24000,0,0,0,80000,56000,24000,24000
3690,039286,祥碩永豐11購01,0,0,0,0,0,0,0,0,0,24000,0,0,0,24000,0,24000,24000
3691,039011,潤泰全永豐11購01,0,0,0,0,0,0,0,0,0,24000,0,0,0,34000,10000,24000,24000
3692,038774,新纖凱基11購01,0,0,0,0,0,0,0,0,0,24000,0,0,0,47000,23000,24000,24000
3693,038122,聯詠凱基13購01,0,0,0,0,0,0,0,0,0,24000,0,0,0,137000,113000,24000,24000
3694,038155,春源元大11購01,0,0,0,0,0,0,0,0,0,24000,0,0,0,25000,1000,24000,24000
3695,038146,潤泰新群益11購01,0,0,0,0,0,0,0,0,0,24000,0,0,0,24000,0,24000,24000
3696,038706,強茂凱基11購03,0,0,0,0,0,0,0,0,0,24000,0,0,0,1196000,1172000,24000,24000
3697,06735P,友達元大09售17,0,0,0,0,0,0,0,0,0,24000,0,0,0,66000,42000,24000,24000
3698,06524P,台積電元大09售19,0,0,0,0,0,0,0,0,0,24000,0,0,0,24000,0,24000,24000
3699,040426,飛宏凱基13購01,0,0,0,0,0,0,0,0,0,24000,0,0,0,24000,0,24000,24000
3700,039766,億光永豐11購01,0,0,0,0,0,0,0,0,0,24000,0,0,0,342000,318000,24000,24000
3701,089387,大立光中信0B購01,0,0,0,0,0,0,0,0,0,24000,0,0,0,24000,0,24000,24000
3702,088809,華碩元大09購04,0,0,0,0,0,0,0,0,0,24000,0,0,0,25000,1000,24000,24000
3703,031612,華邦電康和0A購01,0,0,0,0,0,0,0,0,0,23000,0,0,0,187000,164000,23000,23000
3704,032481,國喬兆豐0C購01,0,0,0,0,0,0,0,0,0,23000,0,0,0,48000,25000,23000,23000
3705,031970,新唐元大0A購01,0,0,0,0,0,0,0,0,0,23000,0,0,0,23000,0,23000,23000
3706,030062,南茂元大0B購01,0,0,0,0,0,0,0,0,0,23000,0,0,0,160000,137000,23000,23000
3707,033130,智邦元大0C購01,0,0,0,0,0,0,0,0,0,23000,0,0,0,40000,17000,23000,23000
3708,030718,台聚元大0A購03,0,0,0,0,0,0,0,0,0,23000,0,0,0,23000,0,23000,23000
3709,035677,瑞昱永豐0B購01,0,0,0,0,0,0,0,0,0,23000,0,0,0,81000,58000,23000,23000
3710,087255,億光國票0A購01,0,0,0,0,0,0,0,0,0,23000,0,0,0,23000,0,23000,23000
3711,087575,台達化元大0A購01,0,0,0,0,0,0,0,0,0,23000,0,0,0,23000,0,23000,23000
3712,087945,儒鴻元富0A購01,0,0,0,0,0,0,0,0,0,23000,0,0,0,53000,30000,23000,23000
3713,085805,日月光元大0A購02,0,0,0,0,0,0,0,0,0,23000,0,0,0,116000,93000,23000,23000
3714,085721,廣宇中信0A購01,0,0,0,0,0,0,0,0,0,23000,0,0,0,23000,0,23000,23000
3715,07466P,大立光元富11售01,0,0,0,0,0,0,0,0,0,23000,0,0,0,59000,36000,23000,23000
3716,07470P,大成鋼凱基11售05,0,0,0,0,0,0,0,0,0,23000,0,0,0,59000,36000,23000,23000
3717,082773,愛普統一09購06,0,0,0,0,0,0,0,0,0,23000,0,0,0,24000,1000,23000,23000
3718,036497,南電國泰12購01,0,0,0,0,0,0,0,0,0,23000,0,0,0,32000,9000,23000,23000
3719,037017,台聚麥證11購01,0,0,0,23000,0,23000,0,0,0,23000,0,0,0,23000,0,23000,23000
3720,037106,台聚元大0C購02,0,0,0,0,0,0,0,0,0,23000,0,0,0,35000,12000,23000,23000
3721,034512,百和凱基0B購01,0,0,0,0,0,0,0,0,0,23000,0,0,0,23000,0,23000,23000
3722,034564,友達國泰11購01,0,0,0,0,0,0,0,0,0,23000,0,0,0,472000,449000,23000,23000
3723,036049,寶成元富0C購01,0,0,0,0,0,0,0,0,0,23000,0,0,0,23000,0,23000,23000
3724,034476,台玻元大0B購07,0,0,0,0,0,0,0,0,0,23000,0,0,0,28000,5000,23000,23000
3725,039897,美時永豐11購03,0,0,0,0,0,0,0,0,0,23000,0,0,0,38000,15000,23000,23000
3726,040071,矽格元大11購02,0,0,0,0,0,0,0,0,0,23000,0,0,0,143000,120000,23000,23000
3727,06619P,國巨元富0C售08,0,0,0,0,0,0,0,0,0,23000,0,0,0,40000,17000,23000,23000
3728,06732P,亞德客元大09售01,0,0,0,0,0,0,0,0,0,23000,0,0,0,34000,11000,23000,23000
3729,038194,明基材永豐11購01,0,0,0,0,0,0,0,0,0,23000,0,0,0,33000,10000,23000,23000
3730,038123,日月光凱基11購02,0,0,0,0,0,0,0,0,0,23000,0,0,0,73000,50000,23000,23000
3731,038732,創意元大11購04,0,0,0,0,0,0,0,0,0,23000,0,0,0,93000,70000,23000,23000
3732,039258,長華群益13購01,0,0,0,0,0,0,0,0,0,23000,0,0,0,39000,16000,23000,23000
3733,07047P,技嘉元富12售02,0,0,0,0,0,0,0,0,0,23000,0,0,0,38000,15000,23000,23000
3734,089566,美食統一0B購02,0,0,0,0,0,0,0,0,0,23000,0,0,0,75000,52000,23000,23000
3735,2506,太設,40000,17000,23000,0,0,0,0,0,0,0,0,0,0,0,0,0,23000
3736,2453,凌群,113000,90000,23000,0,0,0,0,0,0,0,0,0,0,0,0,0,23000
3737,2906,高林,28000,5000,23000,0,0,0,0,0,0,0,0,0,0,0,0,0,23000
3738,035662,愛普國泰12購02,0,0,0,0,0,0,0,0,0,22000,0,0,0,248000,226000,22000,22000
3739,030730,台積電元大11購08,0,0,0,0,0,0,0,0,0,22000,0,0,0,35000,13000,22000,22000
3740,030525,臺股指群益0A購02,0,0,0,0,0,0,0,0,0,22000,0,0,0,22000,0,22000,22000
3741,033186,T50反1凱基13購02,0,0,0,0,0,0,0,0,0,22000,0,0,0,29000,7000,22000,22000
3742,082699,華邦電凱基08購03,0,0,0,0,0,0,0,0,0,22000,0,0,0,22000,0,22000,22000
3743,083608,聯電兆豐08購02,0,0,0,0,0,0,0,0,0,22000,0,0,0,22000,0,22000,22000
3744,07622P,台積電元大11售20,0,0,0,0,0,0,0,0,0,22000,0,0,0,22000,0,22000,22000
3745,081034,台塑富邦09購01,0,0,0,0,0,0,0,0,0,22000,0,0,0,22000,0,22000,22000
3746,085540,台勝科永豐08購01,0,0,0,0,0,0,0,0,0,22000,0,0,0,22000,0,22000,22000
3747,087880,台積電元大11購06,0,0,0,0,0,0,0,0,0,22000,0,0,0,85000,63000,22000,22000
3748,086909,長榮航凱基0A購01,0,0,0,0,0,0,0,0,0,22000,0,0,0,22000,0,22000,22000
3749,034818,開發金群益11購02,0,0,0,0,0,0,0,0,0,22000,0,0,0,103000,81000,22000,22000
3750,035749,台聚元富13購01,0,0,0,0,0,0,0,0,0,22000,0,0,0,22000,0,22000,22000
3751,037137,金像電統一12購02,0,0,0,0,0,0,0,0,0,22000,0,0,0,40000,18000,22000,22000
3752,035260,晶相光凱基11購01,0,0,0,0,0,0,0,0,0,22000,0,0,0,22000,0,22000,22000
3753,037434,和碩富邦11購01,0,0,0,0,0,0,0,0,0,22000,0,0,0,22000,0,22000,22000
3754,036787,景碩統一11購01,0,0,0,0,0,0,0,0,0,22000,0,0,0,22000,0,22000,22000
3755,036331,和大元富13購01,0,0,0,0,0,0,0,0,0,22000,0,0,0,29000,7000,22000,22000
3756,036301,欣興元大0C購04,0,0,0,0,0,0,0,0,0,22000,0,0,0,76000,54000,22000,22000
3757,036443,南亞元富0C購01,0,0,0,0,0,0,0,0,0,22000,0,0,0,163000,141000,22000,22000
3758,035335,聯電元富0B購02,0,0,0,0,0,0,0,0,0,22000,0,0,0,151000,129000,22000,22000
3759,037502,台船群益0C購01,0,0,0,0,0,0,0,0,0,22000,0,0,0,22000,0,22000,22000
3760,06777P,大立光凱基0A售05,0,0,0,0,0,0,0,0,0,22000,0,0,0,22000,0,22000,22000
3761,038827,聚鼎元大11購02,0,0,0,0,0,0,0,0,0,22000,0,0,0,22000,0,22000,22000
3762,3040,遠見,28000,6000,22000,0,0,0,0,0,0,0,0,0,0,0,0,0,22000
3763,1325,恆大,197000,171000,26000,0,0,0,0,0,0,-4000,0,0,0,1000,5000,-4000,22000
3764,089516,長榮航元大09購08,0,0,0,0,0,0,0,0,0,22000,0,0,0,43000,21000,22000,22000
3765,089187,台積電凱基13購05,0,0,0,0,0,0,0,0,0,22000,0,0,0,22000,0,22000,22000
3766,031933,宏達電元富0A購01,0,0,0,0,0,0,0,0,0,21000,0,0,0,21000,0,21000,21000
3767,031904,燁輝永豐0A購04,0,0,0,0,0,0,0,0,0,21000,0,0,0,21000,0,21000,21000
3768,032225,富邦金統一0C購01,0,0,0,0,0,0,0,0,0,21000,0,0,0,21000,0,21000,21000
3769,032560,長榮群益14購01,0,0,0,0,0,0,0,0,0,21000,0,0,0,21000,0,21000,21000
3770,031629,長榮統一12購02,0,0,0,0,0,0,0,0,0,21000,0,0,0,21000,0,21000,21000
3771,034295,永冠國泰11購01,0,0,0,0,0,0,0,0,0,21000,0,0,0,21000,0,21000,21000
3772,033475,大立光凱基0C購02,0,0,0,0,0,0,0,0,0,21000,0,0,0,21000,0,21000,21000
3773,030379,華東群益0A購01,0,0,0,0,0,0,0,0,0,21000,0,0,0,21000,0,21000,21000
3774,030877,乙盛元富0B購01,0,0,0,0,0,0,0,0,0,21000,0,0,0,21000,0,21000,21000
3775,030327,盛群麥證0A購01,0,0,0,21000,0,21000,0,0,0,21000,0,0,0,21000,0,21000,21000
3776,035640,愛普富邦0C購01,0,0,0,0,0,0,0,0,0,21000,0,0,0,170000,149000,21000,21000
3777,035931,永光凱基0C購01,0,0,0,0,0,0,0,0,0,21000,0,0,0,28000,7000,21000,21000
3778,087896,GIS元大0A購01,0,0,0,0,0,0,0,0,0,21000,0,0,0,21000,0,21000,21000
3779,085496,聯發科凱基12購01,0,0,0,0,0,0,0,0,0,21000,0,0,0,21000,0,21000,21000
3780,080923,華新國票08購01,0,0,0,0,0,0,0,0,0,21000,0,0,0,21000,0,21000,21000
3781,083983,鴻海群益0A購01,0,0,0,0,0,0,0,0,0,21000,0,0,0,21000,0,21000,21000
3782,037546,世紀鋼元大14購01,0,0,0,0,0,0,0,0,0,21000,0,0,0,23000,2000,21000,21000
3783,037770,愛普兆豐12購01,0,0,0,0,0,0,0,0,0,21000,0,0,0,21000,0,21000,21000
3784,034095,和鑫元大0B購02,0,0,0,0,0,0,0,0,0,21000,0,0,0,248000,227000,21000,21000
3785,034096,華擎元大12購01,0,0,0,0,0,0,0,0,0,21000,0,0,0,27000,6000,21000,21000
3786,037040,聯陽元大13購01,0,0,0,0,0,0,0,0,0,21000,0,0,0,101000,80000,21000,21000
3787,037083,國喬凱基0C購03,0,0,0,0,0,0,0,0,0,21000,0,0,0,21000,0,21000,21000
3788,034789,健策國泰11購02,0,0,0,0,0,0,0,0,0,21000,0,0,0,169000,148000,21000,21000
3789,034794,長榮中信0B購01,0,0,0,0,0,0,0,0,0,21000,0,0,0,21000,0,21000,21000
3790,034463,元翎群益0B購01,0,0,0,0,0,0,0,0,0,21000,0,0,0,126000,105000,21000,21000
3791,039349,興勤國票12購01,0,0,0,0,0,0,0,0,0,21000,0,0,0,51000,30000,21000,21000
3792,038116,億光凱基11購01,0,0,0,0,0,0,0,0,0,21000,0,0,0,205000,184000,21000,21000
3793,038257,台積電凱基13購06,0,0,0,0,0,0,0,0,0,21000,0,0,0,36000,15000,21000,21000
3794,038235,新光鋼元大12購01,0,0,0,0,0,0,0,0,0,21000,0,0,0,71000,50000,21000,21000
3795,038224,玉晶光國泰13購01,0,0,0,0,0,0,0,0,0,21000,0,0,0,86000,65000,21000,21000
3796,06518P,上証2X元富09售02,0,0,0,0,0,0,0,0,0,21000,0,0,0,21000,0,21000,21000
3797,06303P,臺股指凱基08售14,0,0,0,0,0,0,0,0,0,21000,0,0,0,21000,0,21000,21000
3798,040406,美時統一12購01,0,0,0,0,0,0,0,0,0,21000,0,0,0,21000,0,21000,21000
3799,040315,京鼎凱基11購02,0,0,0,0,0,0,0,0,0,21000,0,0,0,93000,72000,21000,21000
3800,040060,鼎元元大12購01,0,0,0,0,0,0,0,0,0,21000,0,0,0,21000,0,21000,21000
3801,039994,聯茂國票12購01,0,0,0,0,0,0,0,0,0,21000,0,0,0,21000,0,21000,21000
3802,089381,聯電中信0B購02,0,0,0,0,0,0,0,0,0,21000,0,0,0,219000,198000,21000,21000
3803,089590,新纖群益09購02,0,0,0,0,0,0,0,0,0,21000,0,0,0,21000,0,21000,21000
3804,1531,高林股,27000,6000,21000,0,0,0,0,0,0,0,0,0,0,0,0,0,21000
3805,2421,建準,103000,82000,21000,0,0,0,0,0,0,0,0,0,0,0,0,0,21000
3806,2483,百容,80000,59000,21000,0,0,0,0,0,0,0,0,0,0,0,0,0,21000
3807,035092,長榮凱基11購04,0,0,0,0,0,0,0,0,0,20000,0,0,0,20000,0,20000,20000
3808,035570,聯發科元富12購11,0,0,0,0,0,0,0,0,0,20000,0,0,0,20000,0,20000,20000
3809,035667,南亞科統一0C購05,0,0,0,0,0,0,0,0,0,20000,0,0,0,23000,3000,20000,20000
3810,030963,春源元大0A購01,0,0,0,0,0,0,0,0,0,20000,0,0,0,20000,0,20000,20000
3811,030968,台積電元大0A購09,0,0,0,0,0,0,0,0,0,20000,0,0,0,20000,0,20000,20000
3812,030791,台積電凱基0B購08,0,0,0,0,0,0,0,0,0,20000,0,0,0,70000,50000,20000,20000
3813,030813,聯詠富邦0C購01,0,0,0,0,0,0,0,0,0,20000,0,0,0,20000,0,20000,20000
3814,030850,群創兆豐0A購02,0,0,0,0,0,0,0,0,0,20000,0,0,0,20000,0,20000,20000
3815,031989,新光鋼群益0A購01,0,0,0,0,0,0,0,0,0,20000,0,0,0,20000,0,20000,20000
3816,030436,聯德元大0A購01,0,0,0,0,0,0,0,0,0,20000,0,0,0,20000,0,20000,20000
3817,030424,健鼎元大0A購01,0,0,0,0,0,0,0,0,0,20000,0,0,0,20000,0,20000,20000
3818,030279,廣宇日盛0A購02,0,0,0,0,0,0,0,0,0,20000,0,0,0,20000,0,20000,20000
3819,03049X,元展46,0,0,0,0,0,0,0,0,0,20000,0,0,0,20000,0,20000,20000
3820,030542,健和興凱基0B購01,0,0,0,0,0,0,0,0,0,20000,0,0,0,20000,0,20000,20000
3821,030015,聯鈞元富11購01,0,0,0,0,0,0,0,0,0,20000,0,0,0,30000,10000,20000,20000
3822,030025,台灣50台新0A購01,0,0,0,0,0,0,0,0,0,20000,0,0,0,20000,0,20000,20000
3823,030112,台勝科永豐0A購01,0,0,0,0,0,0,0,0,0,20000,0,0,0,20000,0,20000,20000
3824,030103,台航永豐0A購01,0,0,0,0,0,0,0,0,0,20000,0,0,0,20000,0,20000,20000
3825,030082,超眾群益11購01,0,0,0,0,0,0,0,0,0,20000,0,0,0,30000,10000,20000,20000
3826,030198,鑫永銓凱基0A購01,0,0,0,0,0,0,0,0,0,20000,0,0,0,20000,0,20000,20000
3827,01001T,土銀富邦R1,25000,0,25000,0,0,0,0,0,0,-5000,0,5000,-5000,0,0,0,20000
3828,031662,南亞科元大0C購02,0,0,0,0,0,0,0,0,0,20000,0,0,0,20000,0,20000,20000
3829,031562,T50反1凱基11購04,0,0,0,0,0,0,0,0,0,20000,0,0,0,20000,0,20000,20000
3830,032257,長榮元大0B購06,0,0,0,0,0,0,0,0,0,20000,0,0,0,20000,0,20000,20000
3831,032271,亞泥富邦0B購01,0,0,0,0,0,0,0,0,0,20000,0,0,0,120000,100000,20000,20000
3832,032174,聯成群益0B購05,0,0,0,0,0,0,0,0,0,20000,0,0,0,40000,20000,20000,20000
3833,032158,東鋼元富0A購03,0,0,0,0,0,0,0,0,0,20000,0,0,0,20000,0,20000,20000
3834,031881,京元電凱基12購01,0,0,0,0,0,0,0,0,0,20000,0,0,0,90000,70000,20000,20000
3835,032905,亞光日盛0A購01,0,0,0,0,0,0,0,0,0,20000,0,0,0,20000,0,20000,20000
3836,084406,美律國票08購02,0,0,0,0,0,0,0,0,0,20000,0,0,0,20000,0,20000,20000
3837,084789,台郡凱基09購02,0,0,0,0,0,0,0,0,0,20000,0,0,0,20000,0,20000,20000
3838,084792,中興電群益09購03,0,0,0,0,0,0,0,0,0,20000,0,0,0,26000,6000,20000,20000
3839,084859,台積電元大09購09,0,0,0,0,0,0,0,0,0,20000,0,0,0,20000,0,20000,20000
3840,083756,義隆富邦08購01,0,0,0,0,0,0,0,0,0,20000,0,0,0,20000,0,20000,20000
3841,082638,為升富邦09購01,0,0,0,0,0,0,0,0,0,20000,0,0,0,20000,0,20000,20000
3842,082553,台積電麥證0A購02,0,0,0,20000,0,20000,0,0,0,20000,0,0,0,20000,0,20000,20000
3843,082521,鴻海群益08購07,0,0,0,0,0,0,0,0,0,20000,0,0,0,20000,0,20000,20000
3844,082694,台船凱基08購01,0,0,0,0,0,0,0,0,0,20000,0,0,0,20000,0,20000,20000
3845,082223,乙盛群益09購01,0,0,0,0,0,0,0,0,0,20000,0,0,0,20000,0,20000,20000
3846,081437,華通統一09購01,0,5000,-5000,0,0,0,0,0,0,25000,0,0,0,25000,0,25000,20000
3847,081028,長榮元富08購03,0,0,0,0,0,0,0,0,0,20000,0,0,0,150000,130000,20000,20000
3848,081126,國巨日盛08購01,0,0,0,0,0,0,0,0,0,20000,0,0,0,20000,0,20000,20000
3849,080190,國喬元富08購02,0,0,0,0,0,0,0,0,0,20000,0,0,0,20000,0,20000,20000
3850,079943,南紡凱基08購01,0,0,0,0,0,0,0,0,0,20000,0,0,0,20000,0,20000,20000
3851,080409,貿聯元大08購01,0,0,0,0,0,0,0,0,0,20000,0,0,0,20000,0,20000,20000
3852,077945,同欣電統一08購02,0,0,0,0,0,0,0,0,0,20000,0,0,0,20000,0,20000,20000
3853,078388,大成鋼富邦08購01,0,0,0,0,0,0,0,0,0,20000,0,0,0,20000,0,20000,20000
3854,078211,旺宏國泰08購02,0,0,0,0,0,0,0,0,0,20000,0,0,0,20000,0,20000,20000
3855,078733,聯電元富08購04,0,0,0,0,0,0,0,0,0,20000,0,0,0,20000,0,20000,20000
3856,078946,全新統一09購01,0,0,0,0,0,0,0,0,0,20000,0,0,0,20000,0,20000,20000
3857,079556,SGBR2X國票08購01,0,0,0,0,0,0,0,0,0,20000,0,0,0,20000,0,20000,20000
3858,07526P,臺股指國票11售03,0,0,0,0,0,0,0,0,0,20000,0,0,0,21000,1000,20000,20000
3859,07485P,晶技元富14售02,0,0,0,0,0,0,0,0,0,20000,0,0,0,30000,10000,20000,20000
3860,085723,華碩中信0A購01,0,0,0,0,0,0,0,0,0,20000,0,0,0,20000,0,20000,20000
3861,085720,台塑中信0B購01,0,0,0,0,0,0,0,0,0,20000,0,0,0,20000,0,20000,20000
3862,085709,晶技富邦0A購01,0,0,0,0,0,0,0,0,0,20000,0,0,0,30000,10000,20000,20000
3863,085050,鴻海國票0C購02,0,0,0,0,0,0,0,0,0,20000,0,0,0,20000,0,20000,20000
3864,086085,鴻海中信08購03,0,0,0,0,0,0,0,0,0,20000,0,0,0,20000,0,20000,20000
3865,086090,長榮航康和09購01,0,0,0,0,0,0,0,0,0,20000,0,0,0,20000,0,20000,20000
3866,086386,創意國票0A購01,0,0,0,0,0,0,0,0,0,20000,0,0,0,20000,0,20000,20000
3867,087953,禾伸堂元富0A購01,0,0,0,0,0,0,0,0,0,20000,0,0,0,20000,0,20000,20000
3868,087788,聯詠永豐09購02,0,0,0,0,0,0,0,0,0,20000,0,0,0,20000,0,20000,20000
3869,087466,健策國票0A購01,0,0,0,0,0,0,0,0,0,20000,0,0,0,20000,0,20000,20000
3870,087318,南帝永豐09購02,0,0,0,0,0,0,0,0,0,20000,0,0,0,20000,0,20000,20000
3871,087297,瑞儀元大09購01,0,0,0,0,0,0,0,0,0,20000,0,0,0,20000,0,20000,20000
3872,087341,瑞昱凱基0B購01,0,0,0,0,0,0,0,0,0,20000,0,0,0,30000,10000,20000,20000
3873,086587,旺宏國票0A購01,0,0,0,0,0,0,0,0,0,20000,0,0,0,20000,0,20000,20000
3874,086589,華碩國票0A購01,0,0,0,0,0,0,0,0,0,20000,0,0,0,20000,0,20000,20000
3875,086691,國巨元富0C購02,0,0,0,0,0,0,0,0,0,20000,0,0,0,20000,0,20000,20000
3876,086701,聯電元大09購03,0,0,0,0,0,0,0,0,0,20000,0,0,0,20000,0,20000,20000
3877,086941,華新科元大0B購01,0,0,0,0,0,0,0,0,0,20000,0,0,0,20000,0,20000,20000
3878,086951,臻鼎元大09購01,0,0,0,0,0,0,0,0,0,20000,0,0,0,300000,280000,20000,20000
3879,086967,為升統一0B購01,0,0,0,0,0,0,0,0,0,20000,0,0,0,20000,0,20000,20000
3880,087100,鴻海元大11購02,0,0,0,0,0,0,0,0,0,20000,0,0,0,29000,9000,20000,20000
3881,088308,達欣工凱基0A購01,0,0,0,0,0,0,0,0,0,20000,0,0,0,30000,10000,20000,20000
3882,088512,群創元大09購12,0,0,0,0,0,0,0,0,0,20000,0,0,0,20000,0,20000,20000
3883,088525,群創國泰0B購02,0,0,0,0,0,0,0,0,0,20000,0,0,0,20000,0,20000,20000
3884,088048,台積電元大09購26,0,0,0,0,0,0,0,0,0,20000,0,0,0,20000,0,20000,20000
3885,088283,禾伸堂群益09購01,0,0,0,0,0,0,0,0,0,20000,0,0,0,20000,0,20000,20000
3886,088800,中興電元大0B購02,0,0,0,0,0,0,0,0,0,20000,0,0,0,20000,0,20000,20000
3887,034428,中鋼台新0B購03,0,0,0,0,0,0,0,0,0,20000,0,0,0,20000,0,20000,20000
3888,033611,技嘉群益0C購02,0,0,0,0,0,0,0,0,0,20000,0,0,0,20000,0,20000,20000
3889,035787,大立光國泰13購01,0,0,0,0,0,0,0,0,0,20000,0,0,0,50000,30000,20000,20000
3890,034356,健策元富0B購01,0,0,0,0,0,0,0,0,0,20000,0,0,0,20000,0,20000,20000
3891,034620,宏碁元富12購01,0,0,0,0,0,0,0,0,0,20000,0,0,0,20000,0,20000,20000
3892,035060,長榮航國泰11購01,0,0,0,0,0,0,0,0,0,20000,0,0,0,20000,0,20000,20000
3893,035455,聯發科國票11購05,0,0,0,0,0,0,0,0,0,20000,0,0,0,20000,0,20000,20000
3894,035441,寶成元大0B購02,0,0,0,0,0,0,0,0,0,20000,0,0,0,20000,0,20000,20000
3895,035497,聯發科國泰14購01,0,0,0,0,0,0,0,0,0,20000,0,0,0,20000,0,20000,20000
3896,033852,聯詠永豐0B購01,0,0,0,0,0,0,0,0,0,20000,0,0,0,99000,79000,20000,20000
3897,033699,華夏國票0C購01,0,0,0,0,0,0,0,0,0,20000,0,0,0,20000,0,20000,20000
3898,037421,英利國票0C購01,0,0,0,0,0,0,0,0,0,20000,0,0,0,20000,0,20000,20000
3899,037120,億光元大0C購03,0,0,0,0,0,0,0,0,0,20000,0,0,0,22000,2000,20000,20000
3900,037125,玉晶光元大13購03,0,0,0,0,0,0,0,0,0,20000,0,0,0,20000,0,20000,20000
3901,034103,新光鋼群益0B購04,0,0,0,0,0,0,0,0,0,20000,0,0,0,114000,94000,20000,20000
3902,034059,南紡國票0C購02,0,0,0,0,0,0,0,0,0,20000,0,0,0,20000,0,20000,20000
3903,036172,中鋼麥證0C購03,0,0,0,20000,0,20000,0,0,0,20000,0,0,0,20000,0,20000,20000
3904,036180,華通永豐0C購01,0,0,0,0,0,0,0,0,0,20000,0,0,0,20000,0,20000,20000
3905,035325,富邦金元大0B購06,0,0,0,0,0,0,0,0,0,20000,0,0,0,24000,4000,20000,20000
3906,036145,台玻元大0C購03,0,0,0,0,0,0,0,0,0,20000,0,0,0,21000,1000,20000,20000
3907,036125,安集群益0C購01,0,0,0,0,0,0,0,0,0,20000,0,0,0,44000,24000,20000,20000
3908,033708,台玻國票0C購01,0,0,0,0,0,0,0,0,0,20000,0,0,0,27000,7000,20000,20000
3909,036388,精成科富邦11購01,0,0,0,0,0,0,0,0,0,20000,0,0,0,30000,10000,20000,20000
3910,036359,台積電國票11購04,0,0,0,0,0,0,0,0,0,20000,0,0,0,20000,0,20000,20000
3911,036339,上緯控元富0C購01,0,0,0,0,0,0,0,0,0,20000,0,0,0,20000,0,20000,20000
3912,036318,榮運統一12購01,0,0,0,0,0,0,0,0,0,20000,0,0,0,30000,10000,20000,20000
3913,036499,國喬凱基0C購02,0,0,0,0,0,0,0,0,0,20000,0,0,0,20000,0,20000,20000
3914,036534,中橡永豐0C購01,0,0,0,0,0,0,0,0,0,20000,0,0,0,20000,0,20000,20000
3915,037783,百和凱基0C購01,0,0,0,0,0,0,0,0,0,20000,0,0,0,43000,23000,20000,20000
3916,037792,矽創群益0C購03,0,0,0,0,0,0,0,0,0,20000,0,0,0,20000,0,20000,20000
3917,037808,玉晶光元大0C購10,0,0,0,0,0,0,0,0,0,20000,0,0,0,21000,1000,20000,20000
3918,037688,創意元大0C購03,0,0,0,0,0,0,0,0,0,20000,0,0,0,40000,20000,20000,20000
3919,037556,微星元富11購02,0,0,0,0,0,0,0,0,0,20000,0,0,0,20000,0,20000,20000
3920,039990,志聖國票12購01,0,0,0,0,0,0,0,0,0,20000,0,0,0,20000,0,20000,20000
3921,040069,盛群元大11購02,0,0,0,0,0,0,0,0,0,20000,0,0,0,270000,250000,20000,20000
3922,040197,裕民凱基11購03,0,0,0,0,0,0,0,0,0,20000,0,0,0,50000,30000,20000,20000
3923,040267,群創康和11購04,0,0,0,0,0,0,0,0,0,20000,0,0,0,20000,0,20000,20000
3924,039745,第一金中信11購01,0,0,0,0,0,0,0,0,0,20000,0,0,0,20000,0,20000,20000
3925,039829,愛普元富14購01,0,0,0,0,0,0,0,0,0,20000,0,0,0,20000,0,20000,20000
3926,039855,元大金國票11購01,0,0,0,0,0,0,0,0,0,20000,0,0,0,20000,0,20000,20000
3927,039869,台玻兆豐13購01,0,0,0,0,0,0,0,0,0,20000,0,0,0,30000,10000,20000,20000
3928,039877,富邦金國泰13購03,0,0,0,0,0,0,0,0,0,20000,0,0,0,20000,0,20000,20000
3929,040567,A50正2元大13購01,0,0,0,0,0,0,0,0,0,20000,0,0,0,20000,0,20000,20000
3930,06362P,臺股指麥證08售03,0,0,0,20000,0,20000,0,0,0,20000,0,0,0,20000,0,20000,20000
3931,05418P,臺股指國票0B售03,0,0,0,0,0,0,0,0,0,20000,0,0,0,20000,0,20000,20000
3932,05281P,玉晶光中信09售01,0,0,0,0,0,0,0,0,0,20000,0,0,0,20000,0,20000,20000
3933,06694P,南電凱基09售09,0,0,0,0,0,0,0,0,0,20000,0,0,0,20000,0,20000,20000
3934,06663P,立積元富09售07,0,0,0,0,0,0,0,0,0,20000,0,0,0,40000,20000,20000,20000
3935,06667P,上銀凱基09售03,0,0,0,0,0,0,0,0,0,20000,0,0,0,77000,57000,20000,20000
3936,038183,國巨永豐11購01,0,0,0,0,0,0,0,0,0,20000,0,0,0,20000,0,20000,20000
3937,038596,中鋼構群益11購01,0,0,0,0,0,0,0,0,0,20000,0,0,0,21000,1000,20000,20000
3938,038557,士紙凱基11購01,0,0,0,0,0,0,0,0,0,20000,0,0,0,20000,0,20000,20000
3939,038548,台玻國泰13購02,0,0,0,0,0,0,0,0,0,20000,0,0,0,20000,0,20000,20000
3940,038513,金寶永豐11購01,0,0,0,0,0,0,0,0,0,20000,0,0,0,20000,0,20000,20000
3941,038344,台積電元富17購01,0,0,0,0,0,0,0,0,0,20000,0,0,0,20000,0,20000,20000
3942,039102,中工麥證11購01,0,0,0,20000,0,20000,0,0,0,20000,0,0,0,20000,0,20000,20000
3943,039125,惠特兆豐11購01,0,0,0,0,0,0,0,0,0,20000,0,0,0,30000,10000,20000,20000
3944,038881,聯電兆豐13購01,0,0,0,0,0,0,0,0,0,20000,0,0,0,25000,5000,20000,20000
3945,038872,長榮航凱基11購03,0,0,0,0,0,0,0,0,0,20000,0,0,0,80000,60000,20000,20000
3946,038945,正隆元大11購02,0,0,0,0,0,0,0,0,0,20000,0,0,0,20000,0,20000,20000
3947,07166P,臺股指元大0B售30,0,0,0,0,0,0,0,0,0,20000,0,0,0,20000,0,20000,20000
3948,073105,帆宣統一08購01,0,0,0,0,0,0,0,0,0,20000,0,0,0,20000,0,20000,20000
3949,1463,強盛,32000,12000,20000,0,0,0,0,0,0,0,0,0,0,0,0,0,20000
3950,089611,大立光群益09購06,0,0,0,0,0,0,0,0,0,20000,0,0,0,20000,0,20000,20000
3951,089713,友達中信11購01,0,0,0,0,0,0,0,0,0,20000,0,0,0,20000,0,20000,20000
3952,089783,華晶科凱基09購01,0,0,0,0,0,0,0,0,0,20000,0,0,0,101000,81000,20000,20000
3953,089808,佳世達群益09購02,0,0,0,0,0,0,0,0,0,20000,0,0,0,20000,0,20000,20000
3954,089943,立積永豐0A購01,0,0,0,0,0,0,0,0,0,20000,0,0,0,20000,0,20000,20000
3955,089955,滬深2X元大0B購01,0,0,0,0,0,0,0,0,0,20000,0,0,0,245000,225000,20000,20000
3956,089307,友達國票0C購01,0,0,0,0,0,0,0,0,0,20000,0,0,0,220000,200000,20000,20000
3957,5907,大洋-KY,34000,17000,17000,0,0,0,0,0,0,3000,3000,0,3000,0,0,0,20000
3958,6184,大豐電,26000,6000,20000,0,0,0,0,0,0,0,0,0,0,0,0,0,20000
3959,00728,第一金工業30,0,0,0,0,0,0,0,0,0,19361,0,0,0,43000,23639,19361,19361
3960,031248,長榮群益12購01,0,0,0,0,0,0,0,0,0,19000,0,0,0,20000,1000,19000,19000
3961,030441,申豐元大0A購02,0,0,0,0,0,0,0,0,0,19000,0,0,0,19000,0,19000,19000
3962,033113,欣興富邦0C購01,0,0,0,0,0,0,0,0,0,19000,0,0,0,58000,39000,19000,19000
3963,031074,和碩元大0B購01,0,0,0,0,0,0,0,0,0,19000,0,0,0,25000,6000,19000,19000
3964,032883,盛群凱基0A購02,0,0,0,0,0,0,0,0,0,19000,0,0,0,23000,4000,19000,19000
3965,032389,長榮統一0C購09,0,0,0,0,0,0,0,0,0,19000,0,0,0,29000,10000,19000,19000
3966,032655,亞泥麥證0B購01,0,0,0,300000,281000,19000,0,0,0,19000,0,0,0,300000,281000,19000,19000
3967,033486,台玻統一11購03,0,0,0,0,0,0,0,0,0,19000,0,0,0,30000,11000,19000,19000
3968,035114,台積電兆豐0B購03,0,0,0,0,0,0,0,0,0,19000,0,0,0,32000,13000,19000,19000
3969,035831,聯電元大0B購07,0,0,0,0,0,0,0,0,0,19000,0,0,0,51000,32000,19000,19000
3970,035906,亞光群益12購01,0,0,0,0,0,0,0,0,0,19000,0,0,0,70000,51000,19000,19000
3971,088762,瑞昱日盛09購01,0,0,0,0,0,0,0,0,0,19000,0,0,0,19000,0,19000,19000
3972,087491,榮成群益09購02,0,0,0,0,0,0,0,0,0,19000,0,0,0,29000,10000,19000,19000
3973,086283,友達群益09購11,0,0,0,0,0,0,0,0,0,19000,0,0,0,19000,0,19000,19000
3974,081445,萬海統一09購02,0,0,0,0,0,0,0,0,0,19000,0,0,0,20000,1000,19000,19000
3975,081365,長華凱基0A購01,0,0,0,0,0,0,0,0,0,19000,0,0,0,79000,60000,19000,19000
3976,037795,臺股指群益0C購16,0,0,0,0,0,0,0,0,0,19000,0,0,0,20000,1000,19000,19000
3977,035005,佳世達元大0B購02,0,0,0,0,0,0,0,0,0,19000,0,0,0,24000,5000,19000,19000
3978,033538,智原富邦0C購01,0,0,0,0,0,0,0,0,0,19000,0,0,0,75000,56000,19000,19000
3979,034820,群創群益0B購12,0,0,0,0,0,0,0,0,0,19000,0,0,0,21000,2000,19000,19000
3980,06797P,群創康和0A售03,0,0,0,0,0,0,0,0,0,19000,0,0,0,43000,24000,19000,19000
3981,069057,美利達元富08購01,0,0,0,0,0,0,0,0,0,19000,0,0,0,19000,0,19000,19000
3982,038970,臺股指元大13購22,0,0,0,0,0,0,0,0,0,19000,0,0,0,19000,0,19000,19000
3983,039186,華邦電元大11購03,0,0,0,0,0,0,0,0,0,19000,0,0,0,78000,59000,19000,19000
3984,06442P,友達元大09售08,0,0,0,0,0,0,0,0,0,19000,0,0,0,233000,214000,19000,19000
3985,039468,揚明光國票12購01,0,0,0,0,0,0,0,0,0,19000,0,0,0,19000,0,19000,19000
3986,039579,中興電國票12購01,0,0,0,0,0,0,0,0,0,19000,0,0,0,67000,48000,19000,19000
3987,040046,國揚康和11購01,0,0,0,0,0,0,0,0,0,19000,0,0,0,20000,1000,19000,19000
3988,2707,晶華,36000,17000,19000,0,0,0,0,0,0,0,0,0,0,0,0,0,19000
3989,3209,全科,193000,174000,19000,0,0,0,0,0,0,0,0,0,0,0,0,0,19000
3990,032683,台泥國泰0C購01,0,0,0,0,0,0,0,0,0,18000,0,0,0,18000,0,18000,18000
3991,031718,華新群益0B購01,0,0,0,0,0,0,0,0,0,18000,0,0,0,18000,0,18000,18000
3992,033203,華新群益0C購01,0,0,0,0,0,0,0,0,0,18000,0,0,0,94000,76000,18000,18000
3993,032087,國喬永豐0A購02,0,0,0,0,0,0,0,0,0,18000,0,0,0,18000,0,18000,18000
3994,031370,瑞昱永豐0A購02,0,0,0,0,0,0,0,0,0,18000,0,0,0,32000,14000,18000,18000
3995,031808,中鋼元大0A購06,0,0,0,0,0,0,0,0,0,18000,0,0,0,532000,514000,18000,18000
3996,033075,嘉澤凱基0A購01,0,0,0,0,0,0,0,0,0,18000,0,0,0,28000,10000,18000,18000
3997,081914,聯詠凱基08購01,0,0,0,0,0,0,0,0,0,18000,0,0,0,18000,0,18000,18000
3998,081949,聯發科統一09購05,0,0,0,0,0,0,0,0,0,18000,0,0,0,18000,0,18000,18000
3999,082856,臺股指國票0B購05,0,0,0,0,0,0,0,0,0,18000,0,0,0,40000,22000,18000,18000
4000,083000,元石油凱基09購02,0,0,0,0,0,0,0,0,0,18000,0,0,0,18000,0,18000,18000
4001,083737,華泰國票08購01,0,0,0,0,0,0,0,0,0,18000,0,0,0,38000,20000,18000,18000
4002,07407P,華擎元富0C售02,0,0,0,0,0,0,0,0,0,18000,0,0,0,27000,9000,18000,18000
4003,077422,台郡元富0B購01,0,0,0,0,0,0,0,0,0,18000,0,0,0,21000,3000,18000,18000
4004,080703,聯發科凱基08購04,0,0,0,0,0,0,0,0,0,18000,0,0,0,18000,0,18000,18000
4005,086487,日月光統一0B購01,0,0,0,0,0,0,0,0,0,18000,0,0,0,133000,115000,18000,18000
4006,085655,金像電統一0A購02,0,0,0,0,0,0,0,0,0,18000,0,0,0,18000,0,18000,18000
4007,087499,聯電兆豐0A購01,0,0,0,0,0,0,0,0,0,18000,0,0,0,18000,0,18000,18000
4008,086724,臺股指元大0A購15,0,0,0,0,0,0,0,0,0,18000,0,0,0,30000,12000,18000,18000
4009,086825,華邦電元大09購04,0,0,0,0,0,0,0,0,0,18000,0,0,0,38000,20000,18000,18000
4010,088397,廣宇中信09購02,0,0,0,0,0,0,0,0,0,18000,0,0,0,18000,0,18000,18000
4011,034663,台灣50凱基0B購07,0,0,0,0,0,0,0,0,0,18000,0,0,0,20000,2000,18000,18000
4012,034370,華新元大0B購06,0,0,0,0,0,0,0,0,0,18000,0,0,0,18000,0,18000,18000
4013,035420,新光鋼元大0B購06,0,0,0,0,0,0,0,0,0,18000,0,0,0,100000,82000,18000,18000
4014,034007,友達群益0B購06,0,0,0,0,0,0,0,0,0,18000,0,0,0,21000,3000,18000,18000
4015,033965,國喬凱基0C購01,0,0,0,0,0,0,0,0,0,18000,0,0,0,18000,0,18000,18000
4016,037393,聯電凱基0C購10,0,0,0,0,0,0,0,0,0,18000,0,0,0,100000,82000,18000,18000
4017,039858,神基國票11購01,0,0,0,0,0,0,0,0,0,18000,0,0,0,19000,1000,18000,18000
4018,038854,南茂富邦13購01,0,0,0,0,0,0,0,0,0,18000,0,0,0,201000,183000,18000,18000
4019,038761,中壽中信12購01,0,0,0,0,0,0,0,0,0,18000,0,0,0,18000,0,18000,18000
4020,038034,台玻群益13購01,0,0,0,0,0,0,0,0,0,18000,0,0,0,78000,60000,18000,18000
4021,3050,鈺德,151000,133000,18000,0,0,0,0,0,0,0,0,0,0,0,0,0,18000
4022,2380,虹光,28000,10000,18000,0,0,0,0,0,0,0,0,0,0,0,0,0,18000
4023,089346,台積電元大0C購11,0,0,0,0,0,0,0,0,0,18000,0,0,0,277000,259000,18000,18000
4024,089708,南電元富09購08,0,0,0,0,0,0,0,0,0,18000,0,0,0,66000,48000,18000,18000
4025,6449,鈺邦,48000,30000,18000,0,0,0,0,0,0,0,0,0,0,0,0,0,18000
4026,6698,旭暉應材,46000,28000,18000,0,0,0,0,0,0,0,0,0,0,0,0,0,18000
4027,9938,百和,467951,465000,2951,0,0,0,0,0,0,14812,28136,11324,16812,17000,19000,-2000,17763
4028,2530,華建,38000,21000,17000,0,0,0,0,0,0,1,1,0,1,0,0,0,17001
4029,033118,SGBR2X元大12購01,0,0,0,0,0,0,0,0,0,17000,0,0,0,20000,3000,17000,17000
4030,030318,台積電麥證0B購04,0,0,0,20000,3000,17000,0,0,0,17000,0,0,0,20000,3000,17000,17000
4031,031295,聯陽康和11購01,0,0,0,0,0,0,0,0,0,17000,0,0,0,108000,91000,17000,17000
4032,031938,SGBR2X元大14購01,0,0,0,0,0,0,0,0,0,17000,0,0,0,17000,0,17000,17000
4033,032581,大亞元大0A購02,0,0,0,0,0,0,0,0,0,17000,0,0,0,89000,72000,17000,17000
4034,031563,國喬凱基11購01,0,0,0,0,0,0,0,0,0,17000,0,0,0,47000,30000,17000,17000
4035,031564,新纖凱基0B購01,0,0,0,0,0,0,0,0,0,17000,0,0,0,33000,16000,17000,17000
4036,031619,中鋼統一11購01,0,0,0,0,0,0,0,0,0,17000,0,0,0,17000,0,17000,17000
4037,033030,京元電群益0A購02,0,0,0,0,0,0,0,0,0,17000,0,0,0,97000,80000,17000,17000
4038,088706,臻鼎國泰0B購01,0,0,0,0,0,0,0,0,0,17000,0,0,0,27000,10000,17000,17000
4039,089557,聯電統一0B購09,0,0,0,0,0,0,0,0,0,17000,0,0,0,458000,441000,17000,17000
4040,087691,美食元大09購01,0,0,0,0,0,0,0,0,0,17000,0,0,0,18000,1000,17000,17000
4041,087884,國泰金元大0C購01,0,0,0,0,0,0,0,0,0,17000,0,0,0,24000,7000,17000,17000
4042,085178,聯發科統一0C購01,0,0,0,0,0,0,0,0,0,17000,0,0,0,17000,0,17000,17000
4043,086336,旺宏元大11購02,0,0,0,0,0,0,0,0,0,17000,0,0,0,17000,0,17000,17000
4044,077065,祥碩統一09購01,0,0,0,0,0,0,0,0,0,17000,0,0,0,26000,9000,17000,17000
4045,07523P,臺股指元大13售19,0,0,0,0,0,0,0,0,0,17000,0,0,0,61000,44000,17000,17000
4046,084697,宏碁統一0A購02,0,0,0,0,0,0,0,0,0,17000,0,0,0,53000,36000,17000,17000
4047,082442,T50正2元大0A購02,0,0,0,0,0,0,0,0,0,17000,0,0,0,27000,10000,17000,17000
4048,082128,鴻海統一09購04,0,0,0,0,0,0,0,0,0,17000,0,0,0,27000,10000,17000,17000
4049,037309,大亞凱基0C購04,0,0,0,0,0,0,0,0,0,17000,0,0,0,29000,12000,17000,17000
4050,036313,技嘉統一12購02,0,0,0,0,0,0,0,0,0,17000,0,0,0,20000,3000,17000,17000
4051,035481,台積電群益0B購10,0,0,0,0,0,0,0,0,0,17000,0,0,0,27000,10000,17000,17000
4052,034989,瑞昱群益0B購01,0,0,0,0,0,0,0,0,0,17000,0,0,0,28000,11000,17000,17000
4053,036064,友達群益0C購03,0,0,0,0,0,0,0,0,0,17000,0,0,0,27000,10000,17000,17000
4054,033823,富邦金統一12購01,0,0,0,0,0,0,0,0,0,17000,0,0,0,35000,18000,17000,17000
4055,034640,瑞祺元大0B購04,0,0,0,0,0,0,0,0,0,17000,0,0,0,20000,3000,17000,17000
4056,036255,南電凱基12購02,0,0,0,0,0,0,0,0,0,17000,0,0,0,21000,4000,17000,17000
4057,036272,中石化元大0C購04,0,0,0,0,0,0,0,0,0,17000,0,0,0,17000,0,17000,17000
4058,037528,大成鋼元大0C購13,0,0,0,0,0,0,0,0,0,17000,0,0,0,17000,0,17000,17000
4059,038036,榮成群益13購01,0,0,0,0,0,0,0,0,0,17000,0,0,0,98000,81000,17000,17000
4060,038696,東聯兆豐14購01,0,0,0,0,0,0,0,0,0,17000,0,0,0,27000,10000,17000,17000
4061,038673,中砂群益11購01,0,0,0,0,0,0,0,0,0,17000,0,0,0,17000,0,17000,17000
4062,038773,台達化凱基11購01,0,0,0,0,0,0,0,0,0,17000,0,0,0,17000,0,17000,17000
4063,039221,台積電麥證12購01,0,0,0,27000,10000,17000,0,0,0,17000,0,0,0,27000,10000,17000,17000
4064,040045,東陽康和11購01,0,0,0,0,0,0,0,0,0,17000,0,0,0,80000,63000,17000,17000
4065,039970,聚鼎元大12購02,0,0,0,0,0,0,0,0,0,17000,0,0,0,140000,123000,17000,17000
4066,040307,致新統一13購01,0,0,0,0,0,0,0,0,0,17000,0,0,0,17000,0,17000,17000
4067,07175P,群創凱基0B售11,0,0,0,0,0,0,0,0,0,17000,0,0,0,17000,0,17000,17000
4068,2491,吉祥全,672000,645000,27000,0,0,0,0,0,0,-10000,0,10000,-10000,0,0,0,17000
4069,1615,大山,79000,62000,17000,0,0,0,0,0,0,0,0,0,0,0,0,0,17000
4070,089630,國巨凱基13購01,0,0,0,0,0,0,0,0,0,17000,0,0,0,20000,3000,17000,17000
4071,4155,訊映,21000,4000,17000,0,0,0,0,0,0,0,0,0,0,0,0,0,17000
4072,3167,大量,197000,180000,17000,0,0,0,0,0,0,-96,0,96,-96,0,0,0,16904
4073,6582,申豐,139200,110000,29200,0,0,0,0,0,0,-13000,0,0,0,3000,16000,-13000,16200
4074,8105,凌巨,325100,309000,16100,0,0,0,0,0,0,0,0,0,0,0,0,0,16100
4075,031484,聯成元大0A購02,0,0,0,0,0,0,0,0,0,16000,0,0,0,283000,267000,16000,16000
4076,030511,嘉晶群益0A購02,0,0,0,0,0,0,0,0,0,16000,0,0,0,16000,0,16000,16000
4077,031065,聯陽元大0B購01,0,0,0,0,0,0,0,0,0,16000,0,0,0,151000,135000,16000,16000
4078,031361,長榮中信0A購03,0,0,0,0,0,0,0,0,0,16000,0,0,0,16000,0,16000,16000
4079,032018,新唐統一0C購02,0,0,0,0,0,0,0,0,0,16000,0,0,0,16000,0,16000,16000
4080,030634,致新元大0A購01,0,0,0,0,0,0,0,0,0,16000,0,0,0,130000,114000,16000,16000
4081,035992,聯電國泰12購01,0,0,0,0,0,0,0,0,0,16000,0,0,0,100000,84000,16000,16000
4082,082330,日月光統一09購02,0,0,0,0,0,0,0,0,0,16000,0,0,0,16000,0,16000,16000
4083,081234,大聯大統一0A購01,0,0,0,0,0,0,0,0,0,16000,0,0,0,16000,0,16000,16000
4084,084616,T50正2凱基0A購01,0,0,0,0,0,0,0,0,0,16000,0,0,0,20000,4000,16000,16000
4085,084245,智原統一09購01,0,0,0,0,0,0,0,0,0,16000,0,0,0,16000,0,16000,16000
4086,083746,日月光國票0A購01,0,0,0,0,0,0,0,0,0,16000,0,0,0,73000,57000,16000,16000
4087,086183,友達日盛08購01,0,0,0,0,0,0,0,0,0,16000,0,0,0,110000,94000,16000,16000
4088,086215,玉晶光富邦0A購01,0,0,0,0,0,0,0,0,0,16000,0,0,0,16000,0,16000,16000
4089,085614,亞光元大09購01,0,0,0,0,0,0,0,0,0,16000,0,0,0,43000,27000,16000,16000
4090,087705,聯電統一0A購07,0,0,0,0,0,0,0,0,0,16000,0,0,0,16000,0,16000,16000
4091,087382,國巨元大11購01,0,0,0,0,0,0,0,0,0,16000,0,0,0,34000,18000,16000,16000
4092,037488,強茂凱基0C購02,0,0,0,0,0,0,0,0,0,16000,0,0,0,16000,0,16000,16000
4093,037908,光磊凱基0C購01,0,0,0,0,0,0,0,0,0,16000,0,0,0,16000,0,16000,16000
4094,033815,燁輝統一0C購03,0,0,0,0,0,0,0,0,0,16000,0,0,0,16000,0,16000,16000
4095,033922,鴻海元大0B購11,0,0,0,0,0,0,0,0,0,16000,0,0,0,30000,14000,16000,16000
4096,033627,長榮航元富0B購02,0,0,0,0,0,0,0,0,0,16000,0,0,0,66000,50000,16000,16000
4097,034984,大成鋼群益0C購06,0,0,0,0,0,0,0,0,0,16000,0,0,0,16000,0,16000,16000
4098,033324,智原凱基0C購01,0,0,0,0,0,0,0,0,0,16000,0,0,0,16000,0,16000,16000
4099,037121,凌陽元大0C購03,0,0,0,0,0,0,0,0,0,16000,0,0,0,160000,144000,16000,16000
4100,037282,松翰康和0C購01,0,0,0,0,0,0,0,0,0,16000,0,0,0,16000,0,16000,16000
4101,06921P,彩晶中信0A售04,0,0,0,0,0,0,0,0,0,16000,0,0,0,16000,0,16000,16000
4102,06853P,上証2X元大11售01,0,0,0,0,0,0,0,0,0,16000,0,0,0,28000,12000,16000,16000
4103,07287P,群創元富0C售01,0,0,0,0,0,0,0,0,0,16000,0,0,0,16000,0,16000,16000
4104,06092P,台灣50中信09售02,0,0,0,0,0,0,0,0,0,16000,0,0,0,30000,14000,16000,16000
4105,040193,光罩凱基12購01,0,0,0,0,0,0,0,0,0,16000,0,0,0,489000,473000,16000,16000
4106,039878,開發金國泰13購01,0,0,0,0,0,0,0,0,0,16000,0,0,0,90000,74000,16000,16000
4107,039530,台光電凱基14購01,0,0,0,0,0,0,0,0,0,16000,0,0,0,16000,0,16000,16000
4108,039282,健和興永豐11購02,0,0,0,0,0,0,0,0,0,16000,0,0,0,31000,15000,16000,16000
4109,038794,南亞科群益11購01,0,0,0,0,0,0,0,0,0,16000,0,0,0,36000,20000,16000,16000
4110,039046,鉅祥群益11購01,0,0,0,0,0,0,0,0,0,16000,0,0,0,223000,207000,16000,16000
4111,038573,中纖康和12購01,0,0,0,0,0,0,0,0,0,16000,0,0,0,68000,52000,16000,16000
4112,038508,豐興永豐11購01,0,0,0,0,0,0,0,0,0,16000,0,0,0,23000,7000,16000,16000
4113,038157,大成鋼元大11購04,0,0,0,0,0,0,0,0,0,16000,0,0,0,16000,0,16000,16000
4114,6197,佳必琪,32000,16000,16000,0,0,0,0,0,0,0,0,0,0,0,0,0,16000
4115,4560,強信-KY,64000,48000,16000,0,0,0,0,0,0,0,0,0,0,0,0,0,16000
4116,2109,華豐,55000,39000,16000,0,0,0,0,0,0,0,0,0,0,0,0,0,16000
4117,2013,中鋼構,131000,103000,28000,0,0,0,0,0,0,-12000,0,0,0,8000,20000,-12000,16000
4118,089769,東鋼凱基0B購02,0,0,0,0,0,0,0,0,0,16000,0,0,0,21000,5000,16000,16000
4119,089902,興富發凱基11購02,0,0,0,0,0,0,0,0,0,16000,0,0,0,316000,300000,16000,16000
4120,089192,美律凱基12購01,0,0,0,0,0,0,0,0,0,16000,0,0,0,40000,24000,16000,16000
4121,2534,宏盛,79000,63768,15232,0,0,0,0,0,0,0,0,0,0,0,0,0,15232
4122,3416,融程電,21000,6000,15000,0,0,0,0,0,0,1,0,0,0,1,0,1,15001
4123,035594,國巨元大0C購12,0,0,0,0,0,0,0,0,0,15000,0,0,0,15000,0,15000,15000
4124,035832,聯電元大0B購08,0,0,0,0,0,0,0,0,0,15000,0,0,0,42000,27000,15000,15000
4125,030611,盟立元大0A購01,0,0,0,0,0,0,0,0,0,15000,0,0,0,15000,0,15000,15000
4126,030954,台泥元大0A購01,0,0,0,0,0,0,0,0,0,15000,0,0,0,15000,0,15000,15000
4127,030447,臺股指元大11購04,0,0,0,0,0,0,0,0,0,15000,0,0,0,108000,93000,15000,15000
4128,030167,鼎元國泰0C購01,0,0,0,0,0,0,0,0,0,15000,0,0,0,15000,0,15000,15000
4129,032661,長榮麥證0C購02,0,0,0,15000,0,15000,0,0,0,15000,0,0,0,15000,0,15000,15000
4130,032440,長榮元大0A購23,0,0,0,0,0,0,0,0,0,15000,0,0,0,15000,0,15000,15000
4131,087441,精成科元富0C購02,0,0,0,0,0,0,0,0,0,15000,0,0,0,35000,20000,15000,15000
4132,087690,華新科元大0C購03,0,0,0,0,0,0,0,0,0,15000,0,0,0,25000,10000,15000,15000
4133,087793,美利達永豐09購01,0,0,0,0,0,0,0,0,0,15000,0,0,0,15000,0,15000,15000
4134,087838,日月光凱基09購06,0,0,0,0,0,0,0,0,0,15000,0,0,0,15000,0,15000,15000
4135,086666,惠特國票0A購01,0,0,0,0,0,0,0,0,0,15000,0,0,0,15000,0,15000,15000
4136,087230,臺股指凱基09購23,0,0,0,0,0,0,0,0,0,15000,0,0,0,30000,15000,15000,15000
4137,087173,同欣電統一09購05,0,0,0,0,0,0,0,0,0,15000,0,0,0,30000,15000,15000,15000
4138,085169,牧德凱基08購01,0,0,0,0,0,0,0,0,0,15000,0,0,0,15000,0,15000,15000
4139,086159,立隆電元大09購01,0,0,0,0,0,0,0,0,0,15000,0,0,0,15000,0,15000,15000
4140,086229,晶技統一0A購02,0,0,0,0,0,0,0,0,0,15000,0,0,0,15000,0,15000,15000
4141,083805,大立光元富0A購03,0,0,0,0,0,0,0,0,0,15000,0,0,0,55000,40000,15000,15000
4142,083446,臻鼎凱基09購01,0,0,0,0,0,0,0,0,0,15000,0,0,0,50000,35000,15000,15000
4143,083498,同欣電元富08購02,0,0,0,0,0,0,0,0,0,15000,0,0,0,15000,0,15000,15000
4144,083930,可成中信09購01,0,0,0,0,0,0,0,0,0,15000,0,0,0,35000,20000,15000,15000
4145,084690,鴻海統一0A購12,0,0,0,0,0,0,0,0,0,15000,0,0,0,15000,0,15000,15000
4146,084759,安集元大0A購01,0,0,0,0,0,0,0,0,0,15000,0,0,0,15000,0,15000,15000
4147,084801,旺宏群益0A購01,0,0,0,0,0,0,0,0,0,15000,0,0,0,20000,5000,15000,15000
4148,081424,大銀群益09購01,0,0,0,0,0,0,0,0,0,15000,0,0,0,15000,0,15000,15000
4149,07605P,臺股指元大11售12,0,0,0,0,0,0,0,0,0,15000,0,0,0,46000,31000,15000,15000
4150,07417P,長榮航元富0C售04,0,0,0,0,0,0,0,0,0,15000,0,0,0,48000,33000,15000,15000
4151,080914,長榮凱基0B購01,0,0,0,0,0,0,0,0,0,15000,0,0,0,15000,0,15000,15000
4152,081058,精誠國票0A購01,0,0,0,0,0,0,0,0,0,15000,0,0,0,15000,0,15000,15000
4153,088803,鴻海元大0C購05,0,0,0,0,0,0,0,0,0,15000,0,0,0,15000,0,15000,15000
4154,088158,華城元大09購01,0,0,0,0,0,0,0,0,0,15000,0,0,0,15000,0,15000,15000
4155,088129,晶豪科凱基0B購01,0,0,0,0,0,0,0,0,0,15000,0,0,0,22000,7000,15000,15000
4156,088085,精英元富0A購01,0,0,0,0,0,0,0,0,0,15000,0,0,0,15000,0,15000,15000
4157,037259,台光電中信0C購02,0,0,0,0,0,0,0,0,0,15000,0,0,0,15000,0,15000,15000
4158,037315,興勤凱基0C購01,0,0,0,0,0,0,0,0,0,15000,0,0,0,23000,8000,15000,15000
4159,037412,瀚宇博元富11購01,0,0,0,0,0,0,0,0,0,15000,0,0,0,15000,0,15000,15000
4160,037428,嘉聯益國票0C購01,0,0,0,0,0,0,0,0,0,15000,0,0,0,23000,8000,15000,15000
4161,037026,台光電元大11購01,0,0,0,0,0,0,0,0,0,15000,0,0,0,48000,33000,15000,15000
4162,036769,華邦電富邦13購01,0,0,0,0,0,0,0,0,0,15000,0,0,0,42000,27000,15000,15000
4163,036748,聯詠元大0C購09,0,0,0,0,0,0,0,0,0,15000,0,0,0,15000,0,15000,15000
4164,036892,聯電元大12購01,0,0,0,0,0,0,0,0,0,15000,0,0,0,32000,17000,15000,15000
4165,036288,台積電元大13購01,0,0,0,0,0,0,0,0,0,15000,0,0,0,15000,0,15000,15000
4166,036432,圓剛凱基0C購01,0,0,0,0,0,0,0,0,0,15000,0,0,0,90000,75000,15000,15000
4167,036487,聯詠麥證0C購01,0,0,0,30000,45000,-15000,0,0,0,15000,0,0,0,60000,45000,15000,15000
4168,033977,聯詠凱基0B購03,0,0,0,0,0,0,0,0,0,15000,0,0,0,115000,100000,15000,15000
4169,035493,旺宏國泰13購01,0,0,0,0,0,0,0,0,0,15000,0,0,0,58000,43000,15000,15000
4170,035291,萬海國票11購02,0,0,0,0,0,0,0,0,0,15000,0,0,0,20000,5000,15000,15000
4171,036105,臺股指元大0C購35,0,0,0,0,0,0,0,0,0,15000,0,0,0,15000,0,15000,15000
4172,033882,美律元富0B購02,0,0,0,0,0,0,0,0,0,15000,0,0,0,81000,66000,15000,15000
4173,034685,中鋼群益0B購13,0,0,0,0,0,0,0,0,0,15000,0,0,0,15000,0,15000,15000
4174,034411,華新統一11購03,0,0,0,0,0,0,0,0,0,15000,0,0,0,20000,5000,15000,15000
4175,034861,嘉晶元大0C購04,0,0,0,0,0,0,0,0,0,15000,0,0,0,20000,5000,15000,15000
4176,034870,矽創元大0B購06,0,0,0,0,0,0,0,0,0,15000,0,0,0,45000,30000,15000,15000
4177,034815,南亞科群益0B購07,0,0,0,0,0,0,0,0,0,15000,0,0,0,19000,4000,15000,15000
4178,036014,矽創凱基0C購02,0,0,0,0,0,0,0,0,0,15000,0,0,0,55000,40000,15000,15000
4179,038140,台積電群益11購07,0,0,0,0,0,0,0,0,0,15000,0,0,0,15000,0,15000,15000
4180,038096,鴻海中信15購01,0,0,0,0,0,0,0,0,0,15000,0,0,0,33000,18000,15000,15000
4181,038342,大成鋼元富11購01,0,0,0,0,0,0,0,0,0,15000,0,0,0,20000,5000,15000,15000
4182,038688,玉晶光群益11購04,0,0,0,0,0,0,0,0,0,15000,0,0,0,55000,40000,15000,15000
4183,039071,聯電元大11購07,0,0,0,0,0,0,0,0,0,15000,0,0,0,40000,25000,15000,15000
4184,039072,宏碁元大14購01,0,0,0,0,0,0,0,0,0,15000,0,0,0,15000,0,15000,15000
4185,038769,台灣50凱基12購02,0,0,0,0,0,0,0,0,0,15000,0,0,0,15000,0,15000,15000
4186,039442,盛群元大11購01,0,0,0,0,0,0,0,0,0,15000,0,0,0,30000,15000,15000,15000
4187,039228,第一銅國票11購01,0,0,0,0,0,0,0,0,0,15000,0,0,0,19000,4000,15000,15000
4188,039248,億光國泰13購01,0,0,0,0,0,0,0,0,0,15000,0,0,0,74000,59000,15000,15000
4189,039564,華通元富11購01,0,0,0,0,0,0,0,0,0,15000,0,0,0,15000,0,15000,15000
4190,039653,嘉晶凱基12購01,0,0,0,0,0,0,0,0,0,15000,0,0,0,15000,0,15000,15000
4191,039924,東陽凱基11購01,0,0,0,0,0,0,0,0,0,15000,0,0,0,15000,0,15000,15000
4192,06204P,廣宇國票09售01,0,0,0,0,0,0,0,0,0,15000,0,0,0,16000,1000,15000,15000
4193,06707P,臺股指元大09售16,0,0,0,0,0,0,0,0,0,15000,0,0,0,15000,0,15000,15000
4194,06697P,大立光群益0A售02,0,0,0,0,0,0,0,0,0,15000,0,0,0,15000,0,15000,15000
4195,07331P,臺股指凱基0C售35,0,0,0,0,0,0,0,0,0,15000,0,0,0,15000,0,15000,15000
4196,06762P,玉晶光台新0A售01,0,0,0,0,0,0,0,0,0,15000,0,0,0,15000,0,15000,15000
4197,06774P,臺股指群益0A售05,0,0,0,0,0,0,0,0,0,15000,0,0,0,15000,0,15000,15000
4198,06933P,中鋼中信0A售06,0,0,0,0,0,0,0,0,0,15000,0,0,0,15000,0,15000,15000
4199,089491,台積電元富0C購21,0,0,0,0,0,0,0,0,0,15000,0,0,0,15000,0,15000,15000
4200,089537,矽創元大09購07,0,0,0,0,0,0,0,0,0,15000,0,0,0,15000,0,15000,15000
4201,089541,臺股指元大09購21,0,0,0,0,0,0,0,0,0,15000,0,0,0,20000,5000,15000,15000
4202,031927,台聚元富11購02,0,0,0,0,0,0,0,0,0,14000,0,0,0,19000,5000,14000,14000
4203,032092,聚陽永豐0A購01,0,0,0,0,0,0,0,0,0,14000,0,0,0,64000,50000,14000,14000
4204,032131,春源凱基14購01,0,0,0,0,0,0,0,0,0,14000,0,0,0,712000,698000,14000,14000
4205,031747,華碩凱基11購02,0,0,0,0,0,0,0,0,0,14000,0,0,0,14000,0,14000,14000
4206,032341,新光金群益0C購01,0,0,0,0,0,0,0,0,0,14000,0,0,0,34000,20000,14000,14000
4207,032536,長榮凱基12購02,0,0,0,0,0,0,0,0,0,14000,0,0,0,14000,0,14000,14000
4208,032268,玉晶光元大0C購02,0,0,0,0,0,0,0,0,0,14000,0,0,0,43000,29000,14000,14000
4209,033037,光罩兆豐0B購01,0,0,0,0,0,0,0,0,0,14000,0,0,0,40000,26000,14000,14000
4210,030205,超豐凱基0A購01,0,0,0,0,0,0,0,0,0,14000,0,0,0,127000,113000,14000,14000
4211,030927,友達群益0A購03,0,0,0,0,0,0,0,0,0,14000,0,0,0,34000,20000,14000,14000
4212,030991,申豐元大0C購01,0,0,0,0,0,0,0,0,0,14000,0,0,0,14000,0,14000,14000
4213,033098,可成元富0A購01,0,0,0,0,0,0,0,0,0,14000,0,0,0,14000,0,14000,14000
4214,035898,奇鋐國泰12購01,0,0,0,0,0,0,0,0,0,14000,0,0,0,17000,3000,14000,14000
4215,035584,中石化元大0B購05,0,0,0,0,0,0,0,0,0,14000,0,0,0,14000,0,14000,14000
4216,084039,聯詠元富0A購01,0,0,0,0,0,0,0,0,0,14000,0,0,0,14000,0,14000,14000
4217,083241,大立光群益08購02,0,0,0,0,0,0,0,0,0,14000,0,0,0,14000,0,14000,14000
4218,085789,友達元大0A購01,0,0,0,0,0,0,0,0,0,14000,0,0,0,14000,0,14000,14000
4219,087229,南電凱基09購08,0,0,0,0,0,0,0,0,0,14000,0,0,0,20000,6000,14000,14000
4220,087717,晶豪科統一0B購05,0,0,0,0,0,0,0,0,0,14000,0,0,0,14000,0,14000,14000
4221,087641,申豐凱基0B購01,0,0,0,0,0,0,0,0,0,14000,0,0,0,26000,12000,14000,14000
4222,034896,大立光凱基0B購04,0,0,0,0,0,0,0,0,0,14000,0,0,0,14000,0,14000,14000
4223,034901,新纖元大0B購04,0,0,0,0,0,0,0,0,0,14000,0,0,0,14000,0,14000,14000
4224,034438,華通凱基0B購02,0,0,0,0,0,0,0,0,0,14000,0,0,0,18000,4000,14000,14000
4225,034736,長榮元大0B購11,0,0,0,0,0,0,0,0,0,14000,0,0,0,14000,0,14000,14000
4226,036274,榮成元大0C購02,0,0,0,0,0,0,0,0,0,14000,0,0,0,14000,0,14000,14000
4227,033895,大成鋼統一0B購06,0,0,0,0,0,0,0,0,0,14000,0,0,0,324000,310000,14000,14000
4228,033638,中鋼麥證0C購02,0,0,0,14000,0,14000,0,0,0,14000,0,0,0,14000,0,14000,14000
4229,033624,鴻準元富0B購02,0,0,0,0,0,0,0,0,0,14000,0,0,0,14000,0,14000,14000
4230,035294,聯詠國票0C購01,0,0,0,0,0,0,0,0,0,14000,0,0,0,97000,83000,14000,14000
4231,03506B,臺股指元大0B熊15,0,0,0,0,0,0,0,0,0,14000,0,0,0,16000,2000,14000,14000
4232,034198,立隆電元大0B購01,0,0,0,0,0,0,0,0,0,14000,0,0,0,24000,10000,14000,14000
4233,036630,金像電凱基11購01,0,0,0,0,0,0,0,0,0,14000,0,0,0,106000,92000,14000,14000
4234,036600,欣興永豐0C購02,0,0,0,0,0,0,0,0,0,14000,0,0,0,14000,0,14000,14000
4235,036818,華擎元富13購01,0,0,0,0,0,0,0,0,0,14000,0,0,0,62000,48000,14000,14000
4236,037076,台積電群益0C購12,0,0,0,0,0,0,0,0,0,14000,0,0,0,38000,24000,14000,14000
4237,06981P,中鋼元大0A售18,0,0,0,0,0,0,0,0,0,14000,0,0,0,88000,74000,14000,14000
4238,06923P,長榮凱基0A售18,0,0,0,0,0,0,0,0,0,14000,0,0,0,14000,0,14000,14000
4239,06722P,滬深2X元富09售14,0,0,0,0,0,0,0,0,0,14000,0,0,0,19000,5000,14000,14000
4240,06345P,台灣50元大08售09,0,0,0,0,0,0,0,0,0,14000,0,0,0,14000,0,14000,14000
4241,040305,晶心科統一13購01,0,0,0,0,0,0,0,0,0,14000,0,0,0,14000,0,14000,14000
4242,039641,明泰永豐11購01,0,0,0,0,0,0,0,0,0,14000,0,0,0,14000,0,14000,14000
4243,039677,華邦電康和11購04,0,0,0,0,0,0,0,0,0,14000,0,0,0,90000,76000,14000,14000
4244,039439,祥碩元大11購04,0,0,0,0,0,0,0,0,0,14000,0,0,0,69000,55000,14000,14000
4245,039291,長華永豐11購01,0,0,0,0,0,0,0,0,0,14000,0,0,0,15000,1000,14000,14000
4246,038846,矽創麥證12購01,0,0,0,24000,10000,14000,0,0,0,14000,0,0,0,24000,10000,14000,14000
4247,038336,達邁凱基14購01,0,0,0,0,0,0,0,0,0,14000,0,0,0,15000,1000,14000,14000
4248,038132,喬山群益13購01,0,0,0,0,0,0,0,0,0,14000,0,0,0,14000,0,14000,14000
4249,089894,大亞凱基0A購01,0,0,0,0,0,0,0,0,0,14000,0,0,0,16000,2000,14000,14000
4250,2748,雲品,19000,5000,14000,0,0,0,0,0,0,0,0,0,0,0,0,0,14000
4251,9925,新保,20000,6000,14000,0,0,0,0,0,0,0,0,0,0,0,0,0,14000
4252,035577,國泰金康和0B購02,0,0,0,0,0,0,0,0,0,13000,0,0,0,83000,70000,13000,13000
4253,030679,台達化兆豐0A購01,0,0,0,0,0,0,0,0,0,13000,0,0,0,13000,0,13000,13000
4254,030897,春源凱基0A購01,0,0,0,0,0,0,0,0,0,13000,0,0,0,20000,7000,13000,13000
4255,030020,日勝生康和0A購01,0,0,0,0,0,0,0,0,0,13000,0,0,0,23000,10000,13000,13000
4256,030031,松翰統一0B購02,0,0,0,0,0,0,0,0,0,13000,0,0,0,13000,0,13000,13000
4257,031228,臺股指凱基0C購24,0,0,0,0,0,0,0,0,0,13000,0,0,0,43000,30000,13000,13000
4258,033035,欣興群益0B購01,0,0,0,0,0,0,0,0,0,13000,0,0,0,13000,0,13000,13000
4259,032955,台橡元大0C購01,0,0,0,0,0,0,0,0,0,13000,0,0,0,13000,0,13000,13000
4260,032766,華新元大0C購01,0,0,0,0,0,0,0,0,0,13000,0,0,0,18000,5000,13000,13000
4261,031928,華夏元富0A購01,0,0,0,0,0,0,0,0,0,13000,0,0,0,13000,0,13000,13000
4262,087860,臺股指國票09購24,0,0,0,0,0,0,0,0,0,13000,0,0,0,131000,118000,13000,13000
4263,084961,同欣電凱基08購04,0,0,0,0,0,0,0,0,0,13000,0,0,0,13000,0,13000,13000
4264,085261,盛群國泰0A購01,0,0,0,0,0,0,0,0,0,13000,0,0,0,13000,0,13000,13000
4265,085728,祥碩中信08購01,0,0,0,0,0,0,0,0,0,13000,0,0,0,28000,15000,13000,13000
4266,081370,台積電日盛08購01,0,0,0,0,0,0,0,0,0,13000,0,0,0,13000,0,13000,13000
4267,080883,聯發科中信09購02,0,0,0,0,0,0,0,0,0,13000,0,0,0,13000,0,13000,13000
4268,07395P,群創元富0C售06,0,0,0,0,0,0,0,0,0,13000,0,0,0,13000,0,13000,13000
4269,036960,台橡國泰12購01,0,0,0,0,0,0,0,0,0,13000,0,0,0,13000,0,13000,13000
4270,036305,愛普元大0C購05,0,0,0,0,0,0,0,0,0,13000,0,0,0,23000,10000,13000,13000
4271,034199,開發金元大0B購03,0,0,0,0,0,0,0,0,0,13000,0,0,0,20000,7000,13000,13000
4272,035366,萬海統一11購05,0,0,0,0,0,0,0,0,0,13000,0,0,0,48000,35000,13000,13000
4273,033875,臺股指群益0B購01,0,0,0,0,0,0,0,0,0,13000,0,0,0,27000,14000,13000,13000
4274,038086,燁輝永豐11購01,0,0,0,0,0,0,0,0,0,13000,0,0,0,78000,65000,13000,13000
4275,038011,永冠凱基13購01,0,0,0,0,0,0,0,0,0,13000,0,0,0,13000,0,13000,13000
4276,038218,允強國泰13購02,0,0,0,0,0,0,0,0,0,13000,0,0,0,275000,262000,13000,13000
4277,038400,豐興凱基11購01,0,0,0,0,0,0,0,0,0,13000,0,0,0,26000,13000,13000,13000
4278,038683,創見群益11購01,0,0,0,0,0,0,0,0,0,13000,0,0,0,13000,0,13000,13000
4279,039692,正崴群益12購01,0,0,0,0,0,0,0,0,0,13000,0,0,0,33000,20000,13000,13000
4280,039892,欣興康和11購02,0,0,0,0,0,0,0,0,0,13000,0,0,0,243000,230000,13000,13000
4281,039549,正崴元大12購01,0,0,0,0,0,0,0,0,0,13000,0,0,0,213000,200000,13000,13000
4282,040036,香港2X元富17購01,0,0,0,0,0,0,0,0,0,13000,0,0,0,40000,27000,13000,13000
4283,040373,友達兆豐13購01,0,0,0,0,0,0,0,0,0,13000,0,0,0,13000,0,13000,13000
4284,040438,和桐國票13購01,0,0,0,0,0,0,0,0,0,13000,0,0,0,13000,0,13000,13000
4285,07233P,聯詠凱基0B售06,0,0,0,0,0,0,0,0,0,13000,0,0,0,13000,0,13000,13000
4286,2881B,富邦金乙特,0,0,0,0,0,0,0,0,0,13000,70000,57000,13000,0,0,0,13000
4287,2524,京城,15000,2000,13000,0,0,0,0,0,0,0,0,0,0,0,0,0,13000
4288,1256,鮮活果汁-KY,17000,4000,13000,0,0,0,0,0,0,0,0,0,0,0,0,0,13000
4289,089252,凌陽統一0B購02,0,0,0,0,0,0,0,0,0,13000,0,0,0,20000,7000,13000,13000
4290,089454,台積電統一15購01,0,0,0,0,0,0,0,0,0,13000,0,0,0,14000,1000,13000,13000
4291,089127,台達化元大0B購01,0,0,0,0,0,0,0,0,0,13000,0,0,0,13000,0,13000,13000
4292,6669,緯穎,312523,170686,141837,0,0,0,0,115000,-115000,-13992,14000,13992,8,0,14000,-14000,12845
4293,00713,元大台灣高息低波,2000,2000,0,0,0,0,0,0,0,12771,0,0,0,13771,1000,12771,12771
4294,00680L,元大美債20正2,0,6000,-6000,0,0,0,0,0,0,18000,0,0,0,18000,0,18000,12000
4295,00653L,富邦印度正2,10000,5000,5000,0,0,0,0,0,0,7000,0,0,0,19000,12000,7000,12000
4296,031264,大亞統一0C購01,0,0,0,0,0,0,0,0,0,12000,0,0,0,103000,91000,12000,12000
4297,030955,台泥元大0B購01,0,0,0,0,0,0,0,0,0,12000,0,0,0,69000,57000,12000,12000
4298,031116,緯穎群益0A購01,0,0,0,0,0,0,0,0,0,12000,0,0,0,32000,20000,12000,12000
4299,030366,揚明光群益0A購01,0,0,0,0,0,0,0,0,0,12000,0,0,0,46000,34000,12000,12000
4300,031871,燁輝凱基0C購01,0,0,0,0,0,0,0,0,0,12000,0,0,0,12000,0,12000,12000
4301,032783,長榮元大0C購08,0,0,0,0,0,0,0,0,0,12000,0,0,0,12000,0,12000,12000
4302,032514,台航永豐0A購05,0,0,0,0,0,0,0,0,0,12000,0,0,0,12000,0,12000,12000
4303,032711,東鋼群益0C購01,0,0,0,0,0,0,0,0,0,12000,0,0,0,67000,55000,12000,12000
4304,032629,允強統一0C購01,0,0,0,0,0,0,0,0,0,12000,0,0,0,12000,0,12000,12000
4305,031624,瑞昱統一0A購04,0,0,0,0,0,0,0,0,0,12000,0,0,0,12000,0,12000,12000
4306,034329,台橡群益0B購01,0,0,0,0,0,0,0,0,0,12000,0,0,0,12000,0,12000,12000
4307,035973,愛普元大0C購04,0,0,0,0,0,0,0,0,0,12000,0,0,0,52000,40000,12000,12000
4308,07596P,臺股指群益11售19,0,0,0,0,0,0,0,0,0,12000,0,0,0,12000,0,12000,12000
4309,07530P,景碩群益11售03,0,0,0,0,0,0,0,0,0,12000,0,0,0,12000,0,12000,12000
4310,081055,潤泰全國票08購01,0,0,0,0,0,0,0,0,0,12000,0,0,0,12000,0,12000,12000
4311,077941,大成鋼統一08購01,0,0,0,0,0,0,0,0,0,12000,0,0,0,12000,0,12000,12000
4312,081995,愛普元大08購02,0,0,0,0,0,0,0,0,0,12000,0,0,0,12000,0,12000,12000
4313,084681,安集國泰0A購02,0,0,0,0,0,0,0,0,0,12000,0,0,0,12000,0,12000,12000
4314,085118,亞光元大08購01,0,0,0,0,0,0,0,0,0,12000,0,0,0,21000,9000,12000,12000
4315,086166,聯詠元大08購08,0,0,0,0,0,0,0,0,0,12000,0,0,0,12000,0,12000,12000
4316,086272,南電永豐09購01,0,0,0,0,0,0,0,0,0,12000,0,0,0,12000,0,12000,12000
4317,086506,義隆麥證09購01,0,0,0,17000,5000,12000,0,0,0,12000,0,0,0,17000,5000,12000,12000
4318,087885,新光金元大0B購02,0,0,0,0,0,0,0,0,0,12000,0,0,0,12000,0,12000,12000
4319,087926,國巨統一0B購03,0,0,0,0,0,0,0,0,0,12000,0,0,0,12000,0,12000,12000
4320,087394,華新科元大11購03,0,0,0,0,0,0,0,0,0,12000,0,0,0,12000,0,12000,12000
4321,087194,台積電麥證11購01,0,0,0,92000,80000,12000,0,0,0,12000,0,0,0,92000,80000,12000,12000
4322,086727,華邦電康和09購01,0,0,0,0,0,0,0,0,0,12000,0,0,0,380000,368000,12000,12000
4323,086709,微星元大09購02,0,0,0,0,0,0,0,0,0,12000,0,0,0,12000,0,12000,12000
4324,086764,榮成凱基09購01,0,0,0,0,0,0,0,0,0,12000,0,0,0,40000,28000,12000,12000
4325,088176,南電元大0C購02,0,0,0,0,0,0,0,0,0,12000,0,0,0,201000,189000,12000,12000
4326,033919,和桐元大0B購02,0,0,0,0,0,0,0,0,0,12000,0,0,0,12000,0,12000,12000
4327,033442,智原元大0B購03,0,0,0,0,0,0,0,0,0,12000,0,0,0,12000,0,12000,12000
4328,033408,南亞科第一15購01,0,0,0,0,0,0,0,0,0,12000,0,0,0,12000,0,12000,12000
4329,033382,台揚元大0B購02,0,0,0,0,0,0,0,0,0,12000,0,0,0,127000,115000,12000,12000
4330,034422,萬海統一11購04,0,0,0,0,0,0,0,0,0,12000,0,0,0,74000,62000,12000,12000
4331,034388,國泰金元大0C購03,0,0,0,0,0,0,0,0,0,12000,0,0,0,12000,0,12000,12000
4332,035220,中鋼國泰11購03,0,0,0,0,0,0,0,0,0,12000,0,0,0,12000,0,12000,12000
4333,034892,國喬凱基0B購03,0,0,0,0,0,0,0,0,0,12000,0,0,0,12000,0,12000,12000
4334,036488,國喬富邦0C購01,0,0,0,0,0,0,0,0,0,12000,0,0,0,20000,8000,12000,12000
4335,036849,可成凱基0C購01,0,0,0,0,0,0,0,0,0,12000,0,0,0,22000,10000,12000,12000
4336,036741,億光元大0C購01,0,0,0,0,0,0,0,0,0,12000,0,0,0,234000,222000,12000,12000
4337,037939,榮運元富0C購03,0,0,0,0,0,0,0,0,0,12000,0,0,0,12000,0,12000,12000
4338,037691,同欣電元大0C購02,0,0,0,0,0,0,0,0,0,12000,0,0,0,32000,20000,12000,12000
4339,06433P,鴻海元大09售11,0,0,0,0,0,0,0,0,0,12000,0,0,0,61000,49000,12000,12000
4340,039991,嘉晶國票12購02,0,0,0,0,0,0,0,0,0,12000,0,0,0,12000,0,12000,12000
4341,039936,大立光凱基13購04,0,0,0,0,0,0,0,0,0,12000,0,0,0,12000,0,12000,12000
4342,039972,台郡元大15購01,0,0,0,0,0,0,0,0,0,12000,0,0,0,143000,131000,12000,12000
4343,039873,華碩國泰13購02,0,0,0,0,0,0,0,0,0,12000,0,0,0,52000,40000,12000,12000
4344,039851,中壽國票12購01,0,0,0,0,0,0,0,0,0,12000,0,0,0,12000,0,12000,12000
4345,039688,新光鋼群益12購01,0,0,0,0,0,0,0,0,0,12000,0,0,0,184000,172000,12000,12000
4346,038360,台船麥證11購01,0,0,0,12000,0,12000,0,0,0,12000,0,0,0,12000,0,12000,12000
4347,038169,正文元大11購01,0,0,0,0,0,0,0,0,0,12000,0,0,0,35000,23000,12000,12000
4348,038726,偉詮電元大11購03,0,0,0,0,0,0,0,0,0,12000,0,0,0,146000,134000,12000,12000
4349,8210,勤誠,20000,8000,12000,0,0,0,0,0,0,0,0,0,0,0,0,0,12000
4350,089103,彩晶日盛09購01,0,0,0,0,0,0,0,0,0,12000,0,0,0,12000,0,12000,12000
4351,089070,京元電凱基09購01,0,0,0,0,0,0,0,0,0,12000,0,0,0,19000,7000,12000,12000
4352,089182,台達化凱基0A購01,0,0,0,0,0,0,0,0,0,12000,0,0,0,12000,0,12000,12000
4353,089946,南帝富邦0A購01,0,0,0,0,0,0,0,0,0,12000,0,0,0,40000,28000,12000,12000
4354,089815,群創群益0B購04,0,0,0,0,0,0,0,0,0,12000,0,0,0,120000,108000,12000,12000
4355,089775,英業達凱基13購02,0,0,0,0,0,0,0,0,0,12000,0,0,0,12000,0,12000,12000
4356,2486,一詮,3418000,3416000,2000,0,0,0,0,0,0,10000,60000,50000,10000,0,0,0,12000
4357,2433,互盛電,13000,1000,12000,0,0,0,0,0,0,0,0,0,0,0,0,0,12000
4358,2373,震旦行,36000,24000,12000,0,0,0,0,0,0,0,0,0,0,0,0,0,12000
4359,1471,首利,79000,67000,12000,0,0,0,0,0,0,0,0,0,0,0,0,0,12000
4360,9103,美德醫療-DR,105900,90000,15900,0,0,0,0,0,0,-4000,0,0,0,0,4000,-4000,11900
4361,8341,日友,99000,87300,11700,0,0,0,0,0,0,0,0,0,0,0,0,0,11700
4362,035964,台積電元大0C購15,0,0,0,0,0,0,0,0,0,11000,0,0,0,11000,0,11000,11000
4363,035616,亞聚國票0C購02,0,0,0,0,0,0,0,0,0,11000,0,0,0,11000,0,11000,11000
4364,035610,世紀鋼元大12購01,0,0,0,0,0,0,0,0,0,11000,0,0,0,16000,5000,11000,11000
4365,035892,祥碩國票12購01,0,0,0,0,0,0,0,0,0,11000,0,0,0,87000,76000,11000,11000
4366,035850,燁輝統一0B購04,0,0,0,0,0,0,0,0,0,11000,0,0,0,11000,0,11000,11000
4367,033502,智原統一13購01,0,0,0,0,0,0,0,0,0,11000,0,0,0,11000,0,11000,11000
4368,033470,偉詮電凱基0B購01,0,0,0,0,0,0,0,0,0,11000,0,0,0,243000,232000,11000,11000
4369,032717,長榮群益0B購08,0,0,0,0,0,0,0,0,0,11000,0,0,0,11000,0,11000,11000
4370,032224,萬海統一12購01,0,0,0,0,0,0,0,0,0,11000,0,0,0,11000,0,11000,11000
4371,031739,華榮凱基12購01,0,0,0,0,0,0,0,0,0,11000,0,0,0,208000,197000,11000,11000
4372,030267,宏全永豐0A購01,0,0,0,0,0,0,0,0,0,11000,0,0,0,11000,0,11000,11000
4373,030582,捷敏元富0A購01,0,0,0,0,0,0,0,0,0,11000,0,0,0,21000,10000,11000,11000
4374,030095,圓剛永豐0A購01,0,0,0,0,0,0,0,0,0,11000,0,0,0,11000,0,11000,11000
4375,030231,威鋒電凱基12購01,0,0,0,0,0,0,0,0,0,11000,0,0,0,758000,747000,11000,11000
4376,088343,智易元大09購02,0,0,0,0,0,0,0,0,0,11000,0,0,0,11000,0,11000,11000
4377,088646,瑞昱富邦09購01,0,0,0,0,0,0,0,0,0,11000,0,0,0,11000,0,11000,11000
4378,086915,美德醫凱基09購01,0,0,0,0,0,0,0,0,0,11000,0,0,0,11000,0,11000,11000
4379,086668,可成國泰0B購01,0,0,0,0,0,0,0,0,0,11000,0,0,0,11000,0,11000,11000
4380,087195,宏碁麥證0A購01,0,0,0,317000,9000,308000,0,0,0,11000,0,0,0,317000,306000,11000,11000
4381,085119,群創元大0B購01,0,0,0,0,0,0,0,0,0,11000,0,0,0,28000,17000,11000,11000
4382,085506,乙盛凱基08購02,0,0,0,0,0,0,0,0,0,11000,0,0,0,11000,0,11000,11000
4383,084034,聯發科元富11購02,0,0,0,0,0,0,0,0,0,11000,0,0,0,11000,0,11000,11000
4384,082487,台積電統一09購03,0,0,0,0,0,0,0,0,0,11000,0,0,0,23000,12000,11000,11000
4385,07545P,T50正2富邦13售01,0,0,0,0,0,0,0,0,0,11000,0,0,0,11000,0,11000,11000
4386,07412P,聯發科群益12售02,0,0,0,0,0,0,0,0,0,11000,0,0,0,11000,0,11000,11000
4387,037805,華新科元大0C購05,0,0,0,0,0,0,0,0,0,11000,0,0,0,11000,0,11000,11000
4388,037644,光罩麥證11購01,0,0,0,25000,0,25000,0,0,0,11000,0,0,0,25000,14000,11000,11000
4389,037877,亞德客中信0C購01,0,0,0,0,0,0,0,0,0,11000,0,0,0,11000,0,11000,11000
4390,036781,王品統一11購01,0,0,0,0,0,0,0,0,0,11000,0,0,0,11000,0,11000,11000
4391,036585,台玻國泰12購02,0,0,0,0,0,0,0,0,0,11000,0,0,0,123000,112000,11000,11000
4392,036445,東聯元富12購01,0,0,0,0,0,0,0,0,0,11000,0,0,0,11000,0,11000,11000
4393,034879,東鋼群益0B購04,0,0,0,0,0,0,0,0,0,11000,0,0,0,28000,17000,11000,11000
4394,034446,台橡國泰11購01,0,0,0,0,0,0,0,0,0,11000,0,0,0,11000,0,11000,11000
4395,034976,華新科麥證0C購01,0,0,0,11000,0,11000,0,0,0,11000,0,0,0,11000,0,11000,11000
4396,036036,裕民統一12購02,0,0,0,0,0,0,0,0,0,11000,0,0,0,38000,27000,11000,11000
4397,033696,神達元大0B購01,0,0,0,0,0,0,0,0,0,11000,0,0,0,11000,0,11000,11000
4398,033670,燁輝台新0B購01,0,0,0,0,0,0,0,0,0,11000,0,0,0,11000,0,11000,11000
4399,033896,大成鋼統一12購02,0,0,0,0,0,0,0,0,0,11000,0,0,0,11000,0,11000,11000
4400,035480,榮成群益0B購01,0,0,0,0,0,0,0,0,0,11000,0,0,0,11000,0,11000,11000
4401,035056,聯電國泰11購04,0,0,0,0,0,0,0,0,0,11000,0,0,0,143000,132000,11000,11000
4402,035028,祥碩凱基0C購03,0,0,0,0,0,0,0,0,0,11000,0,0,0,24000,13000,11000,11000
4403,038263,大立光凱基11購02,0,0,0,0,0,0,0,0,0,11000,0,0,0,13000,2000,11000,11000
4404,038071,敬鵬元富0C購01,0,0,0,0,0,0,0,0,0,11000,0,0,0,22000,11000,11000,11000
4405,038428,卜蜂元大12購01,0,0,0,0,0,0,0,0,0,11000,0,0,0,22000,11000,11000,11000
4406,039659,潤泰新凱基11購01,0,0,0,0,0,0,0,0,0,11000,0,0,0,11000,0,11000,11000
4407,039571,聚鼎元富11購02,0,0,0,0,0,0,0,0,0,11000,0,0,0,40000,29000,11000,11000
4408,039626,致新元大11購02,0,0,0,0,0,0,0,0,0,11000,0,0,0,68000,57000,11000,11000
4409,039993,松翰國票11購01,0,0,0,0,0,0,0,0,0,11000,0,0,0,30000,19000,11000,11000
4410,040155,瑞昱元大14購01,0,0,0,0,0,0,0,0,0,11000,0,0,0,61000,50000,11000,11000
4411,06240P,亞德客元大08售02,0,0,0,0,0,0,0,0,0,11000,0,0,0,11000,0,11000,11000
4412,040393,聯電元富12購01,0,0,0,0,0,0,0,0,0,11000,0,0,0,79000,68000,11000,11000
4413,06887P,臺股指群益0A售17,0,0,0,0,0,0,0,0,0,11000,0,0,0,251000,240000,11000,11000
4414,6743,安普新,27000,15000,12000,0,0,0,0,0,0,-1000,0,0,0,0,1000,-1000,11000
4415,089458,長榮統一13購02,0,0,0,0,0,0,0,0,0,11000,0,0,0,13000,2000,11000,11000
4416,089342,國巨元大09購05,0,0,0,0,0,0,0,0,0,11000,0,0,0,11000,0,11000,11000
4417,030147,界霖凱基12購01,0,0,0,0,0,0,0,0,0,10000,0,0,0,10000,0,10000,10000
4418,030097,聯發科永豐0B購01,0,0,0,0,0,0,0,0,0,10000,0,0,0,10000,0,10000,10000
4419,030091,泰豐永豐0A購01,0,0,0,0,0,0,0,0,0,10000,0,0,0,10000,0,10000,10000
4420,030078,嘉晶群益0A購01,0,0,0,0,0,0,0,0,0,10000,0,0,0,10000,0,10000,10000
4421,020011,統一微波高息20N,0,0,0,0,0,0,0,0,0,10000,0,0,0,10000,0,10000,10000
4422,030003,景碩中信0B購01,0,0,0,0,0,0,0,0,0,10000,0,0,0,10000,0,10000,10000
4423,03047X,元展44,0,0,0,0,0,0,0,0,0,10000,0,0,0,10000,0,10000,10000
4424,030299,威鋒電元富11購03,0,0,0,0,0,0,0,0,0,10000,0,0,0,10000,0,10000,10000
4425,031220,智原凱基0A購01,0,0,0,0,0,0,0,0,0,10000,0,0,0,10000,0,10000,10000
4426,031096,友訊群益0B購01,0,0,0,0,0,0,0,0,0,10000,0,0,0,10000,0,10000,10000
4427,031046,元石油元大0B購04,0,0,0,0,0,0,0,0,0,10000,0,0,0,10000,0,10000,10000
4428,031070,群創元大0B購06,0,0,0,0,0,0,0,0,0,10000,0,0,0,10000,0,10000,10000
4429,030742,強茂元大11購01,0,0,0,0,0,0,0,0,0,10000,0,0,0,10000,0,10000,10000
4430,030690,聯陽兆豐0B購01,0,0,0,0,0,0,0,0,0,10000,0,0,0,10000,0,10000,10000
4431,030706,華晶科群益0C購01,0,0,0,0,0,0,0,0,0,10000,0,0,0,10000,0,10000,10000
4432,031145,台苯兆豐0A購01,0,0,0,0,0,0,0,0,0,10000,0,0,0,10000,0,10000,10000
4433,032019,祥碩統一0C購02,0,0,0,0,0,0,0,0,0,10000,0,0,0,10000,0,10000,10000
4434,032005,新唐群益0B購03,0,0,0,0,0,0,0,0,0,10000,0,0,0,10000,0,10000,10000
4435,031174,南紡永豐0A購02,0,0,0,0,0,0,0,0,0,10000,0,0,0,10000,0,10000,10000
4436,033120,中石化元大0A購08,0,0,0,0,0,0,0,0,0,10000,0,0,0,10000,0,10000,10000
4437,033152,彩晶元大0B購06,0,0,0,0,0,0,0,0,0,10000,0,0,0,10000,0,10000,10000
4438,031353,臺股指元大0A購30,0,0,0,0,0,0,0,0,0,10000,0,0,0,21000,11000,10000,10000
4439,032375,華新統一0B購01,0,0,0,0,0,0,0,0,0,10000,0,0,0,10000,0,10000,10000
4440,032932,日電貿國票0B購01,0,0,0,0,0,0,0,0,0,10000,0,0,0,10000,0,10000,10000
4441,032914,永冠國票0B購01,0,0,0,0,0,0,0,0,0,10000,0,0,0,10000,0,10000,10000
4442,033279,南亞科統一15購01,0,0,0,0,0,0,0,0,0,10000,0,0,0,10000,0,10000,10000
4443,033296,欣興台新0B購01,0,0,0,0,0,0,0,0,0,10000,0,0,0,10000,0,10000,10000
4444,033199,致新凱基0B購02,0,0,0,0,0,0,0,0,0,10000,0,0,0,10000,0,10000,10000
4445,033274,台玻統一11購01,0,0,0,0,0,0,0,0,0,10000,0,0,0,10000,0,10000,10000
4446,032175,中石化群益0B購04,0,0,0,0,0,0,0,0,0,10000,0,0,0,10000,0,10000,10000
4447,031383,東鋼統一0C購03,0,0,0,0,0,0,0,0,0,10000,0,0,0,10000,0,10000,10000
4448,031878,台積電凱基0A購15,0,0,0,0,0,0,0,0,0,10000,0,0,0,10000,0,10000,10000
4449,031917,萬海永豐0A購03,0,0,0,0,0,0,0,0,0,10000,0,0,0,10000,0,10000,10000
4450,031939,台塑元大11購01,0,0,0,0,0,0,0,0,0,10000,0,0,0,10000,0,10000,10000
4451,031850,新纖中信0A購01,0,0,0,0,0,0,0,0,0,10000,0,0,0,10000,0,10000,10000
4452,032698,彩晶永豐0A購05,0,0,0,0,0,0,0,0,0,10000,0,0,0,10000,0,10000,10000
4453,032665,大成鋼富邦0C購02,0,0,0,0,0,0,0,0,0,10000,0,0,0,10000,0,10000,10000
4454,032506,聯發科永豐0A購03,0,0,0,0,0,0,0,0,0,10000,0,0,0,10000,0,10000,10000
4455,032478,台積電第一14購04,0,0,0,0,0,0,0,0,0,10000,0,0,0,10000,0,10000,10000
4456,032556,台船群益0B購01,0,0,0,0,0,0,0,0,0,10000,0,0,0,10000,0,10000,10000
4457,032552,台灣5G群益0A購01,0,0,0,0,0,0,0,0,0,10000,0,0,0,10000,0,10000,10000
4458,032253,大成鋼元大0B購05,0,0,0,0,0,0,0,0,0,10000,0,0,0,10000,0,10000,10000
4459,033483,華新統一11購01,0,0,0,0,0,0,0,0,0,10000,0,0,0,200000,190000,10000,10000
4460,034321,大亞群益11購01,0,0,0,0,0,0,0,0,0,10000,0,0,0,10000,0,10000,10000
4461,031545,華新中信0A購01,0,0,0,0,0,0,0,0,0,10000,0,0,0,10000,0,10000,10000
4462,032313,台航永豐0A購04,0,0,0,0,0,0,0,0,0,10000,0,0,0,10000,0,10000,10000
4463,033009,國喬麥證0A購01,0,0,0,10000,0,10000,0,0,0,10000,0,0,0,10000,0,10000,10000
4464,035927,南電元富0C購01,0,0,0,0,0,0,0,0,0,10000,0,0,0,10000,0,10000,10000
4465,035822,儒鴻元大11購01,0,0,0,0,0,0,0,0,0,10000,0,0,0,10000,0,10000,10000
4466,035819,京鼎兆豐11購01,0,0,0,0,0,0,0,0,0,10000,0,0,0,10000,0,10000,10000
4467,035815,同欣電凱基0B購01,0,0,0,0,0,0,0,0,0,10000,0,0,0,13000,3000,10000,10000
4468,035796,長榮航永豐0B購03,0,0,0,0,0,0,0,0,0,10000,0,0,0,10000,0,10000,10000
4469,035803,台橡凱基0B購01,0,0,0,0,0,0,0,0,0,10000,0,0,0,10000,0,10000,10000
4470,035602,開發金元大0C購01,0,0,0,0,0,0,0,0,0,10000,0,0,0,17000,7000,10000,10000
4471,035650,國泰金兆豐12購01,0,0,0,0,0,0,0,0,0,10000,0,0,0,10000,0,10000,10000
4472,035543,聯電統一0C購08,0,0,0,0,0,0,0,0,0,10000,0,0,0,11000,1000,10000,10000
4473,035690,TPK凱基0B購01,0,0,0,0,0,0,0,0,0,10000,0,0,0,19000,9000,10000,10000
4474,074184,啟碁元富0A購01,0,0,0,0,0,0,0,0,0,10000,0,0,0,10000,0,10000,10000
4475,07486P,景碩元富14售03,0,0,0,0,0,0,0,0,0,10000,0,0,0,40000,30000,10000,10000
4476,07423P,臺股指群益0C售18,0,0,0,0,0,0,0,0,0,10000,0,0,0,10000,0,10000,10000
4477,075530,台積電國票08購03,0,0,0,0,0,0,0,0,0,10000,0,0,0,10000,0,10000,10000
4478,076207,臺股指國票09購02,0,0,0,0,0,0,0,0,0,10000,0,0,0,10000,0,10000,10000
4479,077752,南電中信09購01,0,0,0,0,0,0,0,0,0,10000,0,0,0,10000,0,10000,10000
4480,076801,聯發科國票08購04,0,0,0,0,0,0,0,0,0,10000,0,0,0,10000,0,10000,10000
4481,077471,聯發科國票08購05,0,0,0,0,0,0,0,0,0,10000,0,0,0,38000,28000,10000,10000
4482,078210,聯電國泰08購02,0,0,0,0,0,0,0,0,0,10000,0,0,0,10000,0,10000,10000
4483,078099,長華統一08購02,0,0,0,0,0,0,0,0,0,10000,0,0,0,10000,0,10000,10000
4484,079383,聯發科元大09購01,0,0,0,0,0,0,0,0,0,10000,0,0,0,10000,0,10000,10000
4485,079404,國巨國泰08購02,0,0,0,0,0,0,0,0,0,10000,0,0,0,460000,450000,10000,10000
4486,079068,國巨富邦08購02,0,0,0,0,0,0,0,0,0,10000,0,0,0,10000,0,10000,10000
4487,078743,樺漢元富0C購01,0,0,0,0,0,0,0,0,0,10000,0,0,0,10000,0,10000,10000
4488,081057,創意國票08購01,0,0,0,0,0,0,0,0,0,10000,0,0,0,10000,0,10000,10000
4489,081101,永冠群益09購01,0,0,0,0,0,0,0,0,0,10000,0,0,0,10000,0,10000,10000
4490,080113,全新群益08購01,0,0,0,0,0,0,0,0,0,10000,0,0,0,10000,0,10000,10000
4491,080664,精誠元大09購01,0,0,0,0,0,0,0,0,0,10000,0,0,0,10000,0,10000,10000
4492,080671,華通國泰08購01,0,0,0,0,0,0,0,0,0,10000,0,0,0,10000,0,10000,10000
4493,080714,旭富凱基09購01,0,0,0,0,0,0,0,0,0,10000,0,0,0,10000,0,10000,10000
4494,082490,華碩統一09購01,0,0,0,0,0,0,0,0,0,10000,0,0,0,10000,0,10000,10000
4495,082493,京元電統一08購01,0,0,0,0,0,0,0,0,0,10000,0,0,0,10000,0,10000,10000
4496,082412,鴻海麥證0C購01,0,0,0,10000,0,10000,0,0,0,10000,0,0,0,10000,0,10000,10000
4497,082348,鴻海富邦09購02,0,0,0,0,0,0,0,0,0,10000,0,0,0,10000,0,10000,10000
4498,082531,鴻海日盛11購01,0,0,0,0,0,0,0,0,0,10000,0,0,0,224000,214000,10000,10000
4499,082669,全新兆豐08購01,0,0,0,0,0,0,0,0,0,10000,0,0,0,40000,30000,10000,10000
4500,082685,彩晶康和09購01,0,0,0,0,0,0,0,0,0,10000,0,0,0,10000,0,10000,10000
4501,082687,元金2X凱基09購01,0,0,0,0,0,0,0,0,0,10000,0,0,0,10000,0,10000,10000
4502,082689,SGBR2X凱基0A購01,0,0,0,0,0,0,0,0,0,10000,0,0,0,10000,0,10000,10000
4503,082918,晶技國泰09購01,0,0,0,0,0,0,0,0,0,10000,0,0,0,15000,5000,10000,10000
4504,083109,欣興元大08購03,0,0,0,0,0,0,0,0,0,10000,0,0,0,10000,0,10000,10000
4505,083130,凱美凱基08購01,0,0,0,0,0,0,0,0,0,10000,0,0,0,10000,0,10000,10000
4506,082830,同欣電元大08購01,0,0,0,0,0,0,0,0,0,10000,0,0,0,10000,0,10000,10000
4507,082142,台郡統一08購02,0,0,0,0,0,0,0,0,0,10000,0,0,0,30000,20000,10000,10000
4508,081884,國巨群益08購04,0,0,0,0,0,0,0,0,0,10000,0,0,0,10000,0,10000,10000
4509,081820,廣宇凱基09購01,0,0,0,0,0,0,0,0,0,10000,0,0,0,40000,30000,10000,10000
4510,081492,長榮凱基0A購03,0,0,0,0,0,0,0,0,0,10000,0,0,0,10000,0,10000,10000
4511,081507,界霖凱基08購01,0,0,0,0,0,0,0,0,0,10000,0,0,0,10000,0,10000,10000
4512,081451,大銀統一09購01,0,0,0,0,0,0,0,0,0,10000,0,0,0,10000,0,10000,10000
4513,084246,智原統一09購02,0,0,0,0,0,0,0,0,0,10000,0,0,0,10000,0,10000,10000
4514,084125,啟碁群益08購01,0,0,0,0,0,0,0,0,0,10000,0,0,0,10000,0,10000,10000
4515,084298,佳世達兆豐08購01,0,0,0,0,0,0,0,0,0,10000,0,0,0,10000,0,10000,10000
4516,084774,友達凱基09購05,0,0,0,0,0,0,0,0,0,10000,0,0,0,10000,0,10000,10000
4517,084886,全新群益09購01,0,0,0,0,0,0,0,0,0,10000,0,0,0,10000,0,10000,10000
4518,084413,台積電富邦09購08,0,0,0,0,0,0,0,0,0,10000,0,0,0,10000,0,10000,10000
4519,083155,台積電群益09購02,0,0,0,0,0,0,0,0,0,10000,0,0,0,10000,0,10000,10000
4520,083145,巨大凱基08購01,0,0,0,0,0,0,0,0,0,10000,0,0,0,20000,10000,10000,10000
4521,083167,致伸群益08購01,0,0,0,0,0,0,0,0,0,10000,0,0,0,10000,0,10000,10000
4522,083186,友達國票09購01,0,0,0,0,0,0,0,0,0,10000,0,0,0,32000,22000,10000,10000
4523,083190,群創國票08購04,0,0,0,0,0,0,0,0,0,10000,0,0,0,13000,3000,10000,10000
4524,083610,聯詠兆豐08購02,0,0,0,0,0,0,0,0,0,10000,0,0,0,41000,31000,10000,10000
4525,083731,SGBR2X國票08購02,0,0,0,0,0,0,0,0,0,10000,0,0,0,10000,0,10000,10000
4526,085412,聯詠元大08購04,0,0,0,0,0,0,0,0,0,10000,0,0,0,10000,0,10000,10000
4527,085403,三陽元大08購02,0,0,0,0,0,0,0,0,0,10000,0,0,0,10000,0,10000,10000
4528,085435,聯詠統一0A購01,0,0,0,0,0,0,0,0,0,10000,0,0,0,10000,0,10000,10000
4529,085774,晶技凱基08購02,0,0,0,0,0,0,0,0,0,10000,0,0,0,20000,10000,10000,10000
4530,085668,聯詠統一0A購03,0,0,0,0,0,0,0,0,0,10000,0,0,0,10000,0,10000,10000
4531,085172,南電凱基09購03,0,0,0,0,0,0,0,0,0,10000,0,0,0,10000,0,10000,10000
4532,084942,啟碁元大08購02,0,0,0,0,0,0,0,0,0,10000,0,0,0,10000,0,10000,10000
4533,085037,台積電元富12購02,0,0,0,0,0,0,0,0,0,10000,0,0,0,10000,0,10000,10000
4534,085295,日月光凱基08購07,0,0,0,0,0,0,0,0,0,10000,0,0,0,10000,0,10000,10000
4535,085245,合庫金康和08購01,0,0,0,0,0,0,0,0,0,10000,0,0,0,10000,0,10000,10000
4536,086519,微星凱基09購01,0,0,0,0,0,0,0,0,0,10000,0,0,0,10000,0,10000,10000
4537,086525,亞光凱基0B購01,0,0,0,0,0,0,0,0,0,10000,0,0,0,30000,20000,10000,10000
4538,086529,致伸凱基09購01,0,0,0,0,0,0,0,0,0,10000,0,0,0,10000,0,10000,10000
4539,086395,廣宇統一0B購02,0,0,0,0,0,0,0,0,0,10000,0,0,0,10000,0,10000,10000
4540,086401,友達統一0B購01,0,0,0,0,0,0,0,0,0,10000,0,0,0,256000,246000,10000,10000
4541,086327,聚陽元大09購01,0,0,0,0,0,0,0,0,0,10000,0,0,0,10000,0,10000,10000
4542,086356,群創元大09購04,0,0,0,0,0,0,0,0,0,10000,0,0,0,10000,0,10000,10000
4543,086116,中纖群益0A購02,0,0,0,0,0,0,0,0,0,10000,0,0,0,10000,0,10000,10000
4544,086216,創意富邦09購01,0,0,0,0,0,0,0,0,0,10000,0,0,0,10000,0,10000,10000
4545,086201,晶技凱基08購03,0,0,0,0,0,0,0,0,0,10000,0,0,0,10000,0,10000,10000
4546,085993,友達元大08購09,0,0,0,0,0,0,0,0,0,10000,0,0,0,10000,0,10000,10000
4547,085801,健策元大08購05,0,0,0,0,0,0,0,0,0,10000,0,0,0,10000,0,10000,10000
4548,085802,健策元大09購01,0,0,0,0,0,0,0,0,0,10000,0,0,0,10000,0,10000,10000
4549,085892,聯發科國票09購06,0,0,0,0,0,0,0,0,0,10000,0,0,0,10000,0,10000,10000
4550,085853,聯發科統一0C購03,0,0,0,0,0,0,0,0,0,10000,0,0,0,10000,0,10000,10000
4551,085894,聯詠國票08購01,0,0,0,0,0,0,0,0,0,10000,0,0,0,10000,0,10000,10000
4552,085983,國巨元大09購02,0,0,0,0,0,0,0,0,0,10000,0,0,0,10000,0,10000,10000
4553,085944,聯詠群益08購03,0,0,0,0,0,0,0,0,0,10000,0,0,0,10000,0,10000,10000
4554,086704,精英元大09購03,0,0,0,0,0,0,0,0,0,10000,0,0,0,10000,0,10000,10000
4555,086718,創意元大09購05,0,0,0,0,0,0,0,0,0,10000,0,0,0,10000,0,10000,10000
4556,086729,群創富邦0A購01,0,0,0,0,0,0,0,0,0,10000,0,0,0,10000,0,10000,10000
4557,087340,金像電凱基0A購01,0,0,0,0,0,0,0,0,0,10000,0,0,0,38000,28000,10000,10000
4558,087315,榮成永豐09購01,0,0,0,0,0,0,0,0,0,10000,0,0,0,10000,0,10000,10000
4559,087610,海悅永豐09購02,0,0,0,0,0,0,0,0,0,10000,0,0,0,10000,0,10000,10000
4560,087451,長華群益0A購01,0,0,0,0,0,0,0,0,0,10000,0,0,0,10000,0,10000,10000
4561,087937,聯詠統一0A購07,0,0,0,0,0,0,0,0,0,10000,0,0,0,30000,20000,10000,10000
4562,087749,精英國票0A購02,0,0,0,0,0,0,0,0,0,10000,0,0,0,22000,12000,10000,10000
4563,087777,祥碩中信0A購02,0,0,0,0,0,0,0,0,0,10000,0,0,0,30000,20000,10000,10000
4564,088581,英業達麥證09購01,0,0,0,10000,0,10000,0,0,0,10000,0,0,0,10000,0,10000,10000
4565,088805,廣宇元大09購04,0,0,0,0,0,0,0,0,0,10000,0,0,0,10000,0,10000,10000
4566,088788,滬深2X群益09購09,0,0,0,0,0,0,0,0,0,10000,0,0,0,10000,0,10000,10000
4567,088737,華邦電永豐09購04,0,0,0,0,0,0,0,0,0,10000,0,0,0,10000,0,10000,10000
4568,088722,瑞軒凱基0A購01,0,0,0,0,0,0,0,0,0,10000,0,0,0,10000,0,10000,10000
4569,088332,可成元大09購03,0,0,0,0,0,0,0,0,0,10000,0,0,0,10000,0,10000,10000
4570,088333,可成元大09購04,0,0,0,0,0,0,0,0,0,10000,0,0,0,10000,0,10000,10000
4571,088355,美食統一0B購01,0,0,0,0,0,0,0,0,0,10000,0,0,0,10000,0,10000,10000
4572,088444,矽創凱基0A購01,0,0,0,0,0,0,0,0,0,10000,0,0,0,10000,0,10000,10000
4573,088515,矽創元大09購03,0,0,0,0,0,0,0,0,0,10000,0,0,0,11000,1000,10000,10000
4574,088496,國巨元大0B購01,0,0,0,0,0,0,0,0,0,10000,0,0,0,30000,20000,10000,10000
4575,088281,瑞昱群益0A購01,0,0,0,0,0,0,0,0,0,10000,0,0,0,10000,0,10000,10000
4576,088301,廣宇凱基09購02,0,0,0,0,0,0,0,0,0,10000,0,0,0,10000,0,10000,10000
4577,088014,惠特兆豐09購01,0,0,0,0,0,0,0,0,0,10000,0,0,0,10000,0,10000,10000
4578,034987,金像電群益0C購01,0,0,0,0,0,0,0,0,0,10000,0,0,0,10000,0,10000,10000
4579,034999,聯電元大0C購08,0,0,0,0,0,0,0,0,0,10000,0,0,0,37000,27000,10000,10000
4580,035003,國巨元大0C購10,0,0,0,0,0,0,0,0,0,10000,0,0,0,13000,3000,10000,10000
4581,035295,晶技國票0C購04,0,0,0,0,0,0,0,0,0,10000,0,0,0,10000,0,10000,10000
4582,033332,新纖永豐0B購02,0,0,0,0,0,0,0,0,0,10000,0,0,0,10000,0,10000,10000
4583,033891,中鋼統一12購03,0,0,0,0,0,0,0,0,0,10000,0,0,0,10000,0,10000,10000
4584,034559,聯電國泰11購01,0,0,0,0,0,0,0,0,0,10000,0,0,0,332000,322000,10000,10000
4585,033629,富邦金元富12購02,0,0,0,0,0,0,0,0,0,10000,0,0,0,10000,0,10000,10000
4586,036106,臺股指元大0C購36,0,0,0,0,0,0,0,0,0,10000,0,0,0,10000,0,10000,10000
4587,033409,聯發科第一15購01,0,0,0,0,0,0,0,0,0,10000,0,0,0,10000,0,10000,10000
4588,033437,聯發科元大0C購08,0,0,0,0,0,0,0,0,0,10000,0,0,0,10000,0,10000,10000
4589,036035,大毅統一12購01,0,0,0,0,0,0,0,0,0,10000,0,0,0,20000,10000,10000,10000
4590,036016,南電凱基0C購02,0,0,0,0,0,0,0,0,0,10000,0,0,0,10000,0,10000,10000
4591,034973,晶碩元大0C購02,0,0,0,0,0,0,0,0,0,10000,0,0,0,10000,0,10000,10000
4592,034968,國產元大0C購02,0,0,0,0,0,0,0,0,0,10000,0,0,0,20000,10000,10000,10000
4593,034492,國泰金元大0B購02,0,0,0,0,0,0,0,0,0,10000,0,0,0,10000,0,10000,10000
4594,034450,大亞中信11購01,0,0,0,0,0,0,0,0,0,10000,0,0,0,10000,0,10000,10000
4595,034894,順德凱基0B購01,0,0,0,0,0,0,0,0,0,10000,0,0,0,10000,0,10000,10000
4596,034949,聯電凱基13購02,0,0,0,0,0,0,0,0,0,10000,0,0,0,33000,23000,10000,10000
4597,034389,新光金元大12購02,0,0,0,0,0,0,0,0,0,10000,0,0,0,10000,0,10000,10000
4598,034738,長榮元大0B購13,0,0,0,0,0,0,0,0,0,10000,0,0,0,10000,0,10000,10000
4599,034731,國巨元大0B購13,0,0,0,0,0,0,0,0,0,10000,0,0,0,10000,0,10000,10000
4600,034700,嘉聯益群益0B購03,0,0,0,0,0,0,0,0,0,10000,0,0,0,20000,10000,10000,10000
4601,034641,矽創元大0B購05,0,0,0,0,0,0,0,0,0,10000,0,0,0,10000,0,10000,10000
4602,034667,中鋼凱基0B購05,0,0,0,0,0,0,0,0,0,10000,0,0,0,10000,0,10000,10000
4603,036404,康控永豐0C購02,0,0,0,0,0,0,0,0,0,10000,0,0,0,10000,0,10000,10000
4604,036300,欣興元大0C購03,0,0,0,0,0,0,0,0,0,10000,0,0,0,10000,0,10000,10000
4605,036343,台表科元富12購03,0,0,0,0,0,0,0,0,0,10000,0,0,0,10000,0,10000,10000
4606,036526,台達電統一12購01,0,0,0,0,0,0,0,0,0,10000,0,0,0,20000,10000,10000,10000
4607,036611,京元電元大0C購01,0,0,0,0,0,0,0,0,0,10000,0,0,0,10000,0,10000,10000
4608,033749,富邦金兆豐0B購02,0,0,0,0,0,0,0,0,0,10000,0,0,0,10000,0,10000,10000
4609,033739,國喬富邦0B購01,0,0,0,0,0,0,0,0,0,10000,0,0,0,10000,0,10000,10000
4610,034597,國巨統一0B購06,0,0,0,0,0,0,0,0,0,10000,0,0,0,10000,0,10000,10000
4611,034577,大成鋼凱基0B購05,0,0,0,0,0,0,0,0,0,10000,0,0,0,20000,10000,10000,10000
4612,033993,富邦金兆豐12購01,0,0,0,0,0,0,0,0,0,10000,0,0,0,10000,0,10000,10000
4613,034074,亞德客元大0B購02,0,0,0,0,0,0,0,0,0,10000,0,0,0,206000,196000,10000,10000
4614,034043,技嘉元富12購01,0,0,0,0,0,0,0,0,0,10000,0,0,0,10000,0,10000,10000
4615,034131,亞光兆豐0B購01,0,0,0,0,0,0,0,0,0,10000,0,0,0,10000,0,10000,10000
4616,036845,順德凱基0C購02,0,0,0,0,0,0,0,0,0,10000,0,0,0,10000,0,10000,10000
4617,036846,金像電凱基11購02,0,0,0,0,0,0,0,0,0,10000,0,0,0,10000,0,10000,10000
4618,036895,技嘉元大12購01,0,0,0,0,0,0,0,0,0,10000,0,0,0,10000,0,10000,10000
4619,036864,億光兆豐0C購01,0,0,0,0,0,0,0,0,0,10000,0,0,0,10000,0,10000,10000
4620,037033,聯發科元大0C購16,0,0,0,0,0,0,0,0,0,10000,0,0,0,10000,0,10000,10000
4621,037457,南電元大0C購06,0,0,0,0,0,0,0,0,0,10000,0,0,0,10000,0,10000,10000
4622,037341,大成鋼國泰13購01,0,0,0,0,0,0,0,0,0,10000,0,0,0,10000,0,10000,10000
4623,037395,台積電凱基0C購17,0,0,0,0,0,0,0,0,0,10000,0,0,0,10000,0,10000,10000
4624,037280,威鋒電永豐0C購02,0,0,0,0,0,0,0,0,0,10000,0,0,0,18000,8000,10000,10000
4625,037285,第一銅元大0C購02,0,0,0,0,0,0,0,0,0,10000,0,0,0,10000,0,10000,10000
4626,037297,南電元大12購02,0,0,0,0,0,0,0,0,0,10000,0,0,0,15000,5000,10000,10000
4627,037191,康控群益0C購03,0,0,0,0,0,0,0,0,0,10000,0,0,0,10000,0,10000,10000
4628,037656,奇鋐凱基12購01,0,0,0,0,0,0,0,0,0,10000,0,0,0,10000,0,10000,10000
4629,037607,國巨元大0C購21,0,0,0,0,0,0,0,0,0,10000,0,0,0,10000,0,10000,10000
4630,037525,台灣50元大13購01,0,0,0,0,0,0,0,0,0,10000,0,0,0,10000,0,10000,10000
4631,037517,玉晶光永豐0C購02,0,0,0,0,0,0,0,0,0,10000,0,0,0,10000,0,10000,10000
4632,037759,台積電第一16購01,0,0,0,0,0,0,0,0,0,10000,0,0,0,10000,0,10000,10000
4633,06895P,台聚元大0A售07,0,0,0,0,0,0,0,0,0,10000,0,0,0,10000,0,10000,10000
4634,069825,滬深2X元富08購01,0,0,0,0,0,0,0,0,0,10000,0,0,0,10000,0,10000,10000
4635,06972P,長榮凱基0A售22,0,0,0,0,0,0,0,0,0,10000,0,0,0,10000,0,10000,10000
4636,07042P,道瓊2X中信0B售02,0,0,0,0,0,0,0,0,0,10000,0,0,0,10000,0,10000,10000
4637,07028P,臺股指凱基0B售10,0,0,0,0,0,0,0,0,0,10000,0,0,0,10000,0,10000,10000
4638,07021P,中石化中信0B售03,0,0,0,0,0,0,0,0,0,10000,0,0,0,10000,0,10000,10000
4639,073113,精元元富08購01,0,0,0,0,0,0,0,0,0,10000,0,0,0,10000,0,10000,10000
4640,07265P,群創元大0C售09,0,0,0,0,0,0,0,0,0,10000,0,0,0,12000,2000,10000,10000
4641,073413,世紀鋼元富0A購01,0,0,0,0,0,0,0,0,0,10000,0,0,0,10000,0,10000,10000
4642,040306,致新統一11購01,0,0,0,0,0,0,0,0,0,10000,0,0,0,10000,0,10000,10000
4643,040317,捷敏凱基11購01,0,0,0,0,0,0,0,0,0,10000,0,0,0,34000,24000,10000,10000
4644,040517,新唐元富14購02,0,0,0,0,0,0,0,0,0,10000,0,0,0,10000,0,10000,10000
4645,04518P,立積元富0A售01,0,0,0,0,0,0,0,0,0,10000,0,0,0,10000,0,10000,10000
4646,04559P,大立光富邦08售03,0,0,0,0,0,0,0,0,0,10000,0,0,0,10000,0,10000,10000
4647,06140P,台積電中信0A售05,0,0,0,0,0,0,0,0,0,10000,0,0,0,10000,0,10000,10000
4648,05164P,喬山元富0C售02,0,0,0,0,0,0,0,0,0,10000,0,0,0,10000,0,10000,10000
4649,05451P,臺股指國票0A售03,0,0,0,0,0,0,0,0,0,10000,0,0,0,10000,0,10000,10000
4650,06400P,健策元大08售06,0,0,0,0,0,0,0,0,0,10000,0,0,0,10000,0,10000,10000
4651,06734P,國巨元大0B售03,0,0,0,0,0,0,0,0,0,10000,0,0,0,10000,0,10000,10000
4652,06752P,臺股指中信0A售08,0,0,0,0,0,0,0,0,0,10000,0,0,0,10000,0,10000,10000
4653,06492P,鴻海凱基09售09,0,0,0,0,0,0,0,0,0,10000,0,0,0,10000,0,10000,10000
4654,06473P,南電元大09售07,0,0,0,0,0,0,0,0,0,10000,0,0,0,10000,0,10000,10000
4655,039995,晶心科國票11購01,0,0,0,0,0,0,0,0,0,10000,0,0,0,45000,35000,10000,10000
4656,040068,松翰元大12購01,0,0,0,0,0,0,0,0,0,10000,0,0,0,30000,20000,10000,10000
4657,039954,永光元大11購01,0,0,0,0,0,0,0,0,0,10000,0,0,0,10000,0,10000,10000
4658,039778,和桐凱基11購02,0,0,0,0,0,0,0,0,0,10000,0,0,0,10000,0,10000,10000
4659,039774,愛普永豐11購03,0,0,0,0,0,0,0,0,0,10000,0,0,0,10000,0,10000,10000
4660,039848,鼎元國票11購01,0,0,0,0,0,0,0,0,0,10000,0,0,0,40000,30000,10000,10000
4661,038427,滬深2X元大11購05,0,0,0,0,0,0,0,0,0,10000,0,0,0,10000,0,10000,10000
4662,038452,元晶元大13購01,0,0,0,0,0,0,0,0,0,10000,0,0,0,10000,0,10000,10000
4663,038619,旺宏元大12購01,0,0,0,0,0,0,0,0,0,10000,0,0,0,10000,0,10000,10000
4664,038580,偉詮電永豐11購02,0,0,0,0,0,0,0,0,0,10000,0,0,0,34000,24000,10000,10000
4665,038474,偉詮電康和11購01,0,0,0,0,0,0,0,0,0,10000,0,0,0,26000,16000,10000,10000
4666,038090,玉晶光永豐11購01,0,0,0,0,0,0,0,0,0,10000,0,0,0,10000,0,10000,10000
4667,038024,華東凱基13購01,0,0,0,0,0,0,0,0,0,10000,0,0,0,10000,0,10000,10000
4668,037966,南電元大14購02,0,0,0,0,0,0,0,0,0,10000,0,0,0,10000,0,10000,10000
4669,038314,信邦群益11購01,0,0,0,0,0,0,0,0,0,10000,0,0,0,10000,0,10000,10000
4670,038186,友達永豐11購01,0,0,0,0,0,0,0,0,0,10000,0,0,0,10000,0,10000,10000
4671,038792,華碩群益11購01,0,0,0,0,0,0,0,0,0,10000,0,0,0,10000,0,10000,10000
4672,038868,國巨凱基17購01,0,0,0,0,0,0,0,0,0,10000,0,0,0,10000,0,10000,10000
4673,039086,潤泰新元大12購01,0,0,0,0,0,0,0,0,0,10000,0,0,0,10000,0,10000,10000
4674,039082,台勝科元大11購03,0,0,0,0,0,0,0,0,0,10000,0,0,0,10000,0,10000,10000
4675,039050,群創群益15購01,0,0,0,0,0,0,0,0,0,10000,0,0,0,10000,0,10000,10000
4676,039052,瑞儀群益11購01,0,0,0,0,0,0,0,0,0,10000,0,0,0,20000,10000,10000,10000
4677,039005,華通永豐11購01,0,0,0,0,0,0,0,0,0,10000,0,0,0,10000,0,10000,10000
4678,039007,台積電永豐11購01,0,0,0,0,0,0,0,0,0,10000,0,0,0,20000,10000,10000,10000
4679,039314,聯發科麥證12購03,0,0,0,10000,0,10000,0,0,0,10000,0,0,0,10000,0,10000,10000
4680,039301,欣興元富11購02,0,0,0,0,0,0,0,0,0,10000,0,0,0,195000,185000,10000,10000
4681,039250,富邦金國泰13購01,0,0,0,0,0,0,0,0,0,10000,0,0,0,47000,37000,10000,10000
4682,039153,晶技群益12購02,0,0,0,0,0,0,0,0,0,10000,0,0,0,10000,0,10000,10000
4683,089314,群創國票09購04,0,0,0,0,0,0,0,0,0,10000,0,0,0,10000,0,10000,10000
4684,089394,華紙凱基0C購01,0,0,0,0,0,0,0,0,0,10000,0,0,0,10000,0,10000,10000
4685,089131,華通元大09購03,0,0,0,0,0,0,0,0,0,10000,0,0,0,30000,20000,10000,10000
4686,088998,台達電元大09購01,0,0,0,0,0,0,0,0,0,10000,0,0,0,130000,120000,10000,10000
4687,088899,矽創凱基09購04,0,0,0,0,0,0,0,0,0,10000,0,0,0,10000,0,10000,10000
4688,089789,矽創凱基09購05,0,0,0,0,0,0,0,0,0,10000,0,0,0,10000,0,10000,10000
4689,089730,宏達電永豐09購01,0,0,0,0,0,0,0,0,0,10000,0,0,0,50000,40000,10000,10000
4690,089823,南紡富邦09購01,0,0,0,0,0,0,0,0,0,10000,0,0,0,10000,0,10000,10000
4691,089829,新纖元大09購01,0,0,0,0,0,0,0,0,0,10000,0,0,0,20000,10000,10000,10000
4692,089923,永冠永豐0A購01,0,0,0,0,0,0,0,0,0,10000,0,0,0,10000,0,10000,10000
4693,089904,聯詠凱基0B購02,0,0,0,0,0,0,0,0,0,10000,0,0,0,10000,0,10000,10000
4694,089939,景碩永豐0A購01,0,0,0,0,0,0,0,0,0,10000,0,0,0,10000,0,10000,10000
4695,089987,祥碩元大0A購01,0,0,0,0,0,0,0,0,0,10000,0,0,0,50000,40000,10000,10000
4696,089989,達運元大0A購01,0,0,0,0,0,0,0,0,0,10000,0,0,0,10000,0,10000,10000
4697,3501,維熹,17000,7000,10000,0,0,0,0,0,0,0,0,0,0,0,0,0,10000
4698,8462,柏文,15000,5000,10000,0,0,0,0,0,0,0,0,0,0,0,0,0,10000
4699,8499,鼎炫-KY,12000,2000,10000,0,0,0,0,0,0,0,0,0,0,0,0,0,10000
4700,6216,居易,10000,0,10000,0,0,0,0,0,0,0,0,0,0,0,0,0,10000
4701,031584,長榮凱基14購03,0,0,0,0,0,0,0,0,0,9000,0,0,0,10000,1000,9000,9000
4702,032511,裕民永豐0A購04,0,0,0,0,0,0,0,0,0,9000,0,0,0,9000,0,9000,9000
4703,033193,聯發科凱基15購01,0,0,0,0,0,0,0,0,0,9000,0,0,0,15000,6000,9000,9000
4704,032142,益航凱基0A購01,0,0,0,0,0,0,0,0,0,9000,0,0,0,107000,98000,9000,9000
4705,032886,潤泰新凱基0A購01,0,0,0,0,0,0,0,0,0,9000,0,0,0,10000,1000,9000,9000
4706,032055,裕民國票0B購01,0,0,0,0,0,0,0,0,0,9000,0,0,0,9000,0,9000,9000
4707,030838,正隆兆豐0A購01,0,0,0,0,0,0,0,0,0,9000,0,0,0,19000,10000,9000,9000
4708,031084,臺股指元大11購08,0,0,0,0,0,0,0,0,0,9000,0,0,0,29000,20000,9000,9000
4709,087598,台積電第一0C購02,0,0,0,0,0,0,0,0,0,9000,0,0,0,9000,0,9000,9000
4710,087331,松翰永豐09購01,0,0,0,0,0,0,0,0,0,9000,0,0,0,9000,0,9000,9000
4711,087442,長華元富09購01,0,0,0,0,0,0,0,0,0,9000,0,0,0,216000,207000,9000,9000
4712,086083,中鋼中信0A購01,0,0,0,0,0,0,0,0,0,9000,0,0,0,22000,13000,9000,9000
4713,086370,T50反1國票0B購03,0,0,0,0,0,0,0,0,0,9000,0,0,0,62000,53000,9000,9000
4714,086432,華邦電第一13購01,0,0,0,0,0,0,0,0,0,9000,0,0,0,10000,1000,9000,9000
4715,086539,台灣50元大0A購11,0,0,0,0,0,0,0,0,0,9000,0,0,0,10000,1000,9000,9000
4716,085229,友達元大0C購01,0,0,0,0,0,0,0,0,0,9000,0,0,0,10000,1000,9000,9000
4717,085315,祥碩元大0C購01,0,0,0,0,0,0,0,0,0,9000,0,0,0,10000,1000,9000,9000
4718,085718,美指2X中信0B購01,0,0,0,0,0,0,0,0,0,9000,0,0,0,109000,100000,9000,9000
4719,081989,國泰金元大08購01,0,0,0,0,0,0,0,0,0,9000,0,0,0,9000,0,9000,9000
4720,083027,南電凱基0A購02,0,0,0,0,0,0,0,0,0,9000,0,0,0,15000,6000,9000,9000
4721,081121,大聯大群益09購01,0,0,0,0,0,0,0,0,0,9000,0,0,0,9000,0,9000,9000
4722,081019,友達統一08購02,0,0,0,0,0,0,0,0,0,9000,0,0,0,9000,0,9000,9000
4723,07541P,T50反1元富14售04,0,0,0,0,0,0,0,0,0,9000,0,0,0,9000,0,9000,9000
4724,07507P,國巨群益11售03,0,0,0,0,0,0,0,0,0,9000,0,0,0,19000,10000,9000,9000
4725,037673,永豐餘兆豐13購01,0,0,0,0,0,0,0,0,0,9000,0,0,0,9000,0,9000,9000
4726,037641,台船麥證0C購01,0,0,0,9000,0,9000,0,0,0,9000,0,0,0,9000,0,9000,9000
4727,037275,晶華永豐0C購01,0,0,0,0,0,0,0,0,0,9000,0,0,0,41000,32000,9000,9000
4728,037079,台光電群益12購02,0,0,0,0,0,0,0,0,0,9000,0,0,0,36000,27000,9000,9000
4729,036802,國喬康和0C購02,0,0,0,0,0,0,0,0,0,9000,0,0,0,9000,0,9000,9000
4730,034094,國泰金元大13購01,0,0,0,0,0,0,0,0,0,9000,0,0,0,9000,0,9000,9000
4731,034149,華新科凱基0C購01,0,0,0,0,0,0,0,0,0,9000,0,0,0,19000,10000,9000,9000
4732,035767,聯茂元富13購01,0,0,0,0,0,0,0,0,0,9000,0,0,0,9000,0,9000,9000
4733,034952,萬海凱基11購02,0,0,0,0,0,0,0,0,0,9000,0,0,0,9000,0,9000,9000
4734,034851,中橡元大0C購01,0,0,0,0,0,0,0,0,0,9000,0,0,0,20000,11000,9000,9000
4735,034464,T50正2元大0B購03,0,0,0,0,0,0,0,0,0,9000,0,0,0,9000,0,9000,9000
4736,033934,貿聯元大0B購01,0,0,0,0,0,0,0,0,0,9000,0,0,0,145000,136000,9000,9000
4737,035375,泰豐凱基0B購02,0,0,0,0,0,0,0,0,0,9000,0,0,0,20000,11000,9000,9000
4738,039112,新唐國票12購01,0,0,0,0,0,0,0,0,0,9000,0,0,0,11000,2000,9000,9000
4739,039051,貿聯群益11購01,0,0,0,0,0,0,0,0,0,9000,0,0,0,12000,3000,9000,9000
4740,038597,豐興群益11購01,0,0,0,0,0,0,0,0,0,9000,0,0,0,10000,1000,9000,9000
4741,039785,瀚宇博凱基11購01,0,0,0,0,0,0,0,0,0,9000,0,0,0,11000,2000,9000,9000
4742,040376,中石化元大13購01,0,0,0,0,0,0,0,0,0,9000,0,0,0,9000,0,9000,9000
4743,07138P,日月光凱基0B售03,0,0,0,0,0,0,0,0,0,9000,0,0,0,9000,0,9000,9000
4744,4916,事欣科,48000,39000,9000,0,0,0,0,0,0,0,0,0,0,0,0,0,9000
4745,1597,直得,70000,59000,11000,0,0,0,0,0,0,-2000,0,0,0,0,2000,-2000,9000
4746,2002A,中鋼特,0,0,0,0,0,0,0,0,0,9000,9000,0,9000,0,0,0,9000
4747,00652,富邦印度,1000,5000,-4000,0,0,0,0,0,0,12405,0,0,0,32405,20000,12405,8405
4748,00668,國泰美國道瓊,0,0,0,0,0,0,0,0,0,8000,0,0,0,8000,0,8000,8000
4749,02001L,富邦蘋果正二N,0,0,0,0,0,0,0,0,0,8000,0,0,0,8000,0,8000,8000
4750,020000,富邦特選蘋果N,0,0,0,0,0,0,0,0,0,8000,0,0,0,10000,2000,8000,8000
4751,030473,元金2X永豐0A購01,0,0,0,0,0,0,0,0,0,8000,0,0,0,8000,0,8000,8000
4752,030283,佳世達元富0C購01,0,0,0,0,0,0,0,0,0,8000,0,0,0,10000,2000,8000,8000
4753,030412,長榮元大0C購05,0,0,0,0,0,0,0,0,0,8000,0,0,0,8000,0,8000,8000
4754,031067,嘉晶元大0C購02,0,0,0,0,0,0,0,0,0,8000,0,0,0,18000,10000,8000,8000
4755,031004,中石化永豐0A購01,0,0,0,0,0,0,0,0,0,8000,0,0,0,61000,53000,8000,8000
4756,032040,永光國票0B購01,0,0,0,0,0,0,0,0,0,8000,0,0,0,10000,2000,8000,8000
4757,032015,新光鋼統一0B購01,0,0,0,0,0,0,0,0,0,8000,0,0,0,29000,21000,8000,8000
4758,031811,中橡元大0B購01,0,0,0,0,0,0,0,0,0,8000,0,0,0,230000,222000,8000,8000
4759,031926,台聚元富11購01,0,0,0,0,0,0,0,0,0,8000,0,0,0,8000,0,8000,8000
4760,032699,台泥兆豐0B購01,0,0,0,0,0,0,0,0,0,8000,0,0,0,90000,82000,8000,8000
4761,035961,鴻海元大0C購17,0,0,0,0,0,0,0,0,0,8000,0,0,0,25000,17000,8000,8000
4762,035618,中興電國票0C購01,0,0,0,0,0,0,0,0,0,8000,0,0,0,8000,0,8000,8000
4763,07353P,欣興國票11售01,0,0,0,0,0,0,0,0,0,8000,0,0,0,44000,36000,8000,8000
4764,080793,川湖凱基09購01,0,0,0,0,0,0,0,0,0,8000,0,0,0,10000,2000,8000,8000
4765,080676,聯詠國泰08購01,0,0,0,0,0,0,0,0,0,8000,0,0,0,8000,0,8000,8000
4766,082642,台達電第一11購01,0,0,0,0,0,0,0,0,0,8000,0,0,0,9000,1000,8000,8000
4767,081489,立隆電凱基08購01,0,0,0,0,0,0,0,0,0,8000,0,0,0,8000,0,8000,8000
4768,083245,祥碩群益08購04,0,0,0,0,0,0,0,0,0,8000,0,0,0,18000,10000,8000,8000
4769,084565,國巨國票09購04,0,0,0,0,0,0,0,0,0,8000,0,0,0,8000,0,8000,8000
4770,083975,致新凱基08購01,0,0,0,0,0,0,0,0,0,8000,0,0,0,22000,14000,8000,8000
4771,085509,南電凱基09購04,0,0,0,0,0,0,0,0,0,8000,0,0,0,8000,0,8000,8000
4772,085129,瑞昱統一0A購01,0,0,0,0,0,0,0,0,0,8000,0,0,0,8000,0,8000,8000
4773,087339,台達電凱基09購02,0,0,0,0,0,0,0,0,0,8000,0,0,0,8000,0,8000,8000
4774,087558,榮成國票0A購02,0,0,0,0,0,0,0,0,0,8000,0,0,0,8000,0,8000,8000
4775,087801,南電麥證0A購02,0,0,0,13000,5000,8000,0,0,0,8000,0,0,0,13000,5000,8000,8000
4776,087864,臺股指富邦09購03,0,0,0,0,0,0,0,0,0,8000,0,0,0,15000,7000,8000,8000
4777,086613,南紡群益0A購01,0,0,0,0,0,0,0,0,0,8000,0,0,0,8000,0,8000,8000
4778,087206,台達化凱基09購01,0,0,0,0,0,0,0,0,0,8000,0,0,0,8000,0,8000,8000
4779,088052,強茂元大09購02,0,0,0,0,0,0,0,0,0,8000,0,0,0,8000,0,8000,8000
4780,088082,緯穎統一0B購01,0,0,0,0,0,0,0,0,0,8000,0,0,0,40000,32000,8000,8000
4781,088263,瑞昱永豐09購01,0,0,0,0,0,0,0,0,0,8000,0,0,0,9000,1000,8000,8000
4782,088562,旺宏凱基09購03,0,0,0,0,0,0,0,0,0,8000,0,0,0,8000,0,8000,8000
4783,088445,南茂凱基0A購01,0,0,0,0,0,0,0,0,0,8000,0,0,0,29000,21000,8000,8000
4784,088417,台積電群益0C購03,0,0,0,0,0,0,0,0,0,8000,0,0,0,10000,2000,8000,8000
4785,088688,廣宇元富0C購02,0,0,0,0,0,0,0,0,0,8000,0,0,0,8000,0,8000,8000
4786,035498,富邦金國泰12購01,0,0,0,0,0,0,0,0,0,8000,0,0,0,47000,39000,8000,8000
4787,035009,華新科元大0B購04,0,0,0,0,0,0,0,0,0,8000,0,0,0,17000,9000,8000,8000
4788,033811,國泰金元富0B購02,0,0,0,0,0,0,0,0,0,8000,0,0,0,11000,3000,8000,8000
4789,033695,合勤控元大0C購01,0,0,0,0,0,0,0,0,0,8000,0,0,0,22000,14000,8000,8000
4790,033579,和桐凱基11購01,0,0,0,0,0,0,0,0,0,8000,0,0,0,8000,0,8000,8000
4791,036447,友達元富13購01,0,0,0,0,0,0,0,0,0,8000,0,0,0,8000,0,8000,8000
4792,036765,南電國票11購01,0,0,0,0,0,0,0,0,0,8000,0,0,0,28000,20000,8000,8000
4793,037028,凌陽元大0C購02,0,0,0,0,0,0,0,0,0,8000,0,0,0,14000,6000,8000,8000
4794,037255,世紀鋼元大0C購07,0,0,0,0,0,0,0,0,0,8000,0,0,0,13000,5000,8000,8000
4795,037293,大立光元大12購04,0,0,0,0,0,0,0,0,0,8000,0,0,0,8000,0,8000,8000
4796,037616,凌陽元大0C購05,0,0,0,0,0,0,0,0,0,8000,0,0,0,9000,1000,8000,8000
4797,037689,貿聯元大0C購01,0,0,0,0,0,0,0,0,0,8000,0,0,0,12000,4000,8000,8000
4798,037758,欣興國泰13購02,0,0,0,0,0,0,0,0,0,8000,0,0,0,427000,419000,8000,8000
4799,037728,國泰金凱基0C購01,0,0,0,0,0,0,0,0,0,8000,0,0,0,15000,7000,8000,8000
4800,037718,第一銅凱基12購01,0,0,0,0,0,0,0,0,0,8000,0,0,0,8000,0,8000,8000
4801,06889P,友達國票0A售03,0,0,0,0,0,0,0,0,0,8000,0,0,0,8000,0,8000,8000
4802,06769P,滬深2X群益0A售02,0,0,0,0,0,0,0,0,0,8000,0,0,0,25000,17000,8000,8000
4803,040378,聯電元大13購03,0,0,0,0,0,0,0,0,0,8000,0,0,0,47000,39000,8000,8000
4804,040329,景碩國票13購01,0,0,0,0,0,0,0,0,0,8000,0,0,0,8000,0,8000,8000
4805,06691P,國巨凱基0C售03,0,0,0,0,0,0,0,0,0,8000,0,0,0,38000,30000,8000,8000
4806,039601,中鋼中信11購01,0,0,0,0,0,0,0,0,0,8000,0,0,0,10000,2000,8000,8000
4807,039619,為升元大13購01,0,0,0,0,0,0,0,0,0,8000,0,0,0,8000,0,8000,8000
4808,039568,微星元富12購01,0,0,0,0,0,0,0,0,0,8000,0,0,0,8000,0,8000,8000
4809,038566,華新科凱基13購02,0,0,0,0,0,0,0,0,0,8000,0,0,0,8000,0,8000,8000
4810,038449,台勝科元大13購01,0,0,0,0,0,0,0,0,0,8000,0,0,0,8000,0,8000,8000
4811,038002,日月光元大0C購06,0,0,0,0,0,0,0,0,0,8000,0,0,0,98000,90000,8000,8000
4812,038048,億光群益0C購01,0,0,0,0,0,0,0,0,0,8000,0,0,0,10000,2000,8000,8000
4813,038977,中鋼構國票12購01,0,0,0,0,0,0,0,0,0,8000,0,0,0,8000,0,8000,8000
4814,039292,華夏元富14購01,0,0,0,0,0,0,0,0,0,8000,0,0,0,8000,0,8000,8000
4815,1419,新紡,10000,2000,8000,0,0,0,0,0,0,0,0,0,0,0,0,0,8000
4816,3543,州巧,8000,0,8000,0,0,0,0,0,0,0,0,0,0,0,0,0,8000
4817,3557,嘉威,9000,0,9000,0,0,0,0,0,0,-1000,0,0,0,0,1000,-1000,8000
4818,3055,蔚華科,26000,18000,8000,0,0,0,0,0,0,0,0,0,0,0,0,0,8000
4819,2434,統懋,8000,0,8000,0,0,0,0,0,0,0,0,0,0,0,0,0,8000
4820,2739,寒舍,19000,11000,8000,0,0,0,0,0,0,0,0,0,0,0,0,0,8000
4821,088819,聯詠元大09購11,0,0,0,0,0,0,0,0,0,8000,0,0,0,12000,4000,8000,8000
4822,089240,華晶科永豐09購01,0,0,0,0,0,0,0,0,0,8000,0,0,0,208000,200000,8000,8000
4823,9930,中聯資源,9000,1000,8000,0,0,0,0,0,0,0,0,0,0,0,0,0,8000
4824,2207,和泰車,92824,84784,8040,0,0,0,0,0,0,-350,0,350,-350,0,0,0,7690
4825,6504,南六,26000,16000,10000,0,0,0,0,0,0,-2406,0,406,-406,0,2000,-2000,7594
4826,036013,健策凱基0C購01,0,0,0,0,0,0,0,0,0,7000,0,0,0,312000,305000,7000,7000
4827,032636,長榮統一11購04,0,0,0,0,0,0,0,0,0,7000,0,0,0,10000,3000,7000,7000
4828,032985,中石化元富0C購02,0,0,0,0,0,0,0,0,0,7000,0,0,0,7000,0,7000,7000
4829,032998,長榮元富0A購15,0,0,0,0,0,0,0,0,0,7000,0,0,0,11000,4000,7000,7000
4830,031792,台橡國票0B購01,0,0,0,0,0,0,0,0,0,7000,0,0,0,10000,3000,7000,7000
4831,031051,光磊元大0C購01,0,0,0,0,0,0,0,0,0,7000,0,0,0,37000,30000,7000,7000
4832,030798,長榮凱基0A購08,0,0,0,0,0,0,0,0,0,7000,0,0,0,7000,0,7000,7000
4833,030907,光磊凱基0A購01,0,0,0,0,0,0,0,0,0,7000,0,0,0,41000,34000,7000,7000
4834,030598,東鋼元大0A購01,0,0,0,0,0,0,0,0,0,7000,0,0,0,10000,3000,7000,7000
4835,030176,威鋒電國泰0C購01,0,0,0,0,0,0,0,0,0,7000,0,0,0,7000,0,7000,7000
4836,030204,鼎元凱基0A購01,0,0,0,0,0,0,0,0,0,7000,0,0,0,7000,0,7000,7000
4837,088271,聚鼎永豐09購01,0,0,0,0,0,0,0,0,0,7000,0,0,0,10000,3000,7000,7000
4838,088223,金像電元富11購01,0,0,0,0,0,0,0,0,0,7000,0,0,0,7000,0,7000,7000
4839,088189,旺宏群益0B購05,0,0,0,0,0,0,0,0,0,7000,0,0,0,7000,0,7000,7000
4840,086678,友達統一0B購02,0,0,0,0,0,0,0,0,0,7000,0,0,0,71000,64000,7000,7000
4841,086337,友達元大09購05,0,0,0,0,0,0,0,0,0,7000,0,0,0,7000,0,7000,7000
4842,084019,凱美統一08購01,0,0,0,0,0,0,0,0,0,7000,0,0,0,7000,0,7000,7000
4843,082345,華邦電國泰09購01,0,0,0,0,0,0,0,0,0,7000,0,0,0,7000,0,7000,7000
4844,082176,台積電兆豐08購01,0,0,0,0,0,0,0,0,0,7000,0,0,0,7000,0,7000,7000
4845,082439,愛普國泰09購01,0,0,0,0,0,0,0,0,0,7000,0,0,0,7000,0,7000,7000
4846,07364P,世紀鋼元富0C售04,0,0,0,0,0,0,0,0,0,7000,0,0,0,7000,0,7000,7000
4847,074347,鴻海統一08購01,0,0,0,0,0,0,0,0,0,7000,0,0,0,7000,0,7000,7000
4848,07488P,臺指2X中信14售01,0,0,0,0,0,0,0,0,0,7000,0,0,0,10000,3000,7000,7000
4849,037496,新唐凱基12購01,0,0,0,0,0,0,0,0,0,7000,0,0,0,7000,0,7000,7000
4850,037889,群創國泰13購01,0,0,0,0,0,0,0,0,0,7000,0,0,0,9000,2000,7000,7000
4851,037269,百和群益0C購02,0,0,0,0,0,0,0,0,0,7000,0,0,0,7000,0,7000,7000
4852,036956,台光電永豐0C購02,0,0,0,0,0,0,0,0,0,7000,0,0,0,7000,0,7000,7000
4853,036891,聯電元大0C購11,0,0,0,0,0,0,0,0,0,7000,0,0,0,20000,13000,7000,7000
4854,036316,強茂統一11購01,0,0,0,0,0,0,0,0,0,7000,0,0,0,7000,0,7000,7000
4855,033778,中鋼元大0B購03,0,0,0,0,0,0,0,0,0,7000,0,0,0,12000,5000,7000,7000
4856,034136,台聚凱基0C購02,0,0,0,0,0,0,0,0,0,7000,0,0,0,51000,44000,7000,7000
4857,035341,台積電元富12購21,0,0,0,0,0,0,0,0,0,7000,0,0,0,7000,0,7000,7000
4858,034211,東聯元富0C購01,0,0,0,0,0,0,0,0,0,7000,0,0,0,7000,0,7000,7000
4859,033429,台灣5G元大12購01,0,0,0,0,0,0,0,0,0,7000,0,0,0,10000,3000,7000,7000
4860,033863,臺股指凱基0B購11,0,0,0,0,0,0,0,0,0,7000,0,0,0,20000,13000,7000,7000
4861,034995,中鋼元大0B購11,0,0,0,0,0,0,0,0,0,7000,0,0,0,11000,4000,7000,7000
4862,033313,智原元富0C購01,0,0,0,0,0,0,0,0,0,7000,0,0,0,7000,0,7000,7000
4863,039092,台勝科元富17購01,0,0,0,0,0,0,0,0,0,7000,0,0,0,7000,0,7000,7000
4864,039237,盛群國票12購01,0,0,0,0,0,0,0,0,0,7000,0,0,0,50000,43000,7000,7000
4865,038966,矽創元大12購02,0,0,0,0,0,0,0,0,0,7000,0,0,0,38000,31000,7000,7000
4866,039014,玉晶光永豐11購02,0,0,0,0,0,0,0,0,0,7000,0,0,0,10000,3000,7000,7000
4867,038645,強茂國泰13購02,0,0,0,0,0,0,0,0,0,7000,0,0,0,7000,0,7000,7000
4868,039956,允強元大11購03,0,0,0,0,0,0,0,0,0,7000,0,0,0,33000,26000,7000,7000
4869,06377P,聯詠康和08售02,0,0,0,0,0,0,0,0,0,7000,0,0,0,7000,0,7000,7000
4870,040336,矽創國票13購01,0,0,0,0,0,0,0,0,0,7000,0,0,0,9000,2000,7000,7000
4871,07040P,聯發科統一0C售05,0,0,0,0,0,0,0,0,0,7000,0,0,0,14000,7000,7000,7000
4872,070871,台積電元富08購21,0,0,0,0,0,0,0,0,0,7000,0,0,0,7000,0,7000,7000
4873,07285P,京元電元富0C售01,0,0,0,0,0,0,0,0,0,7000,0,0,0,7000,0,7000,7000
4874,2397,友通,9000,2000,7000,0,0,0,0,0,0,0,0,0,0,0,0,0,7000
4875,1446,宏和,10000,3000,7000,0,0,0,0,0,0,0,0,0,0,0,0,0,7000
4876,2514,龍邦,8000,1000,7000,0,0,0,0,0,0,0,0,0,0,0,0,0,7000
4877,089185,台積電凱基0A購12,0,0,0,0,0,0,0,0,0,7000,0,0,0,11000,4000,7000,7000
4878,1316,上曜,40000,33000,7000,0,0,0,0,0,0,0,0,0,0,0,0,0,7000
4879,2104,國際中橡,620000,598000,22000,0,0,0,0,0,0,-15252,2,254,-252,0,15000,-15000,6748
4880,0051,元大中型100,22000,12000,10000,0,0,0,0,0,0,-3499,0,0,0,0,3499,-3499,6501
4881,00690,兆豐藍籌30,3000,2000,1000,0,0,0,0,0,0,5000,0,0,0,106000,101000,5000,6000
4882,01003T,兆豐新光R1,6000,0,6000,0,0,0,0,0,0,0,0,0,0,0,0,0,6000
4883,030168,嘉晶國泰0C購01,0,0,0,0,0,0,0,0,0,6000,0,0,0,6000,0,6000,6000
4884,030107,欣興永豐0A購02,0,0,0,0,0,0,0,0,0,6000,0,0,0,6000,0,6000,6000
4885,030477,台玻永豐0A購01,0,0,0,0,0,0,0,0,0,6000,0,0,0,16000,10000,6000,6000
4886,032805,台玻國票0B購02,0,0,0,0,0,0,0,0,0,6000,0,0,0,6000,0,6000,6000
4887,032840,台塑中信0A購01,0,0,0,0,0,0,0,0,0,6000,0,0,0,6000,0,6000,6000
4888,032371,群創凱基0C購04,0,0,0,0,0,0,0,0,0,6000,0,0,0,11000,5000,6000,6000
4889,031735,中石化凱基14購01,0,0,0,0,0,0,0,0,0,6000,0,0,0,27000,21000,6000,6000
4890,032098,燁輝永豐0A購05,0,0,0,0,0,0,0,0,0,6000,0,0,0,6000,0,6000,6000
4891,033220,欣興元富0B購03,0,0,0,0,0,0,0,0,0,6000,0,0,0,6000,0,6000,6000
4892,033263,盛群元大0B購01,0,0,0,0,0,0,0,0,0,6000,0,0,0,6000,0,6000,6000
4893,033019,晶技麥證0A購01,0,0,0,193000,187000,6000,0,0,0,6000,0,0,0,193000,187000,6000,6000
4894,031689,東鋼兆豐0A購02,0,0,0,0,0,0,0,0,0,6000,0,0,0,6000,0,6000,6000
4895,032659,聚陽麥證0B購01,0,0,0,6000,0,6000,0,0,0,6000,0,0,0,6000,0,6000,6000
4896,032471,萬海中信0B購02,0,0,0,0,0,0,0,0,0,6000,0,0,0,6000,0,6000,6000
4897,035861,國喬元富13購02,0,0,0,0,0,0,0,0,0,6000,0,0,0,6000,0,6000,6000
4898,07366P,台玻元大0C售07,0,0,0,0,0,0,0,0,0,6000,0,0,0,45000,39000,6000,6000
4899,080243,開發金元大0B購01,0,0,0,0,0,0,0,0,0,6000,0,0,0,6000,0,6000,6000
4900,078237,新日興元富0C購01,0,0,0,0,0,0,0,0,0,6000,0,0,0,6000,0,6000,6000
4901,083131,凱美凱基09購01,0,0,0,0,0,0,0,0,0,6000,0,0,0,40000,34000,6000,6000
4902,082841,聯電國票08購04,0,0,0,0,0,0,0,0,0,6000,0,0,0,6000,0,6000,6000
4903,084923,台積電元大08購18,0,0,0,0,0,0,0,0,0,6000,0,0,0,6000,0,6000,6000
4904,087279,岱宇元大09購01,0,0,0,0,0,0,0,0,0,6000,0,0,0,6000,0,6000,6000
4905,086926,為升元大09購01,0,0,0,0,0,0,0,0,0,6000,0,0,0,6000,0,6000,6000
4906,088217,惠特統一0C購01,0,0,0,0,0,0,0,0,0,6000,0,0,0,6000,0,6000,6000
4907,088154,SGBR2X元大0C購01,0,0,0,0,0,0,0,0,0,6000,0,0,0,6000,0,6000,6000
4908,088368,欣陸元富09購01,0,0,0,0,0,0,0,0,0,6000,0,0,0,9000,3000,6000,6000
4909,088338,美食元大09購03,0,0,0,0,0,0,0,0,0,6000,0,0,0,6000,0,6000,6000
4910,088727,台郡凱基0A購01,0,0,0,0,0,0,0,0,0,6000,0,0,0,16000,10000,6000,6000
4911,088789,聯電群益0A購07,0,0,0,0,0,0,0,0,0,6000,0,0,0,6000,0,6000,6000
4912,088784,安集國票0A購01,0,0,0,0,0,0,0,0,0,6000,0,0,0,6000,0,6000,6000
4913,035482,凌陽群益0B購02,0,0,0,0,0,0,0,0,0,6000,0,0,0,6000,0,6000,6000
4914,035387,台達化永豐0B購01,0,0,0,0,0,0,0,0,0,6000,0,0,0,20000,14000,6000,6000
4915,035244,華新科群益0B購03,0,0,0,0,0,0,0,0,0,6000,0,0,0,7000,1000,6000,6000
4916,036084,燁輝元大12購02,0,0,0,0,0,0,0,0,0,6000,0,0,0,15000,9000,6000,6000
4917,036098,新唐元大0C購03,0,0,0,0,0,0,0,0,0,6000,0,0,0,11000,5000,6000,6000
4918,034885,群創群益0B購13,0,0,0,0,0,0,0,0,0,6000,0,0,0,10000,4000,6000,6000
4919,034869,GIS元大0B購01,0,0,0,0,0,0,0,0,0,6000,0,0,0,12000,6000,6000,6000
4920,033962,開發金國泰11購01,0,0,0,0,0,0,0,0,0,6000,0,0,0,25000,19000,6000,6000
4921,037046,景碩元大0C購04,0,0,0,0,0,0,0,0,0,6000,0,0,0,6000,0,6000,6000
4922,037446,台積電元大11購12,0,0,0,0,0,0,0,0,0,6000,0,0,0,6000,0,6000,6000
4923,037682,台達電元大11購03,0,0,0,0,0,0,0,0,0,6000,0,0,0,6000,0,6000,6000
4924,07213P,萬海元富0B售06,10000,0,10000,0,0,0,0,0,0,-4000,0,0,0,0,4000,-4000,6000
4925,04988P,大立光國泰09售01,0,0,0,0,0,0,0,0,0,6000,0,0,0,6000,0,6000,6000
4926,05812P,台積電國泰09售05,0,0,0,0,0,0,0,0,0,6000,0,0,0,7000,1000,6000,6000
4927,040178,欣興元富11購03,0,0,0,0,0,0,0,0,0,6000,0,0,0,34000,28000,6000,6000
4928,038581,強茂永豐11購02,0,0,0,0,0,0,0,0,0,6000,0,0,0,379000,373000,6000,6000
4929,038295,巨大永豐11購01,0,0,0,0,0,0,0,0,0,6000,0,0,0,290000,284000,6000,6000
4930,039032,瑞軒凱基11購01,0,0,0,0,0,0,0,0,0,6000,0,0,0,8000,2000,6000,6000
4931,038786,東鹼群益11購02,0,0,0,0,0,0,0,0,0,6000,0,0,0,6000,0,6000,6000
4932,1733,五鼎,8000,2000,6000,0,0,0,0,0,0,0,0,0,0,0,0,0,6000
4933,089935,興富發永豐0A購01,0,0,0,0,0,0,0,0,0,6000,0,0,0,148000,142000,6000,6000
4934,089858,南電元大0B購02,0,0,0,0,0,0,0,0,0,6000,0,0,0,111000,105000,6000,6000
4935,089150,矽創元大0C購01,0,0,0,0,0,0,0,0,0,6000,0,0,0,6000,0,6000,6000
4936,6281,全國電,6000,0,6000,0,0,0,0,0,0,0,0,0,0,0,0,0,6000
4937,4540,全球傳動,37000,31000,6000,0,0,0,0,0,0,0,0,0,0,0,0,0,6000
4938,1786,科妍,6000,0,6000,0,0,0,0,0,0,-1,0,1,-1,0,0,0,5999
4939,4137,麗豐-KY,54000,60000,-6000,0,0,0,0,1000,-1000,12050,10000,0,10000,3000,950,2050,5050
4940,035907,和碩群益0C購01,0,0,0,0,0,0,0,0,0,5000,0,0,0,5000,0,5000,5000
4941,035823,聚陽元大0B購03,0,0,0,0,0,0,0,0,0,5000,0,0,0,5000,0,5000,5000
4942,036002,SGBR2X凱基11購01,0,0,0,0,0,0,0,0,0,5000,0,0,0,5000,0,5000,5000
4943,032522,彩晶永豐0A購04,0,0,0,0,0,0,0,0,0,5000,0,0,0,5000,0,5000,5000
4944,032546,慧洋凱基14購01,0,0,0,0,0,0,0,0,0,5000,0,0,0,15000,10000,5000,5000
4945,032584,中鋼元大12購03,0,0,0,0,0,0,0,0,0,5000,0,0,0,5000,0,5000,5000
4946,032579,中石化元大0C購02,0,0,0,0,0,0,0,0,0,5000,0,0,0,5000,0,5000,5000
4947,032576,台泥元大0A購03,0,0,0,0,0,0,0,0,0,5000,0,0,0,10000,5000,5000,5000
4948,032713,東鋼群益11購01,0,0,0,0,0,0,0,0,0,5000,0,0,0,10000,5000,5000,5000
4949,031691,華通兆豐0A購01,0,0,0,0,0,0,0,0,0,5000,0,0,0,5000,0,5000,5000
4950,031687,華新兆豐0B購01,0,0,0,0,0,0,0,0,0,5000,0,0,0,5000,0,5000,5000
4951,033463,界霖群益0C購01,0,0,0,0,0,0,0,0,0,5000,0,0,0,5000,0,5000,5000
4952,031675,瀚宇博元大0A購01,0,0,0,0,0,0,0,0,0,5000,0,0,0,10000,5000,5000,5000
4953,033497,宏達電統一0C購01,0,0,0,0,0,0,0,0,0,5000,0,0,0,5000,0,5000,5000
4954,034267,健策國票0C購01,0,0,0,0,0,0,0,0,0,5000,0,0,0,65000,60000,5000,5000
4955,032288,長榮中信0C購05,0,0,0,0,0,0,0,0,0,5000,0,0,0,5000,0,5000,5000
4956,032328,中鋼群益14購01,0,0,0,0,0,0,0,0,0,5000,0,0,0,5000,0,5000,5000
4957,032951,中鋼元大0A購17,0,0,0,0,0,0,0,0,0,5000,0,0,0,5000,0,5000,5000
4958,033219,萬海元富0B購03,0,0,0,0,0,0,0,0,0,5000,0,0,0,5000,0,5000,5000
4959,033210,奇力新群益0B購01,0,0,0,0,0,0,0,0,0,5000,0,0,0,5000,0,5000,5000
4960,033187,元金2X凱基11購01,0,0,0,0,0,0,0,0,0,5000,0,0,0,5000,0,5000,5000
4961,032126,中鋼凱基12購02,0,0,0,0,0,0,0,0,0,5000,0,0,0,5000,0,5000,5000
4962,032401,元黃金元大11購01,0,0,0,0,0,0,0,0,0,5000,0,0,0,105000,100000,5000,5000
4963,031786,中石化國票0B購02,0,0,0,0,0,0,0,0,0,5000,0,0,0,5000,0,5000,5000
4964,031403,宏達電兆豐0A購01,0,0,0,0,0,0,0,0,0,5000,0,0,0,5000,0,5000,5000
4965,031416,中鋼凱基14購01,0,0,0,0,0,0,0,0,0,5000,0,0,0,33000,28000,5000,5000
4966,032421,中鋼元大0A購11,0,0,0,0,0,0,0,0,0,5000,0,0,0,5000,0,5000,5000
4967,032423,大成鋼元大0A購10,0,0,0,0,0,0,0,0,0,5000,0,0,0,15000,10000,5000,5000
4968,032427,台積電元大0B購06,0,0,0,0,0,0,0,0,0,5000,0,0,0,5000,0,5000,5000
4969,033121,喬山元大0B購01,0,0,0,0,0,0,0,0,0,5000,0,0,0,5000,0,5000,5000
4970,033129,華邦電元大0A購14,0,0,0,0,0,0,0,0,0,5000,0,0,0,24000,19000,5000,5000
4971,032061,新唐國票0B購01,0,0,0,0,0,0,0,0,0,5000,0,0,0,15000,10000,5000,5000
4972,032063,復盛國票0B購01,0,0,0,0,0,0,0,0,0,5000,0,0,0,5000,0,5000,5000
4973,031987,中鋼群益0B購05,0,0,0,0,0,0,0,0,0,5000,0,0,0,5000,0,5000,5000
4974,030701,友達群益0A購01,5000,0,5000,0,0,0,0,0,0,0,0,0,0,0,0,0,5000
4975,030630,盛群元大0A購01,0,0,0,0,0,0,0,0,0,5000,0,0,0,16000,11000,5000,5000
4976,030865,聯陽永豐0A購01,0,0,0,0,0,0,0,0,0,5000,0,0,0,1143000,1138000,5000,5000
4977,030981,宏達電元大0B購02,0,0,0,0,0,0,0,0,0,5000,0,0,0,546000,541000,5000,5000
4978,030975,美律元大0B購02,0,0,0,0,0,0,0,0,0,5000,0,0,0,101000,96000,5000,5000
4979,031214,全新凱基0A購02,0,0,0,0,0,0,0,0,0,5000,0,0,0,10000,5000,5000,5000
4980,031181,長榮永豐0A購04,0,0,0,0,0,0,0,0,0,5000,0,0,0,5000,0,5000,5000
4981,031184,神基永豐0A購02,0,0,0,0,0,0,0,0,0,5000,0,0,0,5000,0,5000,5000
4982,030160,宏達電中信0B購01,0,0,0,0,0,0,0,0,0,5000,0,0,0,5000,0,5000,5000
4983,030210,台驊控凱基0C購01,0,0,0,0,0,0,0,0,0,5000,0,0,0,5000,0,5000,5000
4984,030234,茂順凱基0C購01,0,0,0,0,0,0,0,0,0,5000,0,0,0,5000,0,5000,5000
4985,00717,富邦美國特別股,0,7000,-7000,0,0,0,0,0,0,12000,0,0,0,443000,431000,12000,5000
4986,088730,南茂凱基09購02,0,0,0,0,0,0,0,0,0,5000,0,0,0,5000,0,5000,5000
4987,088649,創意富邦0A購01,0,0,0,0,0,0,0,0,0,5000,0,0,0,5000,0,5000,5000
4988,088305,海悅凱基09購01,0,0,0,0,0,0,0,0,0,5000,0,0,0,5000,0,5000,5000
4989,088325,華通元大09購02,0,0,0,0,0,0,0,0,0,5000,0,0,0,31000,26000,5000,5000
4990,088421,瑞軒群益0A購01,0,0,0,0,0,0,0,0,0,5000,0,0,0,5000,0,5000,5000
4991,088544,英業達群益09購01,0,0,0,0,0,0,0,0,0,5000,0,0,0,5000,0,5000,5000
4992,088147,界霖永豐09購01,0,0,0,0,0,0,0,0,0,5000,0,0,0,5000,0,5000,5000
4993,088167,華新科元大0B購03,0,0,0,0,0,0,0,0,0,5000,0,0,0,5000,0,5000,5000
4994,088244,臻鼎國票0A購01,0,0,0,0,0,0,0,0,0,5000,0,0,0,5000,0,5000,5000
4995,086924,健策兆豐0A購01,0,0,0,0,0,0,0,0,0,5000,0,0,0,5000,0,5000,5000
4996,087257,義隆國票0A購01,0,0,0,0,0,0,0,0,0,5000,0,0,0,40000,35000,5000,5000
4997,086681,榮運統一0B購01,0,0,0,0,0,0,0,0,0,5000,0,0,0,5000,0,5000,5000
4998,086726,臺股指元大0A購17,0,0,0,0,0,0,0,0,0,5000,0,0,0,5000,0,5000,5000
4999,086639,大立光凱基0C購01,0,0,0,0,0,0,0,0,0,5000,0,0,0,5000,0,5000,5000
5000,086741,矽創群益09購01,0,0,0,0,0,0,0,0,0,5000,0,0,0,5000,0,5000,5000
5001,087842,長華凱基09購02,0,0,0,0,0,0,0,0,0,5000,0,0,0,5000,0,5000,5000
5002,087786,晶豪科永豐09購06,0,0,0,0,0,0,0,0,0,5000,0,0,0,5000,0,5000,5000
5003,087663,富邦金兆豐09購03,0,0,0,0,0,0,0,0,0,5000,0,0,0,5000,0,5000,5000
5004,087333,台達化凱基0B購01,0,0,0,0,0,0,0,0,0,5000,0,0,0,18000,13000,5000,5000
5005,087373,台達化元大09購01,0,0,0,0,0,0,0,0,0,5000,0,0,0,20000,15000,5000,5000
5006,084972,友達凱基09購06,0,0,0,0,0,0,0,0,0,5000,0,0,0,5000,0,5000,5000
5007,085276,聯電凱基08購12,0,0,0,0,0,0,0,0,0,5000,0,0,0,5000,0,5000,5000
5008,085189,台灣50群益09購05,0,0,0,0,0,0,0,0,0,5000,0,0,0,5000,0,5000,5000
5009,085594,T50反1元大0B購07,0,0,0,0,0,0,0,0,0,5000,0,0,0,5000,0,5000,5000
5010,086264,英業達永豐09購01,0,0,0,0,0,0,0,0,0,5000,0,0,0,5000,0,5000,5000
5011,086547,精英元大09購02,0,0,0,0,0,0,0,0,0,5000,0,0,0,5000,0,5000,5000
5012,086555,亞光元大0C購01,0,0,0,0,0,0,0,0,0,5000,0,0,0,15000,10000,5000,5000
5013,086480,精英統一0B購01,0,0,0,0,0,0,0,0,0,5000,0,0,0,5000,0,5000,5000
5014,086007,晶技元大0B購01,0,0,0,0,0,0,0,0,0,5000,0,0,0,50000,45000,5000,5000
5015,086026,強茂永豐08購01,0,0,0,0,0,0,0,0,0,5000,0,0,0,5000,0,5000,5000
5016,086197,晶豪科凱基09購02,0,0,0,0,0,0,0,0,0,5000,0,0,0,5000,0,5000,5000
5017,085818,華邦電群益08購06,0,0,0,0,0,0,0,0,0,5000,0,0,0,63000,58000,5000,5000
5018,082827,日月光元大08購01,0,0,0,0,0,0,0,0,0,5000,0,0,0,5000,0,5000,5000
5019,082816,大立光元大09購01,0,0,0,0,0,0,0,0,0,5000,0,0,0,5000,0,5000,5000
5020,082754,聯電統一0A購01,0,0,0,0,0,0,0,0,0,5000,0,0,0,5000,0,5000,5000
5021,082741,晶技群益08購01,0,0,0,0,0,0,0,0,0,5000,0,0,0,5000,0,5000,5000
5022,081349,南亞凱基08購01,0,0,0,0,0,0,0,0,0,5000,0,0,0,5000,0,5000,5000
5023,081688,台積電群益09購01,0,0,0,0,0,0,0,0,0,5000,0,0,0,5000,0,5000,5000
5024,081157,復盛凱基0A購01,0,0,0,0,0,0,0,0,0,5000,0,0,0,11000,6000,5000,5000
5025,081956,台表科統一09購01,0,0,0,0,0,0,0,0,0,5000,0,0,0,5000,0,5000,5000
5026,082155,鴻海國泰09購02,0,0,0,0,0,0,0,0,0,5000,0,0,0,95000,90000,5000,5000
5027,082117,同欣電群益08購03,0,0,0,0,0,0,0,0,0,5000,0,0,0,5000,0,5000,5000
5028,082329,嘉澤統一09購02,0,0,0,0,0,0,0,0,0,5000,0,0,0,5000,0,5000,5000
5029,084244,聯詠統一09購05,0,0,0,0,0,0,0,0,0,5000,0,0,0,5000,0,5000,5000
5030,083143,台郡凱基08購01,0,0,0,0,0,0,0,0,0,5000,0,0,0,5000,0,5000,5000
5031,083330,國巨統一08購05,0,0,0,0,0,0,0,0,0,5000,0,0,0,5000,0,5000,5000
5032,083601,群創國泰09購01,0,0,0,0,0,0,0,0,0,5000,0,0,0,6000,1000,5000,5000
5033,083621,鴻海凱基08購09,0,0,0,0,0,0,0,0,0,5000,0,0,0,5000,0,5000,5000
5034,078333,聯電凱基08購02,0,0,0,0,0,0,0,0,0,5000,0,0,0,5000,0,5000,5000
5035,078269,國巨國票09購01,0,0,0,0,0,0,0,0,0,5000,0,0,0,7000,2000,5000,5000
5036,077990,惠特元大08購01,0,0,0,0,0,0,0,0,0,5000,0,0,0,5000,0,5000,5000
5037,077592,玉晶光統一09購02,0,0,0,0,0,0,0,0,0,5000,0,0,0,5000,0,5000,5000
5038,078595,玉晶光元大09購02,0,0,0,0,0,0,0,0,0,5000,0,0,0,5000,0,5000,5000
5039,079051,世芯元大08購01,0,0,0,0,0,0,0,0,0,5000,0,0,0,5000,0,5000,5000
5040,078950,全新元富0C購01,0,0,0,0,0,0,0,0,0,5000,0,0,0,25000,20000,5000,5000
5041,079551,開發金群益08購01,0,0,0,0,0,0,0,0,0,5000,0,0,0,5000,0,5000,5000
5042,080175,國巨統一08購02,0,0,0,0,0,0,0,0,0,5000,0,0,0,5000,0,5000,5000
5043,080550,榮成國泰08購02,0,0,0,0,0,0,0,0,0,5000,0,0,0,5000,0,5000,5000
5044,080562,日月光富邦08購01,0,0,0,0,0,0,0,0,0,5000,0,0,0,5000,0,5000,5000
5045,080940,致茂群益09購01,0,0,0,0,0,0,0,0,0,5000,0,0,0,5000,0,5000,5000
5046,081097,大成群益0A購01,0,0,0,0,0,0,0,0,0,5000,0,0,0,53000,48000,5000,5000
5047,081098,卜蜂群益09購01,0,0,0,0,0,0,0,0,0,5000,0,0,0,6000,1000,5000,5000
5048,07546P,大立光富邦15售01,0,0,0,0,0,0,0,0,0,5000,0,0,0,5000,0,5000,5000
5049,076354,元金反中信08購01,0,0,0,0,0,0,0,0,0,5000,0,0,0,5000,0,5000,5000
5050,037787,凌陽群益0C購01,0,0,0,0,0,0,0,0,0,5000,0,0,0,5000,0,5000,5000
5051,037482,國光生中信0C購01,0,0,0,0,0,0,0,0,0,5000,0,0,0,25000,20000,5000,5000
5052,037534,台光電元大0C購02,0,0,0,0,0,0,0,0,0,5000,0,0,0,30000,25000,5000,5000
5053,037449,友達元大12購02,0,0,0,0,0,0,0,0,0,5000,0,0,0,5000,0,5000,5000
5054,037388,深中小凱基12購01,0,0,0,0,0,0,0,0,0,5000,0,0,0,5000,0,5000,5000
5055,03735C,台灣50富邦0C牛01,0,0,0,0,0,0,0,0,0,5000,0,0,0,15000,10000,5000,5000
5056,037219,威鋒電元富13購04,0,0,0,0,0,0,0,0,0,5000,0,0,0,5000,0,5000,5000
5057,037145,金像電元富13購03,0,0,0,0,0,0,0,0,0,5000,0,0,0,15000,10000,5000,5000
5058,037162,華通富邦12購01,0,0,0,0,0,0,0,0,0,5000,0,0,0,5000,0,5000,5000
5059,036833,同欣電群益0C購01,0,0,0,0,0,0,0,0,0,5000,0,0,0,6000,1000,5000,5000
5060,036701,晶碩永豐0C購01,0,0,0,0,0,0,0,0,0,5000,0,0,0,5000,0,5000,5000
5061,034000,大成鋼群益0C購05,0,0,0,0,0,0,0,0,0,5000,0,0,0,96000,91000,5000,5000
5062,034073,SGBR2X元大0B購01,0,0,0,0,0,0,0,0,0,5000,0,0,0,5000,0,5000,5000
5063,034083,國巨元大0C購08,0,0,0,0,0,0,0,0,0,5000,0,0,0,8000,3000,5000,5000
5064,034177,台聚元大0B購04,0,0,0,0,0,0,0,0,0,5000,0,0,0,5000,0,5000,5000
5065,036123,群創群益12購03,0,0,0,0,0,0,0,0,0,5000,0,0,0,5000,0,5000,5000
5066,036169,國喬麥證11購01,0,0,0,5000,0,5000,0,0,0,5000,0,0,0,5000,0,5000,5000
5067,035326,國泰金元大0B購05,0,0,0,0,0,0,0,0,0,5000,0,0,0,25000,20000,5000,5000
5068,034580,光磊凱基0B購01,0,0,0,0,0,0,0,0,0,5000,0,0,0,15000,10000,5000,5000
5069,036478,長榮航元大0C購06,0,0,0,0,0,0,0,0,0,5000,0,0,0,5000,0,5000,5000
5070,036682,臻鼎國票11購01,0,0,0,0,0,0,0,0,0,5000,0,0,0,10000,5000,5000,5000
5071,034248,新光鋼統一13購01,0,0,0,0,0,0,0,0,0,5000,0,0,0,5000,0,5000,5000
5072,034935,力山群益0B購01,0,0,0,0,0,0,0,0,0,5000,0,0,0,5000,0,5000,5000
5073,033583,大成鋼凱基13購03,0,0,0,0,0,0,0,0,0,5000,0,0,0,5000,0,5000,5000
5074,033594,亞德客兆豐0C購01,0,0,0,0,0,0,0,0,0,5000,0,0,0,5000,0,5000,5000
5075,035763,正文元富13購01,0,0,0,0,0,0,0,0,0,5000,0,0,0,5000,0,5000,5000
5076,035207,長榮麥證0B購03,0,0,0,5000,0,5000,0,0,0,5000,0,0,0,5000,0,5000,5000
5077,035761,玉晶光元富13購04,0,0,0,0,0,0,0,0,0,5000,0,0,0,5000,0,5000,5000
5078,034674,長榮凱基12購03,0,0,0,0,0,0,0,0,0,5000,0,0,0,5000,0,5000,5000
5079,033459,智原群益0C購01,0,0,0,0,0,0,0,0,0,5000,0,0,0,5000,0,5000,5000
5080,033428,台灣5G元大11購02,0,0,0,0,0,0,0,0,0,5000,0,0,0,5000,0,5000,5000
5081,033439,聯發科元大12購04,0,0,0,0,0,0,0,0,0,5000,0,0,0,30000,25000,5000,5000
5082,033385,宏達電元大0B購05,0,0,0,0,0,0,0,0,0,5000,0,0,0,5000,0,5000,5000
5083,033914,高股息元大0B購01,0,0,0,0,0,0,0,0,0,5000,0,0,0,10000,5000,5000,5000
5084,036069,群創群益12購02,0,0,0,0,0,0,0,0,0,5000,0,0,0,5000,0,5000,5000
5085,036047,矽創元富13購01,0,0,0,0,0,0,0,0,0,5000,0,0,0,5000,0,5000,5000
5086,035322,萬海元大0B購10,0,0,0,0,0,0,0,0,0,5000,0,0,0,5000,0,5000,5000
5087,035487,國泰金群益0C購01,0,0,0,0,0,0,0,0,0,5000,0,0,0,11000,6000,5000,5000
5088,038806,台灣50元大11購15,0,0,0,0,0,0,0,0,0,5000,0,0,0,5000,0,5000,5000
5089,038879,國巨第一17購01,0,0,0,0,0,0,0,0,0,5000,0,0,0,6000,1000,5000,5000
5090,039150,聯陽群益11購01,0,0,0,0,0,0,0,0,0,5000,0,0,0,35000,30000,5000,5000
5091,039142,智原國泰13購01,0,0,0,0,0,0,0,0,0,5000,0,0,0,5000,0,5000,5000
5092,038195,元金2X群益13購01,0,0,0,0,0,0,0,0,0,5000,0,0,0,5000,0,5000,5000
5093,038162,金像電元大11購04,0,0,0,0,0,0,0,0,0,5000,0,0,0,35000,30000,5000,5000
5094,037979,榮運永豐0C購03,0,0,0,0,0,0,0,0,0,5000,0,0,0,20000,15000,5000,5000
5095,037977,旺宏永豐0C購01,0,0,0,0,0,0,0,0,0,5000,0,0,0,5000,0,5000,5000
5096,038694,GIS群益11購03,0,0,0,0,0,0,0,0,0,5000,0,0,0,15000,10000,5000,5000
5097,038448,台勝科元大11購02,0,0,0,0,0,0,0,0,0,5000,0,0,0,5000,0,5000,5000
5098,038501,神隆永豐11購01,0,0,0,0,0,0,0,0,0,5000,0,0,0,5000,0,5000,5000
5099,038410,智邦兆豐14購01,0,0,0,0,0,0,0,0,0,5000,0,0,0,8000,3000,5000,5000
5100,039520,臺股指群益11購08,0,0,0,0,0,0,0,0,0,5000,0,0,0,8000,3000,5000,5000
5101,039876,富邦金國泰13購02,0,0,0,0,0,0,0,0,0,5000,0,0,0,27000,22000,5000,5000
5102,05637P,臺股指中信0B售04,0,0,0,0,0,0,0,0,0,5000,0,0,0,5000,0,5000,5000
5103,06056P,台積電兆豐08售09,0,0,0,0,0,0,0,0,0,5000,0,0,0,5000,0,5000,5000
5104,040404,致新元富14購02,0,0,0,0,0,0,0,0,0,5000,0,0,0,6000,1000,5000,5000
5105,07173P,長榮航凱基0B售03,0,0,0,0,0,0,0,0,0,5000,0,0,0,5000,0,5000,5000
5106,071712,儒鴻元富09購01,0,0,0,0,0,0,0,0,0,5000,0,0,0,5000,0,5000,5000
5107,07161P,大立光凱基0B售05,0,0,0,0,0,0,0,0,0,5000,0,0,0,5000,0,5000,5000
5108,07013P,道瓊指凱基12售01,0,0,0,0,0,0,0,0,0,5000,0,0,0,5000,0,5000,5000
5109,07015P,鴻準元富0B售03,0,0,0,0,0,0,0,0,0,5000,0,0,0,5000,0,5000,5000
5110,06922P,友達凱基0A售07,0,0,0,0,0,0,0,0,0,5000,0,0,0,35000,30000,5000,5000
5111,06977P,裕民元富0A售01,0,0,0,0,0,0,0,0,0,5000,0,0,0,33000,28000,5000,5000
5112,06965P,中鋼國泰0C售01,0,0,0,0,0,0,0,0,0,5000,0,0,0,6000,1000,5000,5000
5113,06949P,長榮凱基0A售20,0,0,0,0,0,0,0,0,0,5000,0,0,0,5000,0,5000,5000
5114,07316P,臺股指中信13售05,0,0,0,0,0,0,0,0,0,5000,0,0,0,5000,0,5000,5000
5115,07244P,群創群益0C售09,0,0,0,0,0,0,0,0,0,5000,0,0,0,5000,0,5000,5000
5116,4557,永新-KY,5000,0,5000,0,0,0,0,0,0,0,0,0,0,0,0,0,5000
5117,6128,上福,5000,0,5000,0,0,0,0,0,0,0,0,0,0,0,0,0,5000
5118,9942,茂順,56000,51000,5000,0,0,0,0,0,0,0,0,0,0,0,0,0,5000
5119,1713,國化,6000,1000,5000,0,0,0,0,0,0,0,0,0,0,0,0,0,5000
5120,089253,凌陽統一0B購03,0,0,0,0,0,0,0,0,0,5000,0,0,0,10000,5000,5000,5000
5121,089261,彩晶統一0B購03,0,0,0,0,0,0,0,0,0,5000,0,0,0,5000,0,5000,5000
5122,089418,正隆永豐09購01,0,0,0,0,0,0,0,0,0,5000,0,0,0,5000,0,5000,5000
5123,088831,矽創元大09購06,0,0,0,0,0,0,0,0,0,5000,0,0,0,15000,10000,5000,5000
5124,088974,旺宏元富09購10,0,0,0,0,0,0,0,0,0,5000,0,0,0,5000,0,5000,5000
5125,089030,東鋼中信09購01,0,0,0,0,0,0,0,0,0,5000,0,0,0,14000,9000,5000,5000
5126,089830,儒鴻元大09購03,0,0,0,0,0,0,0,0,0,5000,0,0,0,5000,0,5000,5000
5127,089693,京鼎元大09購02,0,0,0,0,0,0,0,0,0,5000,0,0,0,5000,0,5000,5000
5128,089755,矽創統一0B購09,0,0,0,0,0,0,0,0,0,5000,0,0,0,6000,1000,5000,5000
5129,089513,圓剛元大09購01,0,0,0,0,0,0,0,0,0,5000,0,0,0,5000,0,5000,5000
5130,2546,根基,8000,2000,6000,0,0,0,0,0,0,-1021,0,0,0,0,1021,-1021,4979
5131,3045,台灣大,615651,752952,-137301,0,0,0,0,2940,-2940,145000,205000,60000,145000,0,0,0,4759
5132,00737,國泰AI+Robo,4000,3000,1000,0,0,0,0,0,0,3000,0,0,0,128000,125000,3000,4000
5133,031182,萬海永豐0A購02,0,0,0,0,0,0,0,0,0,4000,0,0,0,5000,1000,4000,4000
5134,031194,億光兆豐0A購01,0,0,0,0,0,0,0,0,0,4000,0,0,0,164000,160000,4000,4000
5135,030389,宏泰元大0A購01,0,0,0,0,0,0,0,0,0,4000,0,0,0,4000,0,4000,4000
5136,030298,威鋒電元富11購02,0,0,0,0,0,0,0,0,0,4000,0,0,0,7000,3000,4000,4000
5137,030273,華晶科統一0C購02,0,0,0,0,0,0,0,0,0,4000,0,0,0,4000,0,4000,4000
5138,030586,T50正2元大11購01,0,0,0,0,0,0,0,0,0,4000,0,0,0,10000,6000,4000,4000
5139,030543,大立光凱基0A購06,0,0,0,0,0,0,0,0,0,4000,0,0,0,24000,20000,4000,4000
5140,031313,SGBR2X元大0A購02,0,0,0,0,0,0,0,0,0,4000,0,0,0,6000,2000,4000,4000
5141,030884,億光麥證0B購01,0,0,0,19000,0,19000,0,0,0,4000,0,0,0,19000,15000,4000,4000
5142,030900,大成鋼凱基0B購02,0,0,0,0,0,0,0,0,0,4000,0,0,0,4000,0,4000,4000
5143,030708,京鼎群益0C購01,0,0,0,0,0,0,0,0,0,4000,0,0,0,4000,0,4000,4000
5144,032793,群創元大0A購20,0,0,0,0,0,0,0,0,0,4000,0,0,0,4000,0,4000,4000
5145,031394,長榮日盛0A購02,0,0,0,0,0,0,0,0,0,4000,0,0,0,4000,0,4000,4000
5146,032143,長榮凱基0A購16,0,0,0,0,0,0,0,0,0,4000,0,0,0,4000,0,4000,4000
5147,031702,新光鋼永豐0A購02,0,0,0,0,0,0,0,0,0,4000,0,0,0,4000,0,4000,4000
5148,032974,明泰元大0A購01,0,0,0,0,0,0,0,0,0,4000,0,0,0,14000,10000,4000,4000
5149,031549,長榮中信0C購03,0,0,0,0,0,0,0,0,0,4000,0,0,0,4000,0,4000,4000
5150,034260,台泥國票0C購01,0,0,0,0,0,0,0,0,0,4000,0,0,0,82000,78000,4000,4000
5151,033465,台灣50凱基11購02,0,0,0,0,0,0,0,0,0,4000,0,0,0,8000,4000,4000,4000
5152,031529,中鋼富邦0A購01,0,0,0,0,0,0,0,0,0,4000,0,0,0,1579000,1575000,4000,4000
5153,031469,台表科群益0A購01,0,0,0,0,0,0,0,0,0,4000,0,0,0,319000,315000,4000,4000
5154,032582,中鋼元大0A購12,0,0,0,0,0,0,0,0,0,4000,0,0,0,4000,0,4000,4000
5155,035958,大成鋼元大0C購05,0,0,0,0,0,0,0,0,0,4000,0,0,0,5000,1000,4000,4000
5156,03514B,臺股指元大14熊01,0,0,0,0,0,0,0,0,0,4000,0,0,0,4000,0,4000,4000
5157,035882,國光生群益0B購01,0,0,0,0,0,0,0,0,0,4000,0,0,0,34000,30000,4000,4000
5158,035884,永豐餘國票11購01,0,0,0,0,0,0,0,0,0,4000,0,0,0,30000,26000,4000,4000
5159,035683,鴻海凱基0C購05,0,0,0,0,0,0,0,0,0,4000,0,0,0,14000,10000,4000,4000
5160,075472,台積電富邦08購04,0,0,0,0,0,0,0,0,0,4000,0,0,0,4000,0,4000,4000
5161,080915,嘉晶凱基09購01,0,0,0,0,0,0,0,0,0,4000,0,0,0,4000,0,4000,4000
5162,083681,京元電統一08購02,0,0,0,0,0,0,0,0,0,4000,0,0,0,4000,0,4000,4000
5163,083376,群創國票09購01,0,0,0,0,0,0,0,0,0,4000,0,0,0,4000,0,4000,4000
5164,084567,凌陽國票08購02,0,0,0,0,0,0,0,0,0,4000,0,0,0,4000,0,4000,4000
5165,081433,允強統一09購01,0,0,0,0,0,0,0,0,0,4000,0,0,0,4000,0,4000,4000
5166,081725,貿聯統一09購01,0,0,0,0,0,0,0,0,0,4000,0,0,0,4000,0,4000,4000
5167,082742,創意群益08購03,0,0,0,0,0,0,0,0,0,4000,0,0,0,4000,0,4000,4000
5168,083019,群創凱基0B購02,0,0,0,0,0,0,0,0,0,4000,0,0,0,10000,6000,4000,4000
5169,082563,凌陽統一09購01,0,0,0,0,0,0,0,0,0,4000,0,0,0,4000,0,4000,4000
5170,082616,聯電永豐08購01,0,0,0,0,0,0,0,0,0,4000,0,0,0,6000,2000,4000,4000
5171,085865,玉晶光統一0A購05,0,0,0,0,0,0,0,0,0,4000,0,0,0,348000,344000,4000,4000
5172,086221,華新科統一0A購05,0,0,0,0,0,0,0,0,0,4000,0,0,0,4000,0,4000,4000
5173,086222,華新科統一0A購06,0,0,0,0,0,0,0,0,0,4000,0,0,0,4000,0,4000,4000
5174,085425,盛群元大08購02,0,0,0,0,0,0,0,0,0,4000,0,0,0,4000,0,4000,4000
5175,087568,聯電國泰0B購01,0,0,0,0,0,0,0,0,0,4000,0,0,0,24000,20000,4000,4000
5176,086848,祥碩元大09購02,0,0,0,0,0,0,0,0,0,4000,0,0,0,5000,1000,4000,4000
5177,086928,華邦電元大09購05,0,0,0,0,0,0,0,0,0,4000,0,0,0,4000,0,4000,4000
5178,088184,道瓊反群益0C購01,0,0,0,0,0,0,0,0,0,4000,0,0,0,4000,0,4000,4000
5179,088092,晶豪科元富0C購02,0,0,0,0,0,0,0,0,0,4000,0,0,0,4000,0,4000,4000
5180,087993,台達電群益09購01,0,0,0,0,0,0,0,0,0,4000,0,0,0,4000,0,4000,4000
5181,088314,力成凱基0B購01,0,0,0,0,0,0,0,0,0,4000,0,0,0,4000,0,4000,4000
5182,088768,凌陽兆豐0A購01,0,0,0,0,0,0,0,0,0,4000,0,0,0,4000,0,4000,4000
5183,035489,群創群益0C購08,0,0,0,0,0,0,0,0,0,4000,0,0,0,4000,0,4000,4000
5184,036072,康控群益0C購01,0,0,0,0,0,0,0,0,0,4000,0,0,0,16000,12000,4000,4000
5185,035261,新唐凱基11購01,0,0,0,0,0,0,0,0,0,4000,0,0,0,14000,10000,4000,4000
5186,036062,台光電群益11購01,0,0,0,0,0,0,0,0,0,4000,0,0,0,4000,0,4000,4000
5187,033848,東聯永豐0B購01,0,0,0,0,0,0,0,0,0,4000,0,0,0,4000,0,4000,4000
5188,033445,健策元大0B購03,0,0,0,0,0,0,0,0,0,4000,0,0,0,28000,24000,4000,4000
5189,034664,台灣50凱基11購03,0,0,0,0,0,0,0,0,0,4000,0,0,0,4000,0,4000,4000
5190,036248,聯發科凱基0C購08,0,0,0,0,0,0,0,0,0,4000,0,0,0,4000,0,4000,4000
5191,034405,聯發科國票0B購07,0,0,0,0,0,0,0,0,0,4000,0,0,0,4000,0,4000,4000
5192,034403,中鋼國票0C購03,0,0,0,0,0,0,0,0,0,4000,0,0,0,4000,0,4000,4000
5193,033612,奇力新群益0B購02,0,0,0,0,0,0,0,0,0,4000,0,0,0,4000,0,4000,4000
5194,033544,國巨元富12購02,0,0,0,0,0,0,0,0,0,4000,0,0,0,300000,296000,4000,4000
5195,034967,強茂元大11購02,0,0,0,0,0,0,0,0,0,4000,0,0,0,4000,0,4000,4000
5196,036484,台玻麥證0C購02,0,0,0,14000,4000,10000,0,0,0,4000,0,0,0,18000,14000,4000,4000
5197,033991,奇力新兆豐0B購01,0,0,0,0,0,0,0,0,0,4000,0,0,0,25000,21000,4000,4000
5198,037204,智易凱基0C購01,0,0,0,0,0,0,0,0,0,4000,0,0,0,18000,14000,4000,4000
5199,037478,威鋒電國泰12購03,0,0,0,0,0,0,0,0,0,4000,0,0,0,36000,32000,4000,4000
5200,037898,亞光永豐0C購01,0,0,0,0,0,0,0,0,0,4000,0,0,0,4000,0,4000,4000
5201,07264P,友達元富0C售02,0,0,0,0,0,0,0,0,0,4000,0,0,0,5000,1000,4000,4000
5202,07318P,京元電群益0C售02,0,0,0,0,0,0,0,0,0,4000,0,0,0,9000,5000,4000,4000
5203,05982P,台積電兆豐08售07,0,0,0,0,0,0,0,0,0,4000,0,0,0,4000,0,4000,4000
5204,039786,松翰凱基11購01,0,0,0,0,0,0,0,0,0,4000,0,0,0,20000,16000,4000,4000
5205,037985,中興電元大12購01,0,0,0,0,0,0,0,0,0,4000,0,0,0,35000,31000,4000,4000
5206,038128,同欣電凱基11購02,0,0,0,0,0,0,0,0,0,4000,0,0,0,4000,0,4000,4000
5207,039027,鴻海凱基13購08,0,0,0,0,0,0,0,0,0,4000,0,0,0,4000,0,4000,4000
5208,2891B,中信金乙特,4000,0,4000,0,0,0,0,0,0,0,0,0,0,0,0,0,4000
5209,2466,冠西電,15000,5000,10000,0,0,0,0,0,0,-6000,0,6000,-6000,0,0,0,4000
5210,2450,神腦,9000,5000,4000,0,0,0,0,0,0,0,0,0,0,0,0,0,4000
5211,1598,岱宇,116000,108000,8000,0,0,0,0,0,0,-4000,0,4000,-4000,0,0,0,4000
5212,1321,大洋,18000,14000,4000,0,0,0,0,0,0,0,0,0,0,0,0,0,4000
5213,089586,台灣50群益09購11,0,0,0,0,0,0,0,0,0,4000,0,0,0,54000,50000,4000,4000
5214,089903,益航凱基11購01,0,0,0,0,0,0,0,0,0,4000,0,0,0,4000,0,4000,4000
5215,088814,瑞軒元大0A購01,0,0,0,0,0,0,0,0,0,4000,0,0,0,6000,2000,4000,4000
5216,088816,全漢元大09購01,0,0,0,0,0,0,0,0,0,4000,0,0,0,4000,0,4000,4000
5217,4994,傳奇,4000,0,4000,0,0,0,0,0,0,0,0,0,0,0,0,0,4000
5218,4555,氣立,8000,4000,4000,0,0,0,0,0,0,0,0,0,0,0,0,0,4000
5219,1220,台榮,12000,16001,-4001,0,0,0,0,0,0,8000,8000,0,8000,0,0,0,3999
5220,1907,永豐餘,905046,781000,124046,0,0,0,5000,0,5000,-125883,26254,21137,5117,26000,157000,-131000,3163
5221,032596,長榮元大0B購07,0,0,0,0,0,0,0,0,0,3000,0,0,0,3000,0,3000,3000
5222,032597,長榮元大0C購07,0,0,0,0,0,0,0,0,0,3000,0,0,0,3000,0,3000,3000
5223,032469,長榮中信0A購04,0,0,0,0,0,0,0,0,0,3000,0,0,0,3000,0,3000,3000
5224,032498,台玻永豐0A購04,0,0,0,0,0,0,0,0,0,3000,0,0,0,4000,1000,3000,3000
5225,032267,新光金元大0B購03,0,0,0,0,0,0,0,0,0,3000,0,0,0,5000,2000,3000,3000
5226,032782,長榮元大0A購28,0,0,0,0,0,0,0,0,0,3000,0,0,0,3000,0,3000,3000
5227,031583,長榮凱基11購01,0,0,0,0,0,0,0,0,0,3000,0,0,0,3000,0,3000,3000
5228,032917,中鋼國票0B購04,0,0,0,0,0,0,0,0,0,3000,0,0,0,3000,0,3000,3000
5229,033237,台玻元大0B購03,0,0,0,0,0,0,0,0,0,3000,0,0,0,5000,2000,3000,3000
5230,031934,長榮元富0A購11,0,0,0,0,0,0,0,0,0,3000,0,0,0,3000,0,3000,3000
5231,030654,東鋼永豐0A購01,0,0,0,0,0,0,0,0,0,3000,0,0,0,10000,7000,3000,3000
5232,032861,宏達電群益0B購01,0,0,0,0,0,0,0,0,0,3000,0,0,0,3000,0,3000,3000
5233,031048,中鋼元大0C購01,0,0,0,0,0,0,0,0,0,3000,0,0,0,3000,0,3000,3000
5234,031095,台積電群益12購01,0,0,0,0,0,0,0,0,0,3000,0,0,0,3000,0,3000,3000
5235,00685L,群益臺灣加權正2,0,0,0,0,0,0,0,0,0,3000,0,0,0,3000,0,3000,3000
5236,030163,聚鼎中信0A購01,0,0,0,0,0,0,0,0,0,3000,0,0,0,213000,210000,3000,3000
5237,088720,英業達凱基13購01,0,0,0,0,0,0,0,0,0,3000,0,0,0,3000,0,3000,3000
5238,088006,台光電兆豐0A購01,0,0,0,0,0,0,0,0,0,3000,0,0,0,3000,0,3000,3000
5239,087248,國喬國票0A購02,0,0,0,0,0,0,0,0,0,3000,0,0,0,3000,0,3000,3000
5240,086757,友達麥證09購01,0,0,0,52000,49000,3000,0,0,0,3000,0,0,0,52000,49000,3000,3000
5241,086819,矽創元富09購01,0,0,0,0,0,0,0,0,0,3000,0,0,0,3000,0,3000,3000
5242,086630,旺宏凱基11購01,0,0,0,0,0,0,0,0,0,3000,0,0,0,3000,0,3000,3000
5243,087351,聯電麥證09購02,0,0,0,4000,0,4000,0,0,0,3000,0,0,0,5000,2000,3000,3000
5244,087665,神達兆豐09購01,0,0,0,0,0,0,0,0,0,3000,0,0,0,3000,0,3000,3000
5245,087703,華夏統一0A購01,0,0,0,0,0,0,0,0,0,3000,0,0,0,3000,0,3000,3000
5246,085180,信邦統一0A購01,0,0,0,0,0,0,0,0,0,3000,0,0,0,3000,0,3000,3000
5247,085093,華邦電凱基08購05,0,0,0,0,0,0,0,0,0,3000,0,0,0,3000,0,3000,3000
5248,085102,瀚宇博凱基08購01,0,0,0,0,0,0,0,0,0,3000,0,0,0,3000,0,3000,3000
5249,086273,致新永豐09購01,0,0,0,0,0,0,0,0,0,3000,0,0,0,10000,7000,3000,3000
5250,085849,旺宏統一0A購02,0,0,0,0,0,0,0,0,0,3000,0,0,0,4000,1000,3000,3000
5251,086208,南電凱基08購06,0,0,0,0,0,0,0,0,0,3000,0,0,0,3000,0,3000,3000
5252,082573,欣興統一09購03,0,0,0,0,0,0,0,0,0,3000,0,0,0,3000,0,3000,3000
5253,081444,長榮統一09購06,0,0,0,0,0,0,0,0,0,3000,0,0,0,3000,0,3000,3000
5254,081310,長榮元大08購05,0,0,0,0,0,0,0,0,0,3000,0,0,0,3000,0,3000,3000
5255,081256,長榮國泰09購02,0,0,0,0,0,0,0,0,0,3000,0,0,0,4000,1000,3000,3000
5256,081807,允強凱基08購01,0,0,0,0,0,0,0,0,0,3000,0,0,0,3000,0,3000,3000
5257,084502,T50正2元大0B購01,0,0,0,0,0,0,0,0,0,3000,0,0,0,8000,5000,3000,3000
5258,079405,金像電國泰08購01,0,0,0,0,0,0,0,0,0,3000,0,0,0,3000,0,3000,3000
5259,079227,群創凱基08購02,0,0,0,0,0,0,0,0,0,3000,0,0,0,3000,0,3000,3000
5260,079030,台積電元大09購01,0,0,0,0,0,0,0,0,0,3000,0,0,0,3000,0,3000,3000
5261,078537,旺宏國泰08購03,0,0,0,0,0,0,0,0,0,3000,0,0,0,3000,0,3000,3000
5262,078110,聯電元富08購03,0,0,0,0,0,0,0,0,0,3000,0,0,0,3000,0,3000,3000
5263,07601P,友達群益13售02,0,0,0,0,0,0,0,0,0,3000,0,0,0,3000,0,3000,3000
5264,07474P,鴻海群益12售02,0,0,0,0,0,0,0,0,0,3000,0,0,0,3000,0,3000,3000
5265,07457P,A50正2群益12售01,0,0,0,0,0,0,0,0,0,3000,0,0,0,3000,0,3000,3000
5266,03763C,T50反1元大13牛03,0,0,0,0,0,0,0,0,0,3000,0,0,0,3000,0,3000,3000
5267,037859,開發金元富13購04,0,0,0,0,0,0,0,0,0,3000,0,0,0,3000,0,3000,3000
5268,037860,嘉晶元富13購02,0,0,0,0,0,0,0,0,0,3000,0,0,0,3000,0,3000,3000
5269,037702,新唐群益13購01,0,0,0,0,0,0,0,0,0,3000,0,0,0,3000,0,3000,3000
5270,037376,英業達永豐0C購01,0,0,0,0,0,0,0,0,0,3000,0,0,0,3000,0,3000,3000
5271,037267,王品群益0C購01,0,0,0,0,0,0,0,0,0,3000,0,0,0,15000,12000,3000,3000
5272,036767,百和國票11購01,0,0,0,0,0,0,0,0,0,3000,0,0,0,35000,32000,3000,3000
5273,036777,友達統一0C購10,0,0,0,0,0,0,0,0,0,3000,0,0,0,9000,6000,3000,3000
5274,036982,聯發科凱基0C購10,0,0,0,0,0,0,0,0,0,3000,0,0,0,3000,0,3000,3000
5275,033733,新唐國票0C購01,0,0,0,0,0,0,0,0,0,3000,0,0,0,3000,0,3000,3000
5276,036506,台積電凱基0C購15,0,0,0,0,0,0,0,0,0,3000,0,0,0,3000,0,3000,3000
5277,036589,玉晶光國泰12購02,0,0,0,0,0,0,0,0,0,3000,0,0,0,29000,26000,3000,3000
5278,036664,華碩國票12購01,0,0,0,0,0,0,0,0,0,3000,0,0,0,156000,153000,3000,3000
5279,036473,順德元大0C購01,0,0,0,0,0,0,0,0,0,3000,0,0,0,5000,2000,3000,3000
5280,036405,永豐餘群益12購02,0,0,0,0,0,0,0,0,0,3000,0,0,0,3000,0,3000,3000
5281,036286,台積電元大0C購19,0,0,0,0,0,0,0,0,0,3000,0,0,0,3000,0,3000,3000
5282,034782,長榮第一15購02,0,0,0,0,0,0,0,0,0,3000,0,0,0,3000,0,3000,3000
5283,034386,大毅元大0C購01,0,0,0,0,0,0,0,0,0,3000,0,0,0,137000,134000,3000,3000
5284,036265,金像電群益13購01,0,0,0,0,0,0,0,0,0,3000,0,0,0,3000,0,3000,3000
5285,034694,長榮群益0B購10,0,0,0,0,0,0,0,0,0,3000,0,0,0,3000,0,3000,3000
5286,036097,新唐元大0C購02,0,0,0,0,0,0,0,0,0,3000,0,0,0,3000,0,3000,3000
5287,035289,南亞科國票0C購01,0,0,0,0,0,0,0,0,0,3000,0,0,0,3000,0,3000,3000
5288,035031,臺股指凱基0B購28,0,0,0,0,0,0,0,0,0,3000,0,0,0,3000,0,3000,3000
5289,035504,聯發科凱基0B購09,0,0,0,0,0,0,0,0,0,3000,0,0,0,3000,0,3000,3000
5290,035435,欣興元大0B購04,0,0,0,0,0,0,0,0,0,3000,0,0,0,3000,0,3000,3000
5291,035419,大成鋼元大0B購14,0,0,0,0,0,0,0,0,0,3000,0,0,0,3000,0,3000,3000
5292,038902,台玻群益14購01,0,0,0,0,0,0,0,0,0,3000,0,0,0,110000,107000,3000,3000
5293,038853,新唐富邦13購01,0,0,0,0,0,0,0,0,0,3000,0,0,0,3000,0,3000,3000
5294,039141,聯陽國泰13購01,0,0,0,0,0,0,0,0,0,3000,0,0,0,13000,10000,3000,3000
5295,039235,聯詠國票13購01,0,0,0,0,0,0,0,0,0,3000,0,0,0,91000,88000,3000,3000
5296,039323,金像電元大11購06,0,0,0,0,0,0,0,0,0,3000,0,0,0,13000,10000,3000,3000
5297,038125,康普凱基11購01,0,0,0,0,0,0,0,0,0,3000,0,0,0,3000,0,3000,3000
5298,037988,仁寶元大12購01,0,0,0,0,0,0,0,0,0,3000,0,0,0,36000,33000,3000,3000
5299,038326,燁輝凱基15購01,0,0,0,0,0,0,0,0,0,3000,0,0,0,118000,115000,3000,3000
5300,038529,康舒永豐11購01,0,0,0,0,0,0,0,0,0,3000,0,0,0,3000,0,3000,3000
5301,039817,同欣電元大13購02,0,0,0,0,0,0,0,0,0,3000,0,0,0,3000,0,3000,3000
5302,040169,揚明光元大11購01,0,0,0,0,0,0,0,0,0,3000,0,0,0,19000,16000,3000,3000
5303,06642P,台積電國票0B售06,0,0,0,0,0,0,0,0,0,3000,0,0,0,3000,0,3000,3000
5304,040477,滬深2X群益12購01,0,0,0,0,0,0,0,0,0,3000,0,0,0,20000,17000,3000,3000
5305,07273P,臺股指群益0C售02,0,0,0,0,0,0,0,0,0,3000,0,0,0,5000,2000,3000,3000
5306,06849P,友達元富0A售03,0,0,0,0,0,0,0,0,0,3000,0,0,0,10000,7000,3000,3000
5307,06866P,長榮元大0B售05,0,0,0,0,0,0,0,0,0,3000,0,0,0,3000,0,3000,3000
5308,069996,可成元富08購01,0,0,0,0,0,0,0,0,0,3000,0,0,0,3000,0,3000,3000
5309,07019P,萬海元大0B售03,3000,0,3000,0,0,0,0,0,0,0,0,0,0,0,0,0,3000
5310,07056P,新光鋼元大0B售02,0,0,0,0,0,0,0,0,0,3000,0,0,0,25000,22000,3000,3000
5311,071137,大立光元富09購01,0,0,0,0,0,0,0,0,0,3000,0,0,0,3000,0,3000,3000
5312,07156P,萬海元大0B售09,3000,0,3000,0,0,0,0,0,0,0,0,0,0,0,0,0,3000
5313,1521,大億,3000,0,3000,0,0,0,0,0,0,0,0,0,0,0,0,0,3000
5314,2482,連宇,32000,29000,3000,0,0,0,0,0,0,0,0,0,0,0,0,0,3000
5315,2540,愛山林,5000,2000,3000,0,0,0,0,0,0,0,0,0,0,0,0,0,3000
5316,2816,旺旺保,6000,4000,2000,0,0,0,0,0,0,1000,1000,0,1000,0,0,0,3000
5317,2891C,中信金丙特,0,0,0,0,0,0,0,0,0,3000,3000,0,3000,0,0,0,3000
5318,1315,達新,6000,3000,3000,0,0,0,0,0,0,0,0,0,0,0,0,0,3000
5319,089932,義隆永豐0A購01,0,0,0,0,0,0,0,0,0,3000,0,0,0,3000,0,3000,3000
5320,089648,美利達凱基09購02,0,0,0,0,0,0,0,0,0,3000,0,0,0,15000,12000,3000,3000
5321,089042,台積電群益0A購11,0,0,0,0,0,0,0,0,0,3000,0,0,0,3000,0,3000,3000
5322,089206,南帝群益0B購02,0,0,0,0,0,0,0,0,0,3000,0,0,0,3000,0,3000,3000
5323,089147,崇越元大09購01,0,0,0,0,0,0,0,0,0,3000,0,0,0,3000,0,3000,3000
5324,089218,欣興群益0A購02,0,0,0,0,0,0,0,0,0,3000,0,0,0,3000,0,3000,3000
5325,4545,銘鈺,3000,0,3000,0,0,0,0,0,0,0,0,0,0,0,0,0,3000
5326,4439,冠星-KY,3000,0,3000,0,0,0,0,0,0,0,0,0,0,0,0,0,3000
5327,4737,華廣,3000,0,3000,0,0,0,0,0,0,0,0,0,0,0,0,0,3000
5328,5225,東科-KY,4000,1000,3000,0,0,0,0,0,0,0,0,0,0,0,0,0,3000
5329,9136,巨騰-DR,6000,3000,3000,0,0,0,0,0,0,0,0,0,0,0,0,0,3000
5330,8480,泰昇-KY,3000,0,3000,0,0,0,0,0,0,0,0,0,0,0,0,0,3000
5331,030243,華邦電永豐0A購01,0,0,0,0,0,0,0,0,0,2000,0,0,0,2000,0,2000,2000
5332,030197,南帝凱基0A購03,0,0,0,0,0,0,0,0,0,2000,0,0,0,22000,20000,2000,2000
5333,030076,富邦金群益0C購01,0,0,0,0,0,0,0,0,0,2000,0,0,0,3000,1000,2000,2000
5334,030014,玉晶光元富11購02,0,0,0,0,0,0,0,0,0,2000,0,0,0,2000,0,2000,2000
5335,00714,群益道瓊美國地產,0,0,0,0,0,0,0,0,0,2000,0,0,0,212000,210000,2000,2000
5336,01002T,土銀國泰R1,2000,0,2000,0,0,0,0,0,0,0,0,0,0,0,0,0,2000
5337,030005,新唐中信0A購01,0,0,0,0,0,0,0,0,0,2000,0,0,0,2000,0,2000,2000
5338,031337,神基元大0A購01,0,0,0,0,0,0,0,0,0,2000,0,0,0,60000,58000,2000,2000
5339,030516,力成群益0A購01,0,0,0,0,0,0,0,0,0,2000,0,0,0,2000,0,2000,2000
5340,030518,康舒群益0A購01,0,0,0,0,0,0,0,0,0,2000,0,0,0,102000,100000,2000,2000
5341,031346,界霖元大0A購01,0,0,0,0,0,0,0,0,0,2000,0,0,0,2000,0,2000,2000
5342,031219,萬海凱基0B購01,0,0,0,0,0,0,0,0,0,2000,0,0,0,2000,0,2000,2000
5343,030458,祥碩富邦0A購01,0,0,0,0,0,0,0,0,0,2000,0,0,0,2000,0,2000,2000
5344,030446,威鋒電元大0B購01,0,0,0,0,0,0,0,0,0,2000,0,0,0,2000,0,2000,2000
5345,031127,聯陽統一0C購01,0,0,0,0,0,0,0,0,0,2000,0,0,0,176000,174000,2000,2000
5346,030354,長榮群益0A購04,0,0,0,0,0,0,0,0,0,2000,0,0,0,2000,0,2000,2000
5347,030760,南帝元富11購01,0,0,0,0,0,0,0,0,0,2000,0,0,0,2000,0,2000,2000
5348,033102,長榮元富0A購19,0,0,0,0,0,0,0,0,0,2000,0,0,0,2000,0,2000,2000
5349,03064X,元展59,0,0,0,0,0,0,0,0,0,2000,0,0,0,2000,0,2000,2000
5350,031170,台聚永豐0A購01,0,0,0,0,0,0,0,0,0,2000,0,0,0,2000,0,2000,2000
5351,031836,儒鴻兆豐0C購01,0,0,0,0,0,0,0,0,0,2000,0,0,0,14000,12000,2000,2000
5352,031398,台聚兆豐0A購01,0,0,0,0,0,0,0,0,0,2000,0,0,0,2000,0,2000,2000
5353,031425,華邦電凱基0B購03,0,0,0,0,0,0,0,0,0,2000,0,0,0,2000,0,2000,2000
5354,032426,台達電元大0B購01,0,0,0,0,0,0,0,0,0,2000,0,0,0,2000,0,2000,2000
5355,032462,萬海國泰0C購02,0,0,0,0,0,0,0,0,0,2000,0,0,0,2000,0,2000,2000
5356,032229,新唐統一0C購04,0,0,0,0,0,0,0,0,0,2000,0,0,0,2000,0,2000,2000
5357,032411,儒鴻元大0A購02,0,0,0,0,0,0,0,0,0,2000,0,0,0,30000,28000,2000,2000
5358,032134,燁輝凱基12購01,0,0,0,0,0,0,0,0,0,2000,0,0,0,2000,0,2000,2000
5359,033286,萬海統一13購01,0,0,0,0,0,0,0,0,0,2000,0,0,0,2000,0,2000,2000
5360,032894,長榮航統一0C購04,0,0,0,0,0,0,0,0,0,2000,0,0,0,90000,88000,2000,2000
5361,032931,嘉晶國票0B購01,0,0,0,0,0,0,0,0,0,2000,0,0,0,2000,0,2000,2000
5362,031589,正文凱基0A購01,0,0,0,0,0,0,0,0,0,2000,0,0,0,5000,3000,2000,2000
5363,031627,長榮統一0C購06,0,0,0,0,0,0,0,0,0,2000,0,0,0,24000,22000,2000,2000
5364,032296,南亞永豐0A購02,0,0,0,0,0,0,0,0,0,2000,0,0,0,2000,0,2000,2000
5365,031685,玉晶光國泰0C購01,0,0,0,0,0,0,0,0,0,2000,0,0,0,2000,0,2000,2000
5366,032252,燁輝元大0A購03,0,0,0,0,0,0,0,0,0,2000,0,0,0,2000,0,2000,2000
5367,032258,長榮元大12購05,0,0,0,0,0,0,0,0,0,2000,0,0,0,2000,0,2000,2000
5368,032239,華夏元大0B購02,0,0,0,0,0,0,0,0,0,2000,0,0,0,2000,0,2000,2000
5369,032483,國巨兆豐0B購01,0,0,0,0,0,0,0,0,0,2000,0,0,0,2000,0,2000,2000
5370,032525,道瓊反凱基0C購01,0,0,0,0,0,0,0,0,0,2000,0,0,0,2000,0,2000,2000
5371,032539,新興凱基14購01,0,0,0,0,0,0,0,0,0,2000,0,0,0,2000,0,2000,2000
5372,032706,矽創兆豐0B購01,0,0,0,0,0,0,0,0,0,2000,0,0,0,2000,0,2000,2000
5373,07347P,滬深2X元富0C售02,0,0,0,0,0,0,0,0,0,2000,0,0,0,2000,0,2000,2000
5374,075533,台積電國票09購03,0,0,0,0,0,0,0,0,0,2000,0,0,0,3000,1000,2000,2000
5375,078113,技嘉元富0C購01,0,0,0,0,0,0,0,0,0,2000,0,0,0,2000,0,2000,2000
5376,078209,聯電國泰08購01,0,0,0,0,0,0,0,0,0,2000,0,0,0,2000,0,2000,2000
5377,078750,台積電國票08購06,0,0,0,0,0,0,0,0,0,2000,0,0,0,2000,0,2000,2000
5378,079703,台灣50群益08購01,0,0,0,0,0,0,0,0,0,2000,0,0,0,2000,0,2000,2000
5379,080953,健策群益08購01,0,0,0,0,0,0,0,0,0,2000,0,0,0,2000,0,2000,2000
5380,080845,長榮元富0B購02,0,0,0,0,0,0,0,0,0,2000,0,0,0,2000,0,2000,2000
5381,081089,群創中信09購02,0,0,0,0,0,0,0,0,0,2000,0,0,0,30000,28000,2000,2000
5382,081037,聯電富邦09購01,0,0,0,0,0,0,0,0,0,2000,0,0,0,2000,0,2000,2000
5383,080510,愛普元大08購01,0,0,0,0,0,0,0,0,0,2000,0,0,0,2000,0,2000,2000
5384,080622,聯詠元富09購01,0,0,0,0,0,0,0,0,0,2000,0,0,0,2000,0,2000,2000
5385,080700,致茂凱基09購01,0,0,0,0,0,0,0,0,0,2000,0,0,0,2000,0,2000,2000
5386,080813,精誠凱基09購01,0,0,0,0,0,0,0,0,0,2000,0,0,0,2000,0,2000,2000
5387,079942,台苯凱基08購01,0,0,0,0,0,0,0,0,0,2000,0,0,0,2000,0,2000,2000
5388,084086,凱美元大09購01,0,0,0,0,0,0,0,0,0,2000,0,0,0,35000,33000,2000,2000
5389,083972,矽創凱基09購01,0,0,0,0,0,0,0,0,0,2000,0,0,0,2000,0,2000,2000
5390,083880,瑞昱國泰09購02,0,0,0,0,0,0,0,0,0,2000,0,0,0,2000,0,2000,2000
5391,081930,愛普凱基08購01,0,0,0,0,0,0,0,0,0,2000,0,0,0,2000,0,2000,2000
5392,081284,萬海統一09購01,0,0,0,0,0,0,0,0,0,2000,0,0,0,2000,0,2000,2000
5393,081726,惠特統一09購01,0,0,0,0,0,0,0,0,0,2000,0,0,0,2000,0,2000,2000
5394,081712,鴻海統一09購03,0,0,0,0,0,0,0,0,0,2000,0,0,0,3000,1000,2000,2000
5395,082670,強茂兆豐08購01,0,0,0,0,0,0,0,0,0,2000,0,0,0,2000,0,2000,2000
5396,082973,金像電元大08購01,0,0,0,0,0,0,0,0,0,2000,0,0,0,2000,0,2000,2000
5397,082725,聯電群益08購04,0,0,0,0,0,0,0,0,0,2000,0,0,0,2000,0,2000,2000
5398,085915,光罩中信08購01,0,0,0,0,0,0,0,0,0,2000,0,0,0,2000,0,2000,2000
5399,085296,日月光凱基09購03,0,0,0,0,0,0,0,0,0,2000,0,0,0,2000,0,2000,2000
5400,085591,致新兆豐08購01,0,0,0,0,0,0,0,0,0,2000,0,0,0,2000,0,2000,2000
5401,085511,臺股指凱基09購18,0,0,0,0,0,0,0,0,0,2000,0,0,0,2000,0,2000,2000
5402,085663,華新科統一0A購03,0,0,0,0,0,0,0,0,0,2000,0,0,0,2000,0,2000,2000
5403,087699,台表科元大0B購01,0,0,0,0,0,0,0,0,0,2000,0,0,0,2000,0,2000,2000
5404,087964,國泰金中信0C購01,0,0,0,0,0,0,0,0,0,2000,0,0,0,20000,18000,2000,2000
5405,087435,台積電元富0C購11,0,0,0,0,0,0,0,0,0,2000,0,0,0,2000,0,2000,2000
5406,087418,晶豪科統一0B購03,0,0,0,0,0,0,0,0,0,2000,0,0,0,2000,0,2000,2000
5407,087345,晶豪科凱基0C購02,0,0,0,0,0,0,0,0,0,2000,0,0,0,34000,32000,2000,2000
5408,087463,台積電國票0B購05,0,0,0,0,0,0,0,0,0,2000,0,0,0,2000,0,2000,2000
5409,086603,光磊中信09購01,0,0,0,0,0,0,0,0,0,2000,0,0,0,2000,0,2000,2000
5410,086858,矽創康和09購01,0,0,0,0,0,0,0,0,0,2000,0,0,0,2000,0,2000,2000
5411,087253,鴻海國票13購02,0,0,0,0,0,0,0,0,0,2000,0,0,0,7000,5000,2000,2000
5412,086922,晶技兆豐09購02,0,0,0,0,0,0,0,0,0,2000,0,0,0,2000,0,2000,2000
5413,086998,冠德國票0A購01,0,0,0,0,0,0,0,0,0,2000,0,0,0,5000,3000,2000,2000
5414,087010,旺宏富邦0A購01,0,0,0,0,0,0,0,0,0,2000,0,0,0,2000,0,2000,2000
5415,087078,宏達電統一0B購01,0,0,0,0,0,0,0,0,0,2000,0,0,0,2000,0,2000,2000
5416,088443,同欣電凱基09購03,0,0,0,0,0,0,0,0,0,2000,0,0,0,2000,0,2000,2000
5417,088759,南茂統一0B購01,0,0,0,0,0,0,0,0,0,2000,0,0,0,2000,0,2000,2000
5418,035233,國巨永豐0B購01,0,0,0,0,0,0,0,0,0,2000,0,0,0,2000,0,2000,2000
5419,033706,永光國票0C購01,0,0,0,0,0,0,0,0,0,2000,0,0,0,48000,46000,2000,2000
5420,033858,明泰凱基0B購01,0,0,0,0,0,0,0,0,0,2000,0,0,0,2000,0,2000,2000
5421,034732,台積電元大0B購10,0,0,0,0,0,0,0,0,0,2000,0,0,0,3000,1000,2000,2000
5422,036246,金像電凱基0C購03,0,0,0,0,0,0,0,0,0,2000,0,0,0,12000,10000,2000,2000
5423,034231,聯電麥證0B購02,0,0,0,212000,205000,7000,0,0,0,2000,0,0,0,212000,210000,2000,2000
5424,036370,聯發科國票13購01,0,0,0,0,0,0,0,0,0,2000,0,0,0,7000,5000,2000,2000
5425,036676,亞光國票11購01,0,0,0,0,0,0,0,0,0,2000,0,0,0,52000,50000,2000,2000
5426,036575,燁輝富邦13購01,0,0,0,0,0,0,0,0,0,2000,0,0,0,2000,0,2000,2000
5427,036181,正崴永豐0C購01,0,0,0,0,0,0,0,0,0,2000,0,0,0,2000,0,2000,2000
5428,035330,欣興元大0B購03,0,0,0,0,0,0,0,0,0,2000,0,0,0,2000,0,2000,2000
5429,036170,中石化麥證11購01,0,0,0,184000,182000,2000,0,0,0,2000,0,0,0,184000,182000,2000,2000
5430,036167,惠特元富0C購02,0,0,0,0,0,0,0,0,0,2000,0,0,0,2000,0,2000,2000
5431,036132,友達凱基14購01,0,0,0,0,0,0,0,0,0,2000,0,0,0,2000,0,2000,2000
5432,033968,中鋼凱基0C購03,0,0,0,0,0,0,0,0,0,2000,0,0,0,2000,0,2000,2000
5433,034133,中鋼第一15購01,0,0,0,0,0,0,0,0,0,2000,0,0,0,2000,0,2000,2000
5434,036986,亞翔凱基11購01,0,0,0,0,0,0,0,0,0,2000,0,0,0,15000,13000,2000,2000
5435,036726,智邦凱基0C購01,0,0,0,0,0,0,0,0,0,2000,0,0,0,3000,1000,2000,2000
5436,037211,鴻海元富13購03,0,0,0,0,0,0,0,0,0,2000,0,0,0,2000,0,2000,2000
5437,037330,力成元富13購01,0,0,0,0,0,0,0,0,0,2000,0,0,0,2000,0,2000,2000
5438,037749,金像電中信0C購01,0,0,0,0,0,0,0,0,0,2000,0,0,0,2000,0,2000,2000
5439,037633,台達電元富0C購01,0,0,0,0,0,0,0,0,0,2000,0,0,0,2000,0,2000,2000
5440,037895,華邦電永豐0C購02,0,0,0,0,0,0,0,0,0,2000,0,0,0,2000,0,2000,2000
5441,07119P,長榮元大0B售10,0,0,0,0,0,0,0,0,0,2000,0,0,0,2000,0,2000,2000
5442,07067P,大亞元大0B售03,0,0,0,0,0,0,0,0,0,2000,0,0,0,50000,48000,2000,2000
5443,06878P,立積元大0A售07,0,0,0,0,0,0,0,0,0,2000,0,0,0,2000,0,2000,2000
5444,072978,聯電元富08購02,0,0,0,0,0,0,0,0,0,2000,0,0,0,2000,0,2000,2000
5445,07251P,愛普國票0C售03,0,0,0,0,0,0,0,0,0,2000,0,0,0,4000,2000,2000,2000
5446,040446,旺宏富邦13購02,0,0,0,0,0,0,0,0,0,2000,0,0,0,5000,3000,2000,2000
5447,06637P,台灣50凱基0A售04,0,0,0,0,0,0,0,0,0,2000,0,0,0,5000,3000,2000,2000
5448,06513P,T50正2群益0B售01,0,0,0,0,0,0,0,0,0,2000,0,0,0,2000,0,2000,2000
5449,040083,台積電國票11購07,0,0,0,0,0,0,0,0,0,2000,0,0,0,2000,0,2000,2000
5450,038393,南電元大11購03,0,0,0,0,0,0,0,0,0,2000,0,0,0,2000,0,2000,2000
5451,038348,強茂元富12購03,0,0,0,0,0,0,0,0,0,2000,0,0,0,2000,0,2000,2000
5452,038281,啟碁中信11購01,0,0,0,0,0,0,0,0,0,2000,0,0,0,2000,0,2000,2000
5453,038179,大亞永豐11購01,0,0,0,0,0,0,0,0,0,2000,0,0,0,2000,0,2000,2000
5454,038222,榮運國泰13購03,0,0,0,0,0,0,0,0,0,2000,0,0,0,2000,0,2000,2000
5455,038074,全新元富12購01,0,0,0,0,0,0,0,0,0,2000,0,0,0,47000,45000,2000,2000
5456,039279,聯電永豐11購02,0,0,0,0,0,0,0,0,0,2000,0,0,0,2000,0,2000,2000
5457,039330,華新科元大11購05,0,0,0,0,0,0,0,0,0,2000,0,0,0,12000,10000,2000,2000
5458,039152,智原群益14購02,0,50000,-50000,0,0,0,0,0,0,52000,0,0,0,52000,0,52000,2000
5459,038821,長榮航元大14購01,0,0,0,0,0,0,0,0,0,2000,0,0,0,3000,1000,2000,2000
5460,039049,景碩群益12購03,0,0,0,0,0,0,0,0,0,2000,0,0,0,3000,1000,2000,2000
5461,8463,潤泰材,4000,2000,2000,0,0,0,0,0,0,0,0,0,0,0,0,0,2000
5462,6183,關貿,2000,0,2000,0,0,0,0,0,0,0,0,0,0,0,0,0,2000
5463,5283,禾聯碩,7000,5000,2000,0,0,0,0,0,0,0,0,0,0,0,0,0,2000
5464,4148,全宇生技-KY,2000,0,2000,0,0,0,0,0,0,0,0,0,0,0,0,0,2000
5465,089139,宏達電元大09購01,0,0,0,0,0,0,0,0,0,2000,0,0,0,2000,0,2000,2000
5466,089382,精英中信09購02,0,0,0,0,0,0,0,0,0,2000,0,0,0,2000,0,2000,2000
5467,089092,友達統一0B購04,0,0,0,0,0,0,0,0,0,2000,0,0,0,31000,29000,2000,2000
5468,088882,台積電凱基13購03,0,0,0,0,0,0,0,0,0,2000,0,0,0,2000,0,2000,2000
5469,089568,景碩中信09購01,0,0,0,0,0,0,0,0,0,2000,0,0,0,2000,0,2000,2000
5470,089916,達運凱基11購01,0,0,0,0,0,0,0,0,0,2000,0,0,0,2000,0,2000,2000
5471,089879,凌陽康和0A購01,0,0,0,0,0,0,0,0,0,2000,0,0,0,2000,0,2000,2000
5472,1470,大統新創,26000,24000,2000,0,0,0,0,0,0,0,0,0,0,0,0,0,2000
5473,1541,錩泰,2000,0,2000,0,0,0,0,0,0,0,0,0,0,0,0,0,2000
5474,1737,臺鹽,19000,17000,2000,0,0,0,0,0,0,0,0,0,0,0,0,0,2000
5475,2115,六暉-KY,6000,4000,2000,0,0,0,0,0,0,0,0,0,0,0,0,0,2000
5476,032667,順德富邦0C購01,0,0,0,0,0,0,0,0,0,1000,0,0,0,1000,0,1000,1000
5477,032601,萬海元大0B購01,0,0,0,0,0,0,0,0,0,1000,0,0,0,1000,0,1000,1000
5478,032602,萬海元大12購01,0,0,0,0,0,0,0,0,0,1000,0,0,0,1000,0,1000,1000
5479,032587,燁輝元大0C購01,0,0,0,0,0,0,0,0,0,1000,0,0,0,1000,0,1000,1000
5480,032470,新興中信0A購02,0,0,0,0,0,0,0,0,0,1000,0,0,0,1000,0,1000,1000
5481,032277,長榮富邦0C購02,0,0,0,0,0,0,0,0,0,1000,0,0,0,1000,0,1000,1000
5482,031466,晶相光群益0B購02,0,0,0,0,0,0,0,0,0,1000,0,0,0,1000,0,1000,1000
5483,032735,台玻凱基0A購02,0,0,0,0,0,0,0,0,0,1000,0,0,0,6000,5000,1000,1000
5484,031648,燁輝元大0B購01,0,0,0,0,0,0,0,0,0,1000,0,0,0,1000,0,1000,1000
5485,031649,大成鋼元大11購01,0,0,0,0,0,0,0,0,0,1000,0,0,0,1000,0,1000,1000
5486,033500,智原統一0C購01,0,0,0,0,0,0,0,0,0,1000,0,0,0,1000,0,1000,1000
5487,032969,長榮元大0A購31,0,0,0,0,0,0,0,0,0,1000,0,0,0,1000,0,1000,1000
5488,033036,盛群群益0A購01,0,0,0,0,0,0,0,0,0,1000,0,0,0,1000,0,1000,1000
5489,031582,長榮凱基0A購15,0,0,0,0,0,0,0,0,0,1000,0,0,0,1000,0,1000,1000
5490,033184,T50反1凱基12購01,0,0,0,0,0,0,0,0,0,1000,0,0,0,3000,2000,1000,1000
5491,032198,榮運群益0A購01,0,0,0,0,0,0,0,0,0,1000,0,0,0,1000,0,1000,1000
5492,032463,聯詠國泰0C購02,0,0,0,0,0,0,0,0,0,1000,0,0,0,1000,0,1000,1000
5493,032417,台玻元大0C購01,0,0,0,0,0,0,0,0,0,1000,0,0,0,1000,0,1000,1000
5494,031397,華邦電台新0A購01,0,0,0,0,0,0,0,0,0,1000,0,0,0,29000,28000,1000,1000
5495,031830,中鋼富邦0A購02,0,0,0,0,0,0,0,0,0,1000,0,0,0,1000,0,1000,1000
5496,031855,順德中信0A購01,0,0,0,0,0,0,0,0,0,1000,0,0,0,1000,0,1000,1000
5497,031819,萬海元大0A購04,0,0,0,0,0,0,0,0,0,1000,0,0,0,1000,0,1000,1000
5498,031781,帆宣日盛0A購01,0,0,0,0,0,0,0,0,0,1000,0,0,0,1000,0,1000,1000
5499,031971,新唐元大0A購02,0,0,0,0,0,0,0,0,0,1000,0,0,0,1000,0,1000,1000
5500,031884,長榮凱基13購03,0,0,0,0,0,0,0,0,0,1000,0,0,0,1000,0,1000,1000
5501,031167,永豐餘中信0A購01,0,0,0,0,0,0,0,0,0,1000,0,0,0,1000,0,1000,1000
5502,031168,長榮中信11購02,0,0,0,0,0,0,0,0,0,1000,0,0,0,1000,0,1000,1000
5503,031137,中鋼日盛0A購01,0,0,0,0,0,0,0,0,0,1000,0,0,0,71000,70000,1000,1000
5504,030650,群創台新0A購01,0,0,0,0,0,0,0,0,0,1000,0,0,0,1000,0,1000,1000
5505,030660,長榮永豐0A購03,0,0,0,0,0,0,0,0,0,1000,0,0,0,1000,0,1000,1000
5506,030745,長榮元大11購02,0,0,0,0,0,0,0,0,0,1000,0,0,0,1000,0,1000,1000
5507,030918,南紡群益0A購03,0,0,0,0,0,0,0,0,0,1000,0,0,0,1000,0,1000,1000
5508,030913,申豐凱基0B購03,0,0,0,0,0,0,0,0,0,1000,0,0,0,1000,0,1000,1000
5509,030338,廣宇群益0C購01,0,0,0,0,0,0,0,0,0,1000,0,0,0,1000,0,1000,1000
5510,030312,威鋒電康和0A購01,0,0,0,0,0,0,0,0,0,1000,0,0,0,1000,0,1000,1000
5511,031108,長榮群益11購02,0,0,0,0,0,0,0,0,0,1000,0,0,0,2000,1000,1000,1000
5512,031052,華邦電元大0A購02,0,0,0,0,0,0,0,0,0,1000,0,0,0,1000,0,1000,1000
5513,030479,燁輝永豐0A購01,0,0,0,0,0,0,0,0,0,1000,0,0,0,1000,0,1000,1000
5514,030390,中鋼構元大0A購01,0,0,0,0,0,0,0,0,0,1000,0,0,0,1000,0,1000,1000
5515,030414,長榮元大11購01,0,0,0,0,0,0,0,0,0,1000,0,0,0,1000,0,1000,1000
5516,030415,台驊控元大0A購01,0,0,0,0,0,0,0,0,0,1000,0,0,0,1000,0,1000,1000
5517,030416,慧洋元大0A購01,0,0,0,0,0,0,0,0,0,1000,0,0,0,1000,0,1000,1000
5518,031342,群創元大0A購11,0,0,0,0,0,0,0,0,0,1000,0,0,0,1000,0,1000,1000
5519,030562,裕民統一0B購02,0,0,0,0,0,0,0,0,0,1000,0,0,0,1000,0,1000,1000
5520,030552,元金2X統一0C購01,0,0,0,0,0,0,0,0,0,1000,0,0,0,1000,0,1000,1000
5521,030600,大成鋼元大0A購03,0,0,0,0,0,0,0,0,0,1000,0,0,0,11000,10000,1000,1000
5522,031327,旺宏元大0A購03,0,0,0,0,0,0,0,0,0,1000,0,0,0,1000,0,1000,1000
5523,031316,台苯元大0A購01,0,0,0,0,0,0,0,0,0,1000,0,0,0,2000,1000,1000,1000
5524,031285,華邦電日盛0B購02,0,0,0,0,0,0,0,0,0,1000,0,0,0,1000,0,1000,1000
5525,020012,富邦行動通訊N,0,0,0,0,0,0,0,0,0,1000,0,0,0,1000,0,1000,1000
5526,0053,元大電子,0,0,0,0,0,0,0,0,0,1000,0,0,0,2000,1000,1000,1000
5527,030090,春源永豐0A購01,0,0,0,0,0,0,0,0,0,1000,0,0,0,1000,0,1000,1000
5528,030164,威鋒電中信0A購01,0,0,0,0,0,0,0,0,0,1000,0,0,0,1000,0,1000,1000
5529,030178,台玻兆豐0B購01,0,0,0,0,0,0,0,0,0,1000,0,0,0,1000,0,1000,1000
5530,030144,新唐凱基0C購01,0,0,0,0,0,0,0,0,0,1000,0,0,0,22000,21000,1000,1000
5531,035718,富邦金元大0B購08,0,0,0,0,0,0,0,0,0,1000,0,0,0,10000,9000,1000,1000
5532,035857,華新科台新0B購01,0,0,0,0,0,0,0,0,0,1000,0,0,0,128000,127000,1000,1000
5533,035565,愛普統一14購02,0,0,0,0,0,0,0,0,0,1000,0,0,0,1000,0,1000,1000
5534,088564,英業達凱基11購01,0,0,0,0,0,0,0,0,0,1000,0,0,0,1000,0,1000,1000
5535,088030,康舒永豐09購01,0,0,0,0,0,0,0,0,0,1000,0,0,0,1000,0,1000,1000
5536,088098,光罩國票0A購01,0,0,0,0,0,0,0,0,0,1000,0,0,0,1000,0,1000,1000
5537,088100,億光國票0B購01,0,0,0,0,0,0,0,0,0,1000,0,0,0,1000,0,1000,1000
5538,088248,矽創國票0A購02,0,0,0,0,0,0,0,0,0,1000,0,0,0,1000,0,1000,1000
5539,087029,日月光麥證0A購01,0,0,0,1000,0,1000,0,0,0,1000,0,0,0,1000,0,1000,1000
5540,086889,統一群益0C購01,0,0,0,0,0,0,0,0,0,1000,0,0,0,1000,0,1000,1000
5541,086749,矽創永豐09購02,0,0,0,0,0,0,0,0,0,1000,0,0,0,1000,0,1000,1000
5542,086675,華邦電統一0B購03,0,0,0,0,0,0,0,0,0,1000,0,0,0,928000,927000,1000,1000
5543,087538,裕民統一0B購01,0,0,0,0,0,0,0,0,0,1000,0,0,0,2000,1000,1000,1000
5544,087567,中鋼國泰0B購01,0,0,0,0,0,0,0,0,0,1000,0,0,0,1000,0,1000,1000
5545,087546,國喬元富09購03,0,0,0,0,0,0,0,0,0,1000,0,0,0,1000,0,1000,1000
5546,087335,聯成凱基09購01,0,0,0,0,0,0,0,0,0,1000,0,0,0,1000,0,1000,1000
5547,087417,晶豪科統一0B購02,0,0,0,0,0,0,0,0,0,1000,0,0,0,5000,4000,1000,1000
5548,087667,台表科兆豐0A購01,0,0,0,0,0,0,0,0,0,1000,0,0,0,1000,0,1000,1000
5549,087791,合勤控永豐09購01,0,0,0,0,0,0,0,0,0,1000,0,0,0,1000,0,1000,1000
5550,087804,台積電兆豐0A購06,0,0,0,0,0,0,0,0,0,1000,0,0,0,3000,2000,1000,1000
5551,085308,京元電元大08購02,0,0,0,0,0,0,0,0,0,1000,0,0,0,1000,0,1000,1000
5552,085369,聯電群益08購07,0,0,0,0,0,0,0,0,0,1000,0,0,0,1000,0,1000,1000
5553,085165,欣興凱基0B購01,0,0,0,0,0,0,0,0,0,1000,0,0,0,1000,0,1000,1000
5554,085935,光罩群益09購03,0,0,0,0,0,0,0,0,0,1000,0,0,0,1000,0,1000,1000
5555,085943,聯陽群益0A購01,0,0,0,0,0,0,0,0,0,1000,0,0,0,1000,0,1000,1000
5556,085809,台灣50群益08購09,0,0,0,0,0,0,0,0,0,1000,0,0,0,1000,0,1000,1000
5557,086108,華邦電兆豐09購01,0,0,0,0,0,0,0,0,0,1000,0,0,0,1000,0,1000,1000
5558,086363,臺股指元大0B購14,0,0,0,0,0,0,0,0,0,1000,0,0,0,81000,80000,1000,1000
5559,086422,華邦電富邦09購01,0,0,0,0,0,0,0,0,0,1000,0,0,0,1000,0,1000,1000
5560,086534,矽創凱基09購02,0,0,0,0,0,0,0,0,0,1000,0,0,0,1000,0,1000,1000
5561,082488,台積電統一09購04,0,0,0,0,0,0,0,0,0,1000,0,0,0,1000,0,1000,1000
5562,081675,中鴻中信09購01,0,0,0,0,0,0,0,0,0,1000,0,0,0,1000,0,1000,1000
5563,081512,台達化富邦09購01,0,0,0,0,0,0,0,0,0,1000,0,0,0,1000,0,1000,1000
5564,081493,長榮凱基0B購02,0,0,0,0,0,0,0,0,0,1000,0,0,0,1000,0,1000,1000
5565,081922,日月光凱基08購02,0,0,0,0,0,0,0,0,0,1000,0,0,0,1000,0,1000,1000
5566,082215,台積電群益08購06,0,0,0,0,0,0,0,0,0,1000,0,0,0,1000,0,1000,1000
5567,082115,聯茂群益08購01,0,0,0,0,0,0,0,0,0,1000,0,0,0,1000,0,1000,1000
5568,083855,聯茂群益08購02,0,0,0,0,0,0,0,0,0,1000,0,0,0,1000,0,1000,1000
5569,083757,聯電第一11購01,0,0,0,0,0,0,0,0,0,1000,0,0,0,130000,129000,1000,1000
5570,083616,中興電凱基0A購01,0,0,0,0,0,0,0,0,0,1000,0,0,0,1000,0,1000,1000
5571,083382,臺股指國票0A購06,0,0,0,0,0,0,0,0,0,1000,0,0,0,4000,3000,1000,1000
5572,083369,鴻海國票08購04,0,0,0,0,0,0,0,0,0,1000,0,0,0,1000,0,1000,1000
5573,083156,旺宏群益09購02,0,0,0,0,0,0,0,0,0,1000,0,0,0,1000,0,1000,1000
5574,083456,台積電麥證0B購03,0,0,0,1000,0,1000,0,0,0,1000,0,0,0,1000,0,1000,1000
5575,083591,順德國票08購02,0,0,0,0,0,0,0,0,0,1000,0,0,0,1000,0,1000,1000
5576,084041,京鼎元富0A購01,0,0,0,0,0,0,0,0,0,1000,0,0,0,1000,0,1000,1000
5577,084050,智原國票08購01,0,0,0,0,0,0,0,0,0,1000,0,0,0,1000,0,1000,1000
5578,084295,聯電兆豐08購03,0,0,0,0,0,0,0,0,0,1000,0,0,0,35000,34000,1000,1000
5579,084793,力山群益09購01,0,0,0,0,0,0,0,0,0,1000,0,0,0,9000,8000,1000,1000
5580,080645,致茂元大09購01,0,0,0,0,0,0,0,0,0,1000,0,0,0,1000,0,1000,1000
5581,080596,華邦電統一08購04,0,0,0,0,0,0,0,0,0,1000,0,0,0,1000,0,1000,1000
5582,080600,強茂統一09購01,0,0,0,0,0,0,0,0,0,1000,0,0,0,1000,0,1000,1000
5583,081042,長榮富邦09購01,0,0,0,0,0,0,0,0,0,1000,0,0,0,1000,0,1000,1000
5584,080935,華新群益08購01,0,0,0,0,0,0,0,0,0,1000,0,0,0,1000,0,1000,1000
5585,079868,華邦電統一08購03,0,0,0,0,0,0,0,0,0,1000,0,0,0,1000,0,1000,1000
5586,079524,華邦電元大08購02,0,0,0,0,0,0,0,0,0,1000,0,0,0,1000,0,1000,1000
5587,079299,祥碩元富08購03,0,0,0,0,0,0,0,0,0,1000,0,0,0,2000,1000,1000,1000
5588,07481P,創意元大11售05,0,0,0,0,0,0,0,0,0,1000,0,0,0,1000,0,1000,1000
5589,076675,台積電凱基09購01,0,0,0,0,0,0,0,0,0,1000,0,0,0,1000,0,1000,1000
5590,07374P,A50正2元富13售02,0,0,0,0,0,0,0,0,0,1000,0,0,0,1000,0,1000,1000
5591,037869,聯成麥證0C購01,0,0,0,287000,250000,37000,0,0,0,1000,0,0,0,287000,286000,1000,1000
5592,037938,榮運元富0C購02,0,0,0,0,0,0,0,0,0,1000,0,0,0,1000,0,1000,1000
5593,037855,裕民元富13購13,0,0,0,0,0,0,0,0,0,1000,0,0,0,1000,0,1000,1000
5594,037773,國巨凱基14購01,0,0,0,0,0,0,0,0,0,1000,0,0,0,2000,1000,1000,1000
5595,037811,乙盛元大0C購02,0,0,0,0,0,0,0,0,0,1000,0,0,0,1000,0,1000,1000
5596,037311,國巨凱基0C購07,0,0,0,0,0,0,0,0,0,1000,0,0,0,1000,0,1000,1000
5597,037402,臻鼎凱基11購02,0,0,0,0,0,0,0,0,0,1000,0,0,0,1000,0,1000,1000
5598,03669C,滬深2X元富09牛01,0,0,0,0,0,0,0,0,0,1000,0,0,0,1000,0,1000,1000
5599,036696,聯詠中信11購01,0,0,0,0,0,0,0,0,0,1000,0,0,0,1000,0,1000,1000
5600,036994,台光電統一11購01,0,0,0,0,0,0,0,0,0,1000,0,0,0,340000,339000,1000,1000
5601,037058,強茂國票0C購01,0,0,0,0,0,0,0,0,0,1000,0,0,0,1000,0,1000,1000
5602,037059,東森國票11購02,0,0,0,0,0,0,0,0,0,1000,0,0,0,1000,0,1000,1000
5603,034098,祥碩元大0B購03,0,0,0,0,0,0,0,0,0,1000,0,0,0,1000,0,1000,1000
5604,034586,臺股指凱基0B購13,0,0,0,0,0,0,0,0,0,1000,0,0,0,1000,0,1000,1000
5605,036427,台積電凱基11購03,0,0,0,0,0,0,0,0,0,1000,0,0,0,1000,0,1000,1000
5606,034945,同欣電群益0B購02,0,0,0,0,0,0,0,0,0,1000,0,0,0,1000,0,1000,1000
5607,034947,中鋼凱基11購02,0,0,0,0,0,0,0,0,0,1000,0,0,0,1000,0,1000,1000
5608,034873,中鋼中信0B購05,0,0,0,0,0,0,0,0,0,1000,0,0,0,194000,193000,1000,1000
5609,034455,大亞群益0C購02,0,0,0,0,0,0,0,0,0,1000,0,0,0,10000,9000,1000,1000
5610,036235,永豐餘第一16購01,0,0,0,0,0,0,0,0,0,1000,0,0,0,1000,0,1000,1000
5611,034634,金像電元大0B購02,0,0,0,0,0,0,0,0,0,1000,0,0,0,1000,0,1000,1000
5612,034719,台泥麥證0C購01,0,0,0,24000,23000,1000,0,0,0,1000,0,0,0,24000,23000,1000,1000
5613,034417,允強統一14購01,0,0,0,0,0,0,0,0,0,1000,0,0,0,112000,111000,1000,1000
5614,034418,國巨統一11購02,0,0,0,0,0,0,0,0,0,1000,0,0,0,1000,0,1000,1000
5615,034353,國泰金元富0B購04,0,0,0,0,0,0,0,0,0,1000,0,0,0,1000,0,1000,1000
5616,035175,群創國票0B購05,0,0,0,0,0,0,0,0,0,1000,0,0,0,1000,0,1000,1000
5617,035225,南電國泰11購02,0,0,0,0,0,0,0,0,0,1000,0,0,0,1000,0,1000,1000
5618,033929,興勤元大11購01,0,0,0,0,0,0,0,0,0,1000,0,0,0,7000,6000,1000,1000
5619,033835,萬海國泰11購01,0,0,0,0,0,0,0,0,0,1000,0,0,0,1000,0,1000,1000
5620,034537,中鋼統一11購04,0,0,0,0,0,0,0,0,0,1000,0,0,0,1000,0,1000,1000
5621,033665,玉晶光統一13購01,0,0,0,0,0,0,0,0,0,1000,0,0,0,1000,0,1000,1000
5622,033438,聯發科元大11購03,0,0,0,0,0,0,0,0,0,1000,0,0,0,6000,5000,1000,1000
5623,036077,華夏元大11購01,0,0,0,0,0,0,0,0,0,1000,0,0,0,2000,1000,1000,1000
5624,035449,廣宇國票0C購01,0,0,0,0,0,0,0,0,0,1000,0,0,0,11000,10000,1000,1000
5625,035494,金像電國泰12購01,0,0,0,0,0,0,0,0,0,1000,0,0,0,1000,0,1000,1000
5626,033337,台玻永豐0B購02,0,0,0,0,0,0,0,0,0,1000,0,0,0,335000,334000,1000,1000
5627,033343,長榮航永豐0B購01,1000,0,1000,0,0,0,0,0,0,0,0,0,0,2000,2000,0,1000
5628,038745,強茂元富12購04,0,0,0,0,0,0,0,0,0,1000,0,0,0,86000,85000,1000,1000
5629,039411,美律永豐11購01,0,0,0,0,0,0,0,0,0,1000,0,0,0,1000,0,1000,1000
5630,038038,燁輝群益13購01,0,0,0,0,0,0,0,0,0,1000,0,0,0,1000,0,1000,1000
5631,038237,允強元大13購01,0,0,0,0,0,0,0,0,0,1000,0,0,0,958000,957000,1000,1000
5632,038345,鴻準元富17購01,0,0,0,0,0,0,0,0,0,1000,0,0,0,56000,55000,1000,1000
5633,038499,台肥永豐11購01,0,0,0,0,0,0,0,0,0,1000,0,0,0,1000,0,1000,1000
5634,038422,菱生國泰13購01,0,0,0,0,0,0,0,0,0,1000,0,0,0,1000,0,1000,1000
5635,038647,矽創國泰13購02,0,0,0,0,0,0,0,0,0,1000,0,0,0,1000,0,1000,1000
5636,040161,立隆電元大11購01,0,0,0,0,0,0,0,0,0,1000,0,0,0,11000,10000,1000,1000
5637,040043,國泰金元富11購01,0,0,0,0,0,0,0,0,0,1000,0,0,0,7000,6000,1000,1000
5638,039521,臺股指群益11購09,0,0,0,0,0,0,0,0,0,1000,0,0,0,2000,1000,1000,1000
5639,06469P,友達元富09售08,0,0,0,0,0,0,0,0,0,1000,0,0,0,1000,0,1000,1000
5640,05960P,台積電群益08售11,0,0,0,0,0,0,0,0,0,1000,0,0,0,1000,0,1000,1000
5641,06022P,鴻海凱基08售10,0,0,0,0,0,0,0,0,0,1000,0,0,0,1000,0,1000,1000
5642,05100P,玉晶光國票08售04,0,0,0,0,0,0,0,0,0,1000,0,0,0,1000,0,1000,1000
5643,06273P,台積電元大08售24,0,0,0,0,0,0,0,0,0,1000,0,0,0,1000,0,1000,1000
5644,06287P,聯發科元大08售12,0,0,0,0,0,0,0,0,0,1000,0,0,0,1000,0,1000,1000
5645,06327P,A50正2元富08售04,0,0,0,0,0,0,0,0,0,1000,0,0,0,1000,0,1000,1000
5646,06445P,鴻海群益09售10,0,0,0,0,0,0,0,0,0,1000,0,0,0,2000,1000,1000,1000
5647,06446P,滬深2X凱基0B售03,0,0,0,0,0,0,0,0,0,1000,0,0,0,24000,23000,1000,1000
5648,040332,精成科國票13購01,0,0,0,0,0,0,0,0,0,1000,0,0,0,16000,15000,1000,1000
5649,040574,光磊元大12購01,0,0,0,0,0,0,0,0,0,1000,0,0,0,1000,0,1000,1000
5650,073048,中租元富08購02,0,0,0,0,0,0,0,0,0,1000,0,0,0,1000,0,1000,1000
5651,06780P,S&P500中信0A售02,0,0,0,0,0,0,0,0,0,1000,0,0,0,3000,2000,1000,1000
5652,1712,興農,28000,87000,-59000,0,0,0,0,0,0,60000,60000,0,60000,0,0,0,1000
5653,1723,中碳,19000,19000,0,0,0,0,0,0,0,1000,1000,0,1000,0,0,0,1000
5654,1614,三洋電,24000,23000,1000,0,0,0,0,0,0,0,0,0,0,0,0,0,1000
5655,1341,富林-KY,3000,2000,1000,0,0,0,0,0,0,0,0,0,0,0,0,0,1000
5656,2936,客思達-KY,5000,4000,1000,0,0,0,0,0,0,0,0,0,0,0,0,0,1000
5657,3013,晟銘電,28000,27000,1000,0,0,0,0,0,0,0,0,0,0,0,0,0,1000
5658,089887,台灣50統一0C購02,0,0,0,0,0,0,0,0,0,1000,0,0,0,1000,0,1000,1000
5659,089840,光磊元大09購02,0,0,0,0,0,0,0,0,0,1000,0,0,0,1000,0,1000,1000
5660,089800,宏達電元富0B購01,0,0,0,0,0,0,0,0,0,1000,0,0,0,1000,0,1000,1000
5661,089998,長榮中信11購01,0,0,0,0,0,0,0,0,0,1000,0,0,0,1000,0,1000,1000
5662,089736,健策永豐09購01,0,0,0,0,0,0,0,0,0,1000,0,0,0,1000,0,1000,1000
5663,089723,東鋼永豐09購03,0,0,0,0,0,0,0,0,0,1000,0,0,0,1000,0,1000,1000
5664,089719,友達國泰0B購04,0,0,0,0,0,0,0,0,0,1000,0,0,0,64000,63000,1000,1000
5665,089094,萬海統一0B購01,0,0,0,0,0,0,0,0,0,1000,0,0,0,1000,0,1000,1000
5666,089205,台灣50群益09購09,0,0,0,0,0,0,0,0,0,1000,0,0,0,1000,0,1000,1000
5667,4720,德淵,15000,14000,1000,0,0,0,0,0,0,0,0,0,0,0,0,0,1000
5668,4755,三福化,1000,0,1000,0,0,0,0,0,0,0,0,0,0,0,0,0,1000
5669,5906,台南-KY,1000,0,1000,0,0,0,0,0,0,0,0,0,0,0,0,0,1000
5670,6464,台數科,1000,0,1000,0,0,0,0,0,0,0,0,0,0,0,0,0,1000
5671,6581,鋼聯,4000,3000,1000,0,0,0,0,0,0,0,0,0,0,0,0,0,1000
5672,8481,政伸,1000,0,1000,0,0,0,0,0,0,0,0,0,0,0,0,0,1000
5673,6754,匯僑設計,4000,3000,1000,0,0,0,0,0,0,0,0,0,0,0,0,0,1000
5674,9918,欣天然,1000,0,1000,0,0,0,0,0,0,0,0,0,0,0,0,0,1000
5675,00783,富邦中証500,150000,0,150000,0,0,0,0,0,0,-149513,0,0,0,592487,742000,-149513,487
5676,1516,川飛,0,0,0,0,0,0,0,0,0,2,2,0,2,0,0,0,2
5677,00775B,新光投等債15+,0,0,0,0,0,0,0,0,0,0,0,0,0,2000,2000,0,0
5678,00702,國泰標普低波高息,0,10000,-10000,0,0,0,0,0,0,10000,0,0,0,102000,92000,10000,0
5679,00732,國泰RMB短期報酬,0,0,0,0,0,0,0,0,0,0,0,0,0,100000,100000,0,0
5680,00735,國泰臺韓科技,0,0,0,0,0,0,0,0,0,0,0,0,0,105000,105000,0,0
5681,00865B,國泰US短期公債,0,0,0,0,0,0,0,0,0,0,0,0,0,100000,100000,0,0
5682,0057,富邦摩台,0,0,0,0,0,0,0,0,0,0,0,0,0,20000,20000,0,0
5683,006204,永豐臺灣加權,0,0,0,0,0,0,0,0,0,0,0,0,0,20000,20000,0,0
5684,00636K,國泰中國A50+U,0,0,0,0,0,0,0,0,0,0,0,0,0,200,200,0,0
5685,00668K,國泰美國道瓊+U,0,0,0,0,0,0,0,0,0,0,0,0,0,200,200,0,0
5686,00657K,國泰日經225+U,0,0,0,0,0,0,0,0,0,0,0,0,0,2200,2200,0,0
5687,030214,潤泰全凱基0C購01,0,0,0,0,0,0,0,0,0,0,0,0,0,10000,10000,0,0
5688,030108,日電貿永豐0A購01,0,0,0,0,0,0,0,0,0,0,0,0,0,25000,25000,0,0
5689,030039,長興元大12購01,0,0,0,0,0,0,0,0,0,0,0,0,0,24000,24000,0,0
5690,031291,群創元富0B購02,0,0,0,0,0,0,0,0,0,0,0,0,0,189000,189000,0,0
5691,031308,漢唐富邦0C購01,0,0,0,0,0,0,0,0,0,0,0,0,0,10000,10000,0,0
5692,03050X,元展47,0,0,0,0,0,0,0,0,0,0,0,0,0,3000,3000,0,0
5693,030496,東鋼兆豐0A購01,0,0,0,0,0,0,0,0,0,0,0,0,0,126000,126000,0,0
5694,030439,晶碩元大0A購02,0,0,0,0,0,0,0,0,0,0,0,0,0,10000,10000,0,0
5695,030296,威鋒電元富0A購01,0,0,0,0,0,0,0,0,0,0,0,0,0,60000,60000,0,0
5696,030367,揚明光群益11購01,0,0,0,0,0,0,0,0,0,0,0,0,0,27000,27000,0,0
5697,031229,深中小群益0B購01,0,0,0,0,0,0,0,0,0,0,0,0,0,2000,2000,0,0
5698,031092,永豐餘群益0B購01,0,0,0,0,0,0,0,0,0,0,0,0,0,10000,10000,0,0
5699,030343,致茂群益0B購01,0,0,0,0,0,0,0,0,0,0,0,0,0,67000,67000,0,0
5700,030949,全新富邦0A購02,0,0,0,0,0,0,0,0,0,0,0,0,0,144000,144000,0,0
5701,030920,中鋼群益0B購02,0,0,0,0,0,0,0,0,0,0,0,0,0,250000,250000,0,0
5702,030876,玉晶光元富11購03,0,0,0,0,0,0,0,0,0,0,0,0,0,20000,20000,0,0
5703,030642,大成鋼日盛0A購02,0,0,0,0,0,0,0,0,0,0,0,0,0,10000,10000,0,0
5704,031138,中鋼日盛0B購01,0,0,0,0,0,0,0,0,0,0,0,0,0,1000,1000,0,0
5705,031140,旺宏台新0A購01,0,0,0,0,0,0,0,0,0,0,0,0,0,10000,10000,0,0
5706,031130,群創統一0C購03,0,0,0,0,0,0,0,0,0,0,0,0,0,120000,120000,0,0
5707,032801,台泥國票0B購01,0,0,0,0,0,0,0,0,0,0,0,0,0,79000,79000,0,0
5708,032031,宏達電富邦0A購02,0,0,0,0,0,0,0,0,0,0,0,0,0,50000,50000,0,0
5709,032022,世紀鋼統一11購01,0,0,0,0,0,0,0,0,0,0,0,0,0,50000,50000,0,0
5710,032017,景碩統一0C購01,0,0,0,0,0,0,0,0,0,0,0,0,0,100000,100000,0,0
5711,033137,開發金元大13購01,0,0,0,0,0,0,0,0,0,0,0,0,0,20000,20000,0,0
5712,032839,亞泥中信0A購01,0,0,0,0,0,0,0,0,0,0,0,0,0,22000,22000,0,0
5713,031961,華邦電元大0A購10,0,0,0,0,0,0,0,0,0,0,0,0,0,22000,22000,0,0
5714,031944,中石化元大0A購04,0,0,0,0,0,0,0,0,0,0,0,0,0,79000,79000,0,0
5715,031783,台聚國票0B購01,0,0,0,0,0,0,0,0,0,0,0,0,0,20000,20000,0,0
5716,031798,中工國票0B購01,0,0,0,0,0,0,0,0,0,0,0,0,0,11000,11000,0,0
5717,031814,華邦電元大0A購07,0,0,0,0,0,0,0,0,0,0,0,0,0,20000,20000,0,0
5718,031810,東鋼元大0B購02,0,0,0,0,0,0,0,0,0,0,0,0,0,15000,15000,0,0
5719,031831,裕隆富邦0B購01,0,0,0,0,0,0,0,0,0,0,0,0,0,5000,5000,0,0
5720,032428,華邦電元大0A購11,0,0,0,0,0,0,0,0,0,0,0,0,0,20000,20000,0,0
5721,032190,微星群益0B購01,0,0,0,0,0,0,0,0,0,0,0,0,0,9000,9000,0,0
5722,033205,中鋼群益0C購03,0,0,0,0,0,0,0,0,0,0,0,0,0,10000,10000,0,0
5723,033249,富邦金元大11購02,0,0,0,0,0,0,0,0,0,0,0,0,0,6000,6000,0,0
5724,033258,玉晶光元大0B購03,0,0,0,0,0,0,0,0,0,0,0,0,0,1000,1000,0,0
5725,032079,大成鋼兆豐0B購02,0,0,0,0,0,0,0,0,0,0,0,0,0,40000,40000,0,0
5726,032136,大成鋼凱基12購02,0,0,0,0,0,0,0,0,0,0,0,0,0,20000,20000,0,0
5727,032107,榮運永豐0A購02,0,0,0,0,0,0,0,0,0,0,0,0,0,5000,5000,0,0
5728,032330,東鋼群益0B購03,0,0,0,0,0,0,0,0,0,0,0,0,0,5000,5000,0,0
5729,032342,玉晶光群益0B購03,0,0,0,0,0,0,0,0,0,0,0,0,0,2000,2000,0,0
5730,031711,長榮永豐0A購07,0,0,0,0,0,0,0,0,0,0,0,0,0,10000,10000,0,0
5731,031725,玉晶光群益0C購02,0,0,0,0,0,0,0,0,0,0,0,0,0,2000,2000,0,0
5732,031610,聯電康和0A購03,0,0,0,0,0,0,0,0,0,0,0,0,0,44000,44000,0,0
5733,031636,中鋼日盛0C購01,0,0,0,0,0,0,0,0,0,0,0,0,0,110000,110000,0,0
5734,033010,鴻海麥證12購01,0,0,0,2000,1000,1000,0,0,0,0,0,0,0,2000,2000,0,0
5735,032964,華邦電元大0A購12,0,0,0,0,0,0,0,0,0,0,0,0,0,22000,22000,0,0
5736,032320,中鋼元富0A購03,0,0,0,0,0,0,0,0,0,0,0,0,0,4000,4000,0,0
5737,033508,玉晶光統一0C購02,0,0,0,0,0,0,0,0,0,0,0,0,0,362000,362000,0,0
5738,033485,台玻統一11購02,0,0,0,0,0,0,0,0,0,0,0,0,0,10000,10000,0,0
5739,031678,彩晶元大0B購03,0,0,0,0,0,0,0,0,0,0,0,0,0,10000,10000,0,0
5740,033464,精成科群益0B購01,0,0,0,0,0,0,0,0,0,0,0,0,0,20000,20000,0,0
5741,034252,宏碁統一0C購01,0,0,0,0,0,0,0,0,0,0,0,0,0,109000,109000,0,0
5742,033529,富邦金國票0B購01,0,0,0,0,0,0,0,0,0,0,0,0,0,10000,10000,0,0
5743,034330,鴻海群益0B購09,0,0,0,0,0,0,0,0,0,0,0,0,0,200000,200000,0,0
5744,034337,大立光群益0B購03,0,0,0,0,0,0,0,0,0,0,0,0,0,5000,5000,0,0
5745,031455,中鋼群益0B購03,0,0,0,0,0,0,0,0,0,0,0,0,0,30000,30000,0,0
5746,032236,滬深2X元大11購03,0,0,0,0,0,0,0,0,0,0,0,0,0,117000,117000,0,0
5747,031478,長榮國票0B購01,0,0,0,0,0,0,0,0,0,0,0,0,0,1000,1000,0,0
5748,032558,友達群益0A購06,0,0,0,0,0,0,0,0,0,0,0,0,0,10000,10000,0,0
5749,032634,長榮統一0B購09,0,0,0,0,0,0,0,0,0,0,0,0,0,50000,50000,0,0
5750,032639,裕民統一0C購03,0,0,0,0,0,0,0,0,0,0,0,0,0,10000,10000,0,0
5751,032677,台船中信0B購01,0,0,0,0,0,0,0,0,0,0,0,0,0,20000,20000,0,0
5752,032696,玉晶光永豐0A購06,0,0,0,0,0,0,0,0,0,0,0,0,0,1000,1000,0,0
5753,035601,富邦金元大0B購07,0,0,0,0,0,0,0,0,0,0,0,0,0,9000,9000,0,0
5754,035624,凌陽國票0C購02,0,0,0,0,0,0,0,0,0,0,0,0,0,9000,9000,0,0
5755,035644,旺宏群益0C購07,0,0,0,0,0,0,0,0,0,0,0,0,0,20000,20000,0,0
5756,035984,新光鋼國票11購01,0,0,0,0,0,0,0,0,0,0,0,0,0,3000,3000,0,0
5757,036005,東鋼凱基0C購03,0,0,0,0,0,0,0,0,0,0,0,0,0,5000,5000,0,0
5758,035522,國喬群益0B購02,0,0,0,0,0,0,0,0,0,0,0,0,0,169000,169000,0,0
5759,035841,富邦金元大0B購09,0,0,0,0,0,0,0,0,0,0,0,0,0,6000,6000,0,0
5760,035885,東鋼國票11購02,0,0,0,0,0,0,0,0,0,0,0,0,0,5000,5000,0,0
5761,035880,玉晶光群益11購03,0,0,0,0,0,0,0,0,0,0,0,0,0,1000,1000,0,0
5762,035890,祥碩國票0B購03,0,0,0,0,0,0,0,0,0,0,0,0,0,10000,10000,0,0
5763,035891,祥碩國票11購01,0,0,0,0,0,0,0,0,0,0,0,0,0,3000,3000,0,0
5764,035876,長榮航群益11購01,0,0,0,0,0,0,0,0,0,0,0,0,0,14000,14000,0,0
5765,035877,長榮航群益12購01,0,0,0,0,0,0,0,0,0,0,0,0,0,26000,26000,0,0
5766,035828,東鋼元大0B購07,0,0,0,0,0,0,0,0,0,0,0,0,0,5000,5000,0,0
5767,035833,鴻海元大0B購14,0,0,0,0,0,0,0,0,0,0,0,0,0,4000,4000,0,0
5768,035127,華新統一0C購05,0,0,0,0,0,0,0,0,0,0,0,0,0,4000,4000,0,0
5769,035101,鴻海元大0C購14,0,0,0,0,0,0,0,0,0,0,0,0,0,5000,5000,0,0
5770,035721,玉晶光元大0B購06,0,0,0,0,0,0,0,0,0,0,0,0,0,1000,1000,0,0
5771,035709,鴻海元大0B購13,0,0,0,0,0,0,0,0,0,0,0,0,0,4000,4000,0,0
5772,035710,鴻海元大0C購15,0,0,0,0,0,0,0,0,0,0,0,0,0,5000,5000,0,0
5773,035738,國泰金國票0C購05,0,0,0,0,0,0,0,0,0,0,0,0,0,3000,3000,0,0
5774,035687,玉晶光凱基0C購03,0,0,0,0,0,0,0,0,0,0,0,0,0,1000,1000,0,0
5775,035669,祥碩統一0C購04,0,0,0,0,0,0,0,0,0,0,0,0,0,28000,28000,0,0
5776,07458P,臺股指群益11售02,0,0,0,0,0,0,0,0,0,0,0,0,0,10000,10000,0,0
5777,07487P,玉晶光元富14售02,0,0,0,0,0,0,0,0,0,0,0,0,0,8000,8000,0,0
5778,07490P,臺股指中信13售08,0,0,0,0,0,0,0,0,0,0,0,0,0,5000,5000,0,0
5779,076759,SP黃豆元大08購01,0,0,0,0,0,0,0,0,0,0,0,0,0,5000,5000,0,0
5780,07623P,上証2X群益12售02,0,0,0,0,0,0,0,0,0,0,0,0,0,2000,2000,0,0
5781,07629P,台灣50凱基12售04,0,0,0,0,0,0,0,0,0,0,0,0,0,2000,2000,0,0
5782,07590P,臺股指凱基11售13,0,0,0,0,0,0,0,0,0,0,0,0,0,2000,2000,0,0
5783,07521P,臺股指元大13售17,0,0,0,0,0,0,0,0,0,0,0,0,0,10000,10000,0,0
5784,075524,台表科元富0B購01,0,0,0,0,0,0,0,0,0,0,0,0,0,10000,10000,0,0
5785,079452,友達元富09購05,0,0,0,0,0,0,0,0,0,0,0,0,0,10000,10000,0,0
5786,079896,全新國票09購01,0,0,0,0,0,0,0,0,0,0,0,0,0,9000,9000,0,0
5787,079854,T50正2群益08購03,0,0,0,0,0,0,0,0,0,0,0,0,0,1000,1000,0,0
5788,079597,禾伸堂元富09購01,0,0,0,0,0,0,0,0,0,0,0,0,0,9000,9000,0,0
5789,079784,鴻海兆豐08購03,0,0,0,0,0,0,0,0,0,0,0,0,0,200000,200000,0,0
5790,077735,台積電富邦09購01,0,0,0,0,0,0,0,0,0,0,0,0,0,1000,1000,0,0
5791,081021,長榮統一09購02,0,0,0,0,0,0,0,0,0,0,0,0,0,292000,292000,0,0
5792,080879,台積電中信0B購01,0,0,0,0,0,0,0,0,0,0,0,0,0,1000,1000,0,0
5793,080880,台積電中信0B購02,0,0,0,0,0,0,0,0,0,0,0,0,0,1000,1000,0,0
5794,080881,台積電中信0B購03,0,0,0,0,0,0,0,0,0,0,0,0,0,1000,1000,0,0
5795,081090,群創中信0B購04,0,0,0,0,0,0,0,0,0,0,0,0,0,46000,46000,0,0
5796,081076,國巨中信09購01,0,0,0,0,0,0,0,0,0,0,0,0,0,100000,100000,0,0
5797,081095,緯穎中信0A購01,0,0,0,0,0,0,0,0,0,0,0,0,0,10000,10000,0,0
5798,080546,欣興統一08購02,0,0,0,0,0,0,0,0,0,0,0,0,0,10000,10000,0,0
5799,080680,中石化富邦08購02,0,0,0,0,0,0,0,0,0,0,0,0,0,10000,10000,0,0
5800,080124,群創國票08購03,0,0,0,0,0,0,0,0,0,0,0,0,0,1000,1000,0,0
5801,080173,大成鋼統一08購02,0,0,0,0,0,0,0,0,0,0,0,0,0,100000,100000,0,0
5802,080201,台光電元富09購01,0,0,0,0,0,0,0,0,0,0,0,0,0,2000,2000,0,0
5803,084890,彩晶群益09購05,0,0,0,0,0,0,0,0,0,0,0,0,0,11000,11000,0,0
5804,084269,大立光國票08購04,0,0,0,0,0,0,0,0,0,0,0,0,0,51000,51000,0,0
5805,084388,聯發科統一08購05,0,0,0,0,0,0,0,0,0,0,0,0,0,21000,21000,0,0
5806,084036,聯發科元富11購04,0,0,0,0,0,0,0,0,0,0,0,0,0,5000,5000,0,0
5807,083941,祥碩日盛08購01,0,0,0,0,0,0,0,0,0,0,0,0,0,94000,94000,0,0
5808,083568,瑞昱群益08購01,0,0,0,0,0,0,0,0,0,0,0,0,0,20000,20000,0,0
5809,083471,聯發科統一09購11,0,0,0,0,0,0,0,0,0,0,0,0,0,500000,500000,0,0
5810,083346,欣興統一0A購01,0,0,0,0,0,0,0,0,0,0,0,0,0,10000,10000,0,0
5811,083577,台表科群益08購01,0,0,0,0,0,0,0,0,0,0,0,0,0,20000,20000,0,0
5812,083679,華邦電統一09購08,0,0,0,0,0,0,0,0,0,0,0,0,0,16000,16000,0,0
5813,082112,創意群益08購02,0,0,0,0,0,0,0,0,0,0,0,0,0,30000,30000,0,0
5814,082125,中鋼統一09購02,0,0,0,0,0,0,0,0,0,0,0,0,0,100000,100000,0,0
5815,082160,台積電國泰0A購01,0,0,0,0,0,0,0,0,0,0,0,0,0,50000,50000,0,0
5816,082138,玉晶光統一09購04,0,0,0,0,0,0,0,0,0,0,0,0,0,10000,10000,0,0
5817,082323,技嘉統一09購01,0,0,0,0,0,0,0,0,0,0,0,0,0,7000,7000,0,0
5818,082327,大立光統一08購03,0,0,0,0,0,0,0,0,0,0,0,0,0,1000,1000,0,0
5819,082332,乙盛統一09購01,0,0,0,0,0,0,0,0,0,0,0,0,0,600000,600000,0,0
5820,081863,鴻海日盛08購01,0,0,0,0,0,0,0,0,0,0,0,0,0,10000,10000,0,0
5821,081865,聯發科日盛08購01,0,0,0,0,0,0,0,0,0,0,0,0,0,1829000,1829000,0,0
5822,081962,東鋼元大08購02,0,0,0,0,0,0,0,0,0,0,0,0,0,230000,230000,0,0
5823,082035,華夏凱基09購01,0,0,0,0,0,0,0,0,0,0,0,0,0,79000,79000,0,0
5824,081946,台積電統一09購01,0,0,0,0,0,0,0,0,0,0,0,0,0,1000,1000,0,0
5825,081947,台積電統一09購02,0,0,0,0,0,0,0,0,0,0,0,0,0,1000,1000,0,0
5826,081691,創意群益08購01,0,0,0,0,0,0,0,0,0,0,0,0,0,20000,20000,0,0
5827,081696,鴻海日盛09購01,0,0,0,0,0,0,0,0,0,0,0,0,0,10000,10000,0,0
5828,081710,鴻海統一09購01,0,0,0,0,0,0,0,0,0,0,0,0,0,20000,20000,0,0
5829,081767,創意元大08購02,0,0,0,0,0,0,0,0,0,0,0,0,0,50000,50000,0,0
5830,081775,祥碩元大09購01,0,0,0,0,0,0,0,0,0,0,0,0,0,71000,71000,0,0
5831,081795,儒鴻凱基0B購01,0,0,0,0,0,0,0,0,0,0,0,0,0,30000,30000,0,0
5832,081220,聯發科統一09購01,0,0,0,0,0,0,0,0,0,0,0,0,0,28000,28000,0,0
5833,082495,聯發科統一09購07,0,0,0,0,0,0,0,0,0,0,0,0,0,342000,342000,0,0
5834,082482,鴻海統一09購07,0,0,0,0,0,0,0,0,0,0,0,0,0,10000,10000,0,0
5835,082511,聯發科兆豐08購01,0,0,0,0,0,0,0,0,0,0,0,0,0,30000,30000,0,0
5836,082436,全新國泰09購01,0,0,0,0,0,0,0,0,0,0,0,0,0,21000,21000,0,0
5837,082406,國泰金凱基0B購01,0,0,0,0,0,0,0,0,0,0,0,0,0,8000,8000,0,0
5838,082701,友達凱基08購04,0,0,0,0,0,0,0,0,0,0,0,0,0,27000,27000,0,0
5839,082533,台積電日盛11購01,0,0,0,0,0,0,0,0,0,0,0,0,0,1000,1000,0,0
5840,082757,旺宏統一09購03,0,0,0,0,0,0,0,0,0,0,0,0,0,10000,10000,0,0
5841,082771,台表科統一09購02,0,0,0,0,0,0,0,0,0,0,0,0,0,208000,208000,0,0
5842,082834,台積電國泰0B購01,0,0,0,0,0,0,0,0,0,0,0,0,0,118000,118000,0,0
5843,082855,美利達國票08購01,0,0,0,0,0,0,0,0,0,0,0,0,0,14000,14000,0,0
5844,083006,鴻海凱基0B購04,0,0,0,0,0,0,0,0,0,0,0,0,0,100000,100000,0,0
5845,083050,鴻海兆豐09購05,0,0,0,0,0,0,0,0,0,0,0,0,0,3000,3000,0,0
5846,086505,聯發科麥證09購01,0,0,0,54000,0,54000,0,0,0,0,0,0,0,54000,54000,0,0
5847,086394,鴻海統一11購05,0,0,0,0,0,0,0,0,0,0,0,0,0,10000,10000,0,0
5848,086467,義隆兆豐09購01,0,0,0,0,0,0,0,0,0,0,0,0,0,38000,38000,0,0
5849,086246,華邦電麥證08購02,0,0,0,38000,38000,0,0,0,0,0,0,0,0,38000,38000,0,0
5850,086258,儒鴻永豐09購01,0,0,0,0,0,0,0,0,0,0,0,0,0,35000,35000,0,0
5851,086193,技嘉凱基08購02,0,0,0,0,0,0,0,0,0,0,0,0,0,38000,38000,0,0
5852,085863,欣興統一0A購04,0,0,0,0,0,0,0,0,0,0,0,0,0,10000,10000,0,0
5853,085921,臺股指中信0B購11,0,0,0,0,0,0,0,0,0,0,0,0,0,10000,10000,0,0
5854,085924,晶豪科兆豐09購02,0,0,0,0,0,0,0,0,0,0,0,0,0,31000,31000,0,0
5855,085900,南電國票09購02,0,0,0,0,0,0,0,0,0,0,0,0,0,5000,5000,0,0
5856,085343,松翰中信08購01,0,0,0,0,0,0,0,0,0,0,0,0,0,20000,20000,0,0
5857,085380,群創群益09購08,0,0,0,0,0,0,0,0,0,0,0,0,0,6000,6000,0,0
5858,085212,臺股指群益08購05,0,0,0,0,0,0,0,0,0,0,0,0,0,1000,1000,0,0
5859,085224,聯電元大0C購01,0,0,0,0,0,0,0,0,0,0,0,0,0,255000,255000,0,0
5860,085246,聯發科中信0C購01,0,0,0,0,0,0,0,0,0,0,0,0,0,32000,32000,0,0
5861,085651,華邦電統一0A購01,0,0,0,0,0,0,0,0,0,0,0,0,0,1000,1000,0,0
5862,085524,群創富邦08購01,0,0,0,0,0,0,0,0,0,0,0,0,0,200000,200000,0,0
5863,085548,中石化群益08購02,0,0,0,0,0,0,0,0,0,0,0,0,0,10000,10000,0,0
5864,085604,力山元大09購01,0,0,0,0,0,0,0,0,0,0,0,0,0,10000,10000,0,0
5865,085576,聯發科兆豐08購04,0,0,0,0,0,0,0,0,0,0,0,0,0,10000,10000,0,0
5866,087810,新光金兆豐09購01,0,0,0,0,0,0,0,0,0,0,0,0,0,15000,15000,0,0
5867,087784,光磊永豐09購01,0,0,0,0,0,0,0,0,0,0,0,0,0,61000,61000,0,0
5868,087764,精英國泰0B購01,0,0,0,0,0,0,0,0,0,0,0,0,0,50000,50000,0,0
5869,087718,聯詠統一0B購04,0,0,0,0,0,0,0,0,0,0,0,0,0,440000,440000,0,0
5870,087730,東鋼元富0A購01,0,0,0,0,0,0,0,0,0,0,0,0,0,1000,1000,0,0
5871,087949,台積電元富09購07,0,0,0,0,0,0,0,0,0,0,0,0,0,1000,1000,0,0
5872,087940,祥碩統一0C購01,0,0,0,0,0,0,0,0,0,0,0,0,0,92000,92000,0,0
5873,087913,全新群益0B購01,0,0,0,0,0,0,0,0,0,0,0,0,0,20000,20000,0,0
5874,087882,技嘉元大0A購01,0,0,0,0,0,0,0,0,0,0,0,0,0,37000,37000,0,0
5875,087416,晶豪科統一0B購01,0,0,0,0,0,0,0,0,0,0,0,0,0,1000,1000,0,0
5876,087445,華夏群益0A購01,0,0,0,0,0,0,0,0,0,0,0,0,0,10000,10000,0,0
5877,087376,中興電元大0A購01,0,0,0,0,0,0,0,0,0,0,0,0,0,50000,50000,0,0
5878,087383,國巨元大11購02,0,0,0,0,0,0,0,0,0,0,0,0,0,3000,3000,0,0
5879,087316,東鋼永豐09購01,0,0,0,0,0,0,0,0,0,0,0,0,0,31000,31000,0,0
5880,087285,華碩元大0C購01,0,0,0,0,0,0,0,0,0,0,0,0,0,5000,5000,0,0
5881,087307,道瓊反中信11購02,0,0,0,0,0,0,0,0,0,0,0,0,0,1000,1000,0,0
5882,087472,國喬富邦09購01,0,0,0,0,0,0,0,0,0,0,0,0,0,248000,248000,0,0
5883,087474,長榮航中信0A購02,0,0,0,0,0,0,0,0,0,0,0,0,0,150000,150000,0,0
5884,087505,大成鋼日盛0A購01,0,0,0,0,0,0,0,0,0,0,0,0,0,100000,100000,0,0
5885,086739,玉晶光群益0A購02,0,0,0,0,0,0,0,0,0,0,0,0,0,1000,1000,0,0
5886,086582,祥碩康和09購01,0,0,0,0,0,0,0,0,0,0,0,0,0,10000,10000,0,0
5887,086574,聯茂元大09購02,0,0,0,0,0,0,0,0,0,0,0,0,0,96000,96000,0,0
5888,086669,長榮航國泰0B購01,0,0,0,0,0,0,0,0,0,0,0,0,0,55000,55000,0,0
5889,086665,台表科國票0A購01,0,0,0,0,0,0,0,0,0,0,0,0,0,10000,10000,0,0
5890,086828,華碩元大0A購01,0,0,0,0,0,0,0,0,0,0,0,0,0,38000,38000,0,0
5891,086829,友達元大09購09,0,0,0,0,0,0,0,0,0,0,0,0,0,67000,67000,0,0
5892,086793,台郡兆豐0A購01,0,0,0,0,0,0,0,0,0,0,0,0,0,50000,50000,0,0
5893,086994,鴻海國票13購01,0,0,0,0,0,0,0,0,0,0,0,0,0,100000,100000,0,0
5894,087096,大成鋼元大09購01,0,0,0,0,0,0,0,0,0,0,0,0,0,71000,71000,0,0
5895,087103,台積電元大11購01,0,0,0,0,0,0,0,0,0,0,0,0,0,100000,100000,0,0
5896,087081,精成科統一0B購01,0,0,0,0,0,0,0,0,0,0,0,0,0,7000,7000,0,0
5897,086985,富邦金元富0C購02,0,0,0,0,0,0,0,0,0,0,0,0,0,1000,1000,0,0
5898,086931,佳世達元大0A購01,0,0,0,0,0,0,0,0,0,0,0,0,0,6000,6000,0,0
5899,086957,華新永豐09購01,0,0,0,0,0,0,0,0,0,0,0,0,0,10000,10000,0,0
5900,086942,長榮航元大0A購01,0,0,0,0,0,0,0,0,0,0,0,0,0,12000,12000,0,0
5901,087245,乙盛兆豐09購01,0,0,0,0,0,0,0,0,0,0,0,0,0,100000,100000,0,0
5902,087202,臺股指麥證0C購01,0,0,0,10000,10000,0,0,0,0,0,0,0,0,10000,10000,0,0
5903,087238,鴻海兆豐11購03,0,0,0,0,0,0,0,0,0,0,0,0,0,5000,5000,0,0
5904,087242,聯發科兆豐09購02,0,0,0,0,0,0,0,0,0,0,0,0,0,6000,6000,0,0
5905,087178,台積電台新09購02,0,0,0,0,0,0,0,0,0,0,0,0,0,11000,11000,0,0
5906,087181,聯電群益0A購03,0,0,0,0,0,0,0,0,0,0,0,0,0,324000,324000,0,0
5907,088304,精英凱基11購01,0,0,0,0,0,0,0,0,0,0,0,0,0,200000,200000,0,0
5908,088112,聚陽中信0A購01,0,0,0,0,0,0,0,0,0,0,0,0,0,18000,18000,0,0
5909,088157,儒鴻元大0A購01,0,0,0,0,0,0,0,0,0,0,0,0,0,25000,25000,0,0
5910,088008,聯發科兆豐09購03,0,0,0,0,0,0,0,0,0,0,0,0,0,293000,293000,0,0
5911,087983,玉晶光凱基11購01,0,0,0,0,0,0,0,0,0,0,0,0,0,15000,15000,0,0
5912,088565,華碩凱基0A購01,0,0,0,0,0,0,0,0,0,0,0,0,0,1000,1000,0,0
5913,088578,祥碩凱基09購06,0,0,0,0,0,0,0,0,0,0,0,0,0,1000,1000,0,0
5914,088461,滬深2X元富09購09,0,0,0,0,0,0,0,0,0,0,0,0,0,10000,10000,0,0
5915,088435,台積電凱基09購21,0,0,0,0,0,0,0,0,0,0,0,0,0,10000,10000,0,0
5916,088372,中纖國票0A購01,0,0,0,0,0,0,0,0,0,0,0,0,0,2000,2000,0,0
5917,088761,華邦電日盛0A購02,0,0,0,0,0,0,0,0,0,0,0,0,0,10000,10000,0,0
5918,088728,康舒凱基09購01,0,0,0,0,0,0,0,0,0,0,0,0,0,18000,18000,0,0
5919,088640,偉詮電國票0A購02,0,0,0,0,0,0,0,0,0,0,0,0,0,3000,3000,0,0
5920,035445,台泥國票0C購02,0,0,0,0,0,0,0,0,0,0,0,0,0,55000,55000,0,0
5921,035466,創意國票0C購01,0,0,0,0,0,0,0,0,0,0,0,0,0,10000,10000,0,0
5922,035425,國巨元大11購04,0,0,0,0,0,0,0,0,0,0,0,0,0,8000,8000,0,0
5923,035432,富邦金元大11購04,0,0,0,0,0,0,0,0,0,0,0,0,0,8000,8000,0,0
5924,035315,佳世達元大0C購03,0,0,0,0,0,0,0,0,0,0,0,0,0,4000,4000,0,0
5925,035383,大銀凱基0B購01,0,0,0,0,0,0,0,0,0,0,0,0,0,26000,26000,0,0
5926,035401,儒鴻元富0C購04,0,0,0,0,0,0,0,0,0,0,0,0,0,36000,36000,0,0
5927,035312,國巨元大11購03,0,0,0,0,0,0,0,0,0,0,0,0,0,8000,8000,0,0
5928,035280,東鋼國票0C購01,0,0,0,0,0,0,0,0,0,0,0,0,0,5000,5000,0,0
5929,035252,中纖凱基11購01,0,0,0,0,0,0,0,0,0,0,0,0,0,26000,26000,0,0
5930,035025,國巨凱基0B購09,0,0,0,0,0,0,0,0,0,0,0,0,0,10000,10000,0,0
5931,035002,國巨元大0B購14,0,0,0,0,0,0,0,0,0,0,0,0,0,3000,3000,0,0
5932,035016,T50反1凱基11購05,0,0,0,0,0,0,0,0,0,0,0,0,0,2000,2000,0,0
5933,033364,乙盛群益0B購01,0,0,0,0,0,0,0,0,0,0,0,0,0,20000,20000,0,0
5934,033649,東鋼統一15購01,0,0,0,0,0,0,0,0,0,0,0,0,0,100000,100000,0,0
5935,033679,敬鵬元大0C購01,0,0,0,0,0,0,0,0,0,0,0,0,0,30000,30000,0,0
5936,033693,TPK元大11購01,0,0,0,0,0,0,0,0,0,0,0,0,0,100000,100000,0,0
5937,033689,富邦金元大12購01,0,0,0,0,0,0,0,0,0,0,0,0,0,21000,21000,0,0
5938,033691,玉晶光元大13購02,0,0,0,0,0,0,0,0,0,0,0,0,0,1000,1000,0,0
5939,033460,玉晶光群益11購02,0,0,0,0,0,0,0,0,0,0,0,0,0,1000,1000,0,0
5940,036089,長榮航元大12購01,0,0,0,0,0,0,0,0,0,0,0,0,0,21000,21000,0,0
5941,034529,友達麥證11購01,0,0,0,10000,10000,0,0,0,0,0,0,0,0,10000,10000,0,0
5942,033838,TPK國泰11購01,0,0,0,0,0,0,0,0,0,0,0,0,0,39000,39000,0,0
5943,034562,國巨國泰11購03,0,0,0,0,0,0,0,0,0,0,0,0,0,3000,3000,0,0
5944,033913,國巨台新0B購01,0,0,0,0,0,0,0,0,0,0,0,0,0,200000,200000,0,0
5945,033868,鴻海群益0B購08,0,0,0,0,0,0,0,0,0,0,0,0,0,1000,1000,0,0
5946,035158,東鋼國票11購01,0,0,0,0,0,0,0,0,0,0,0,0,0,5000,5000,0,0
5947,034384,國巨元大0B購10,0,0,0,0,0,0,0,0,0,0,0,0,0,1000,1000,0,0
5948,034697,富邦金群益0C購04,0,0,0,0,0,0,0,0,0,0,0,0,0,6000,6000,0,0
5949,034647,國喬國泰11購01,0,0,0,0,0,0,0,0,0,0,0,0,0,13000,13000,0,0
5950,036283,鴻海元大13購02,0,0,0,0,0,0,0,0,0,0,0,0,0,4000,4000,0,0
5951,034454,聯成群益0B購06,0,0,0,0,0,0,0,0,0,0,0,0,0,8000,8000,0,0
5952,034467,亞聚元大0B購03,0,0,0,0,0,0,0,0,0,0,0,0,0,50000,50000,0,0
5953,034975,國巨麥證0B購03,0,0,0,29000,13000,16000,0,0,0,0,0,0,0,42000,42000,0,0
5954,034481,國巨元大0B購12,0,0,0,0,0,0,0,0,0,0,0,0,0,3000,3000,0,0
5955,034882,華邦電群益0B購09,0,0,0,0,0,0,0,0,0,0,0,0,0,1000,1000,0,0
5956,034819,玉晶光群益0C購05,0,0,0,0,0,0,0,0,0,0,0,0,0,2000,2000,0,0
5957,034753,世紀鋼元大0C購04,0,0,0,0,0,0,0,0,0,0,0,0,0,10000,10000,0,0
5958,034816,全新群益11購01,0,0,0,0,0,0,0,0,0,0,0,0,0,35000,35000,0,0
5959,034939,旺宏群益11購03,0,0,0,0,0,0,0,0,0,0,0,0,0,20000,20000,0,0
5960,034932,大成鋼永豐0B購02,0,0,0,0,0,0,0,0,0,0,0,0,0,6000,6000,0,0
5961,034903,力麗元大0B購04,0,0,0,0,0,0,0,0,0,0,0,0,0,1000,1000,0,0
5962,034923,群創麥證0B購02,0,0,0,67000,67000,0,0,0,0,0,0,0,0,67000,67000,0,0
5963,036469,鴻海元大0C購19,0,0,0,0,0,0,0,0,0,0,0,0,0,4000,4000,0,0
5964,033786,友達元大0B購07,0,0,0,0,0,0,0,0,0,0,0,0,0,20000,20000,0,0
5965,036344,世紀鋼元富0C購01,0,0,0,0,0,0,0,0,0,0,0,0,0,11000,11000,0,0
5966,036586,東鋼國泰12購01,0,0,0,0,0,0,0,0,0,0,0,0,0,5000,5000,0,0
5967,036562,欣興元大0C購05,0,0,0,0,0,0,0,0,0,0,0,0,0,15000,15000,0,0
5968,036516,國喬群益0C購02,0,0,0,0,0,0,0,0,0,0,0,0,0,11000,11000,0,0
5969,036504,國巨凱基0C購05,0,0,0,0,0,0,0,0,0,0,0,0,0,43000,43000,0,0
5970,036661,榮成國票11購01,0,0,0,0,0,0,0,0,0,0,0,0,0,1000,1000,0,0
5971,036606,台玻元大0C購05,0,0,0,0,0,0,0,0,0,0,0,0,0,1000,1000,0,0
5972,035348,南電元富0B購01,0,0,0,0,0,0,0,0,0,0,0,0,0,10000,10000,0,0
5973,033735,緯穎國票0C購01,0,0,0,0,0,0,0,0,0,0,0,0,0,24000,24000,0,0
5974,033762,億光凱基0C購01,0,0,0,0,0,0,0,0,0,0,0,0,0,32000,32000,0,0
5975,033770,國泰金群益0B購01,0,0,0,0,0,0,0,0,0,0,0,0,0,7000,7000,0,0
5976,034565,友達國泰13購01,0,0,0,0,0,0,0,0,0,0,0,0,0,10000,10000,0,0
5977,036165,嘉聯益元富0C購01,0,0,0,0,0,0,0,0,0,0,0,0,0,8000,8000,0,0
5978,034100,威鋒電元大0C購01,0,0,0,0,0,0,0,0,0,0,0,0,0,12000,12000,0,0
5979,034086,金像電元大11購01,0,0,0,0,0,0,0,0,0,0,0,0,0,110000,110000,0,0
5980,034135,滬深2X凱基0C購03,0,0,0,0,0,0,0,0,0,0,0,0,0,6000,6000,0,0
5981,034147,友達凱基0C購04,0,0,0,0,0,0,0,0,0,0,0,0,0,2000,2000,0,0
5982,033979,群創凱基11購02,0,0,0,0,0,0,0,0,0,0,0,0,0,10000,10000,0,0
5983,034002,旺宏群益0C購06,0,0,0,0,0,0,0,0,0,0,0,0,0,20000,20000,0,0
5984,034011,玉晶光群益0C購04,0,0,0,0,0,0,0,0,0,0,0,0,0,1000,1000,0,0
5985,034060,台玻國票0C購03,0,0,0,0,0,0,0,0,0,0,0,0,0,14000,14000,0,0
5986,037047,玉晶光元大0C購09,0,0,0,0,0,0,0,0,0,0,0,0,0,1000,1000,0,0
5987,037041,奇鋐元大0C購02,0,0,0,0,0,0,0,0,0,0,0,0,0,10000,10000,0,0
5988,036988,盛群凱基13購01,0,0,0,0,0,0,0,0,0,0,0,0,0,278000,278000,0,0
5989,036962,台積電國泰12購02,0,0,0,0,0,0,0,0,0,0,0,0,0,1000,1000,0,0
5990,036736,台達電元大0C購02,0,0,0,0,0,0,0,0,0,0,0,0,0,210000,210000,0,0
5991,036739,佳世達元大0C購05,0,0,0,0,0,0,0,0,0,0,0,0,0,4000,4000,0,0
5992,036757,滬深2X國票11購04,0,0,0,0,0,0,0,0,0,0,0,0,0,20000,20000,0,0
5993,036820,祥碩元富0C購02,0,0,0,0,0,0,0,0,0,0,0,0,0,10000,10000,0,0
5994,036843,國巨凱基13購03,0,0,0,0,0,0,0,0,0,0,0,0,0,39000,39000,0,0
5995,036837,臺股指群益0C購06,0,0,0,0,0,0,0,0,0,0,0,0,0,7000,7000,0,0
5996,036909,TPK元大0C購01,0,0,0,0,0,0,0,0,0,0,0,0,0,28000,28000,0,0
5997,037334,儒鴻麥證11購01,0,0,0,0,11000,-11000,0,0,0,0,0,0,0,11000,11000,0,0
5998,037335,鴻海麥證14購01,0,0,0,0,4000,-4000,0,0,0,0,0,0,0,4000,4000,0,0
5999,037370,華新科群益11購02,0,0,0,0,0,0,0,0,0,0,0,0,0,1000,1000,0,0
6000,037292,國巨元大12購01,0,0,0,0,0,0,0,0,0,0,0,0,0,3000,3000,0,0
6001,037163,金像電富邦13購01,0,0,0,0,0,0,0,0,0,0,0,0,0,18000,18000,0,0
6002,037127,臻鼎元大12購01,0,0,0,0,0,0,0,0,0,0,0,0,0,40000,40000,0,0
6003,037115,國巨元大0C購18,0,0,0,0,0,0,0,0,0,0,0,0,0,3000,3000,0,0
6004,037812,祥碩元大0C購03,0,0,0,0,0,0,0,0,0,0,0,0,0,2000,2000,0,0
6005,037766,欣興兆豐13購01,0,0,0,0,0,0,0,0,0,0,0,0,0,7000,7000,0,0
6006,037608,國巨元大12購03,0,0,0,0,0,0,0,0,0,0,0,0,0,9000,9000,0,0
6007,037530,國巨元大0C購20,0,0,0,0,0,0,0,0,0,0,0,0,0,10000,10000,0,0
6008,037564,鴻海兆豐13購01,0,0,0,0,0,0,0,0,0,0,0,0,0,4000,4000,0,0
6009,037495,新唐凱基0C購02,0,0,0,0,0,0,0,0,0,0,0,0,0,10000,10000,0,0
6010,037935,華新科元富0C購02,0,0,0,0,0,0,0,0,0,0,0,0,0,4000,4000,0,0
6011,037901,光罩兆豐13購01,0,0,0,0,0,0,0,0,0,0,0,0,0,1000,1000,0,0
6012,06764P,臺股指麥證11售01,0,0,0,20000,20000,0,0,0,0,0,0,0,0,20000,20000,0,0
6013,06800P,申豐群益0A售02,0,0,0,0,0,0,0,0,0,0,0,0,0,110000,110000,0,0
6014,06825P,立積元富0A售06,0,0,0,0,0,0,0,0,0,0,0,0,0,10000,10000,0,0
6015,06907P,台灣50群益0A售06,0,0,0,0,0,0,0,0,0,0,0,0,0,10000,10000,0,0
6016,07069P,中鋼國泰11售01,0,0,0,0,0,0,0,0,0,0,0,0,0,2000,2000,0,0
6017,07071P,友達群益0B售08,0,0,0,0,0,0,0,0,0,0,0,0,0,21000,21000,0,0
6018,07037P,中鋼群益0B售12,0,0,0,0,0,0,0,0,0,0,0,0,0,118000,118000,0,0
6019,07107P,臺股指群益0B售05,0,0,0,0,0,0,0,0,0,0,0,0,0,170000,170000,0,0
6020,07170P,中鋼群益0B售16,0,0,0,0,0,0,0,0,0,0,0,0,0,10000,10000,0,0
6021,07253P,玉晶光凱基11售02,0,0,0,0,0,0,0,0,0,0,0,0,0,5000,5000,0,0
6022,040569,聯電元大12購03,0,0,0,0,0,0,0,0,0,0,0,0,0,2000,2000,0,0
6023,040579,京鼎元大12購01,0,0,0,0,0,0,0,0,0,0,0,0,0,97000,97000,0,0
6024,040544,新光鋼統一13購02,0,0,0,0,0,0,0,0,0,0,0,0,0,2000,2000,0,0
6025,040480,鴻海群益14購04,0,0,0,0,0,0,0,0,0,0,0,0,0,11000,11000,0,0
6026,05054P,京鼎元富09售02,0,0,0,0,0,0,0,0,0,0,0,0,0,200000,200000,0,0
6027,04320P,奇鋐元富0A售01,0,0,0,0,0,0,0,0,0,0,0,0,0,72000,72000,0,0
6028,040713,亞光元大12購03,0,0,0,0,0,0,0,0,0,0,0,0,0,20000,20000,0,0
6029,040734,新光鋼國票13購01,0,0,0,0,0,0,0,0,0,0,0,0,0,2000,2000,0,0
6030,040632,聯成群益12購01,0,0,0,0,0,0,0,0,0,0,0,0,0,10000,10000,0,0
6031,040635,聯陽群益12購01,0,0,0,0,0,0,0,0,0,0,0,0,0,20000,20000,0,0
6032,040663,新光鋼統一13購03,0,0,0,0,0,0,0,0,0,0,0,0,0,2000,2000,0,0
6033,040334,聚鼎國票11購03,0,0,0,0,0,0,0,0,0,0,0,0,0,20000,20000,0,0
6034,040350,鴻海群益12購04,0,0,0,0,0,0,0,0,0,0,0,0,0,12000,12000,0,0
6035,040441,偉詮電國票13購01,0,0,0,0,0,0,0,0,0,0,0,0,0,5000,5000,0,0
6036,040384,台光電元大12購03,0,0,0,0,0,0,0,0,0,0,0,0,0,25000,25000,0,0
6037,06422P,臺股指國票09售20,0,0,0,0,0,0,0,0,0,0,0,0,0,27000,27000,0,0
6038,06388P,臺股指中信0B售12,0,0,0,0,0,0,0,0,0,0,0,0,0,51000,51000,0,0
6039,06389P,T50正2群益09售04,0,0,0,0,0,0,0,0,0,0,0,0,0,150000,150000,0,0
6040,06251P,鴻海元富0B售07,0,0,0,0,0,0,0,0,0,0,0,0,0,40000,40000,0,0
6041,06342P,聯發科群益08售18,0,0,0,0,0,0,0,0,0,0,0,0,0,1000,1000,0,0
6042,06334P,台積電台新08售01,0,0,0,0,0,0,0,0,0,0,0,0,0,1000,1000,0,0
6043,05600P,華新科元富08售02,0,0,0,0,0,0,0,0,0,0,0,0,0,28000,28000,0,0
6044,06478P,台積電台新09售01,0,0,0,0,0,0,0,0,0,0,0,0,0,1000,1000,0,0
6045,06595P,臺股指國票0A售15,0,0,0,0,0,0,0,0,0,0,0,0,0,1000,1000,0,0
6046,06652P,鴻海元大09售21,0,0,0,0,0,0,0,0,0,0,0,0,0,254000,254000,0,0
6047,06662P,立積元富09售06,0,0,0,0,0,0,0,0,0,0,0,0,0,50000,50000,0,0
6048,06699P,立積統一09售05,0,0,0,0,0,0,0,0,0,0,0,0,0,190000,190000,0,0
6049,06700P,立積統一0A售01,0,0,0,0,0,0,0,0,0,0,0,0,0,10000,10000,0,0
6050,06712P,立積統一0B售07,0,0,0,0,0,0,0,0,0,0,0,0,0,10000,10000,0,0
6051,06739P,立積統一0B售08,0,0,0,0,0,0,0,0,0,0,0,0,0,10000,10000,0,0
6052,06733P,鴻海元大09售24,0,0,0,0,0,0,0,0,0,0,0,0,0,136000,136000,0,0
6053,039542,鴻海元大12購07,0,0,0,0,0,0,0,0,0,0,0,0,0,30000,30000,0,0
6054,039481,金像電國泰13購01,0,0,0,0,0,0,0,0,0,0,0,0,0,25000,25000,0,0
6055,039637,國泰金永豐11購01,0,0,0,0,0,0,0,0,0,0,0,0,0,30000,30000,0,0
6056,039682,富邦金麥證11購01,0,0,0,44000,38000,6000,0,0,0,0,0,0,0,44000,44000,0,0
6057,039646,勝一凱基11購01,0,0,0,0,0,0,0,0,0,0,0,0,0,10000,10000,0,0
6058,039815,聚鼎元大11購03,0,0,0,0,0,0,0,0,0,0,0,0,0,109000,109000,0,0
6059,039884,台積電群益13購05,0,0,0,0,0,0,0,0,0,0,0,0,0,9000,9000,0,0
6060,039871,訊芯兆豐11購01,0,0,0,0,0,0,0,0,0,0,0,0,0,38000,38000,0,0
6061,039872,華通國泰13購01,0,0,0,0,0,0,0,0,0,0,0,0,0,19000,19000,0,0
6062,039750,鴻海群益13購04,0,0,0,0,0,0,0,0,0,0,0,0,0,9000,9000,0,0
6063,039754,台光電群益13購01,0,0,0,0,0,0,0,0,0,0,0,0,0,23000,23000,0,0
6064,039690,智邦群益11購01,0,0,0,0,0,0,0,0,0,0,0,0,0,15000,15000,0,0
6065,039697,嘉聯益群益11購01,0,0,0,0,0,0,0,0,0,0,0,0,0,9000,9000,0,0
6066,039700,長興國票11購01,0,0,0,0,0,0,0,0,0,0,0,0,0,20000,20000,0,0
6067,039711,鴻準國票11購01,0,0,0,0,0,0,0,0,0,0,0,0,0,22000,22000,0,0
6068,039717,大毅國票12購01,0,0,0,0,0,0,0,0,0,0,0,0,0,20000,20000,0,0
6069,039724,康控國票12購01,0,0,0,0,0,0,0,0,0,0,0,0,0,30000,30000,0,0
6070,040029,富邦金凱基12購01,0,0,0,0,0,0,0,0,0,0,0,0,0,6000,6000,0,0
6071,039964,裕民元大13購01,0,0,0,0,0,0,0,0,0,0,0,0,0,15000,15000,0,0
6072,039955,東鋼元大11購02,0,0,0,0,0,0,0,0,0,0,0,0,0,5000,5000,0,0
6073,039951,矽格元富14購01,0,0,0,0,0,0,0,0,0,0,0,0,0,8000,8000,0,0
6074,039946,仁寶元富14購01,0,0,0,0,0,0,0,0,0,0,0,0,0,31000,31000,0,0
6075,039966,亞光元大11購04,0,0,0,0,0,0,0,0,0,0,0,0,0,40000,40000,0,0
6076,040241,景碩群益11購06,0,0,0,0,0,0,0,0,0,0,0,0,0,33000,33000,0,0
6077,038678,國巨群益11購01,0,0,0,0,0,0,0,0,0,0,0,0,0,14000,14000,0,0
6078,038589,台苯群益12購01,0,0,0,0,0,0,0,0,0,0,0,0,0,13000,13000,0,0
6079,038601,鴻海群益11購03,0,0,0,0,0,0,0,0,0,0,0,0,0,6000,6000,0,0
6080,038451,元晶元大11購02,0,0,0,0,0,0,0,0,0,0,0,0,0,20000,20000,0,0
6081,038472,台達電康和11購01,0,0,0,0,0,0,0,0,0,0,0,0,0,68000,68000,0,0
6082,038367,台玻元大12購03,0,0,0,0,0,0,0,0,0,0,0,0,0,1000,1000,0,0
6083,038373,台積電元大11購13,0,0,0,0,0,0,0,0,0,0,0,0,0,5000,5000,0,0
6084,038383,亞光元大12購01,0,0,0,0,0,0,0,0,0,0,0,0,0,40000,40000,0,0
6085,038414,國喬國泰13購01,0,0,0,0,0,0,0,0,0,0,0,0,0,30000,30000,0,0
6086,038275,東鋼麥證11購01,0,0,0,0,5000,-5000,0,0,0,0,0,0,0,5000,5000,0,0
6087,038197,力鵬群益11購01,0,0,0,0,0,0,0,0,0,0,0,0,0,20000,20000,0,0
6088,038046,佳世達群益0C購01,0,0,0,0,0,0,0,0,0,0,0,0,0,5000,5000,0,0
6089,038050,華新科群益12購01,0,0,0,0,0,0,0,0,0,0,0,0,0,1000,1000,0,0
6090,038054,亞光群益12購02,0,0,0,0,0,0,0,0,0,0,0,0,0,40000,40000,0,0
6091,038058,大銀群益12購01,0,0,0,0,0,0,0,0,0,0,0,0,0,27000,27000,0,0
6092,038097,鴻海中信15購02,0,0,0,0,0,0,0,0,0,0,0,0,0,10000,10000,0,0
6093,03802P,玉晶光元富09售02,0,0,0,0,0,0,0,0,0,0,0,0,0,50000,50000,0,0
6094,038016,金像電凱基13購02,0,0,0,0,0,0,0,0,0,0,0,0,0,20000,20000,0,0
6095,039396,裕民群益14購02,0,0,0,0,0,0,0,0,0,0,0,0,0,30000,30000,0,0
6096,039379,京鼎國泰13購01,0,0,0,0,0,0,0,0,0,0,0,0,0,20000,20000,0,0
6097,039374,華邦電國泰13購01,0,0,0,0,0,0,0,0,0,0,0,0,0,20000,20000,0,0
6098,039149,友達群益13購01,0,0,0,0,0,0,0,0,0,0,0,0,0,64000,64000,0,0
6099,039263,健策兆豐11購01,0,0,0,0,0,0,0,0,0,0,0,0,0,37000,37000,0,0
6100,039230,微星國票12購01,0,0,0,0,0,0,0,0,0,0,0,0,0,50000,50000,0,0
6101,039200,亞光元大11購02,0,0,0,0,0,0,0,0,0,0,0,0,0,40000,40000,0,0
6102,039196,長榮航元大11購06,0,0,0,0,0,0,0,0,0,0,0,0,0,22000,22000,0,0
6103,038724,台光電元大11購02,0,0,0,0,0,0,0,0,0,0,0,0,0,24000,24000,0,0
6104,038725,台光電元大14購01,0,0,0,0,0,0,0,0,0,0,0,0,0,23000,23000,0,0
6105,038790,鴻海群益14購01,0,0,0,0,0,0,0,0,0,0,0,0,0,10000,10000,0,0
6106,038809,聯成元大11購02,0,0,0,0,0,0,0,0,0,0,0,0,0,11000,11000,0,0
6107,038816,台積電元大12購01,0,0,0,0,0,0,0,0,0,0,0,0,0,8000,8000,0,0
6108,038882,鴻海兆豐13購02,0,0,0,0,0,0,0,0,0,0,0,0,0,100000,100000,0,0
6109,039031,立隆電凱基12購01,0,0,0,0,0,0,0,0,0,0,0,0,0,13000,13000,0,0
6110,039038,樺漢凱基11購01,0,0,0,0,0,0,0,0,0,0,0,0,0,4000,4000,0,0
6111,039043,力鵬群益13購01,0,0,0,0,0,0,0,0,0,0,0,0,0,10000,10000,0,0
6112,038958,亞光元大11購01,0,0,0,0,0,0,0,0,0,0,0,0,0,40000,40000,0,0
6113,1507,永大,3000,3000,0,0,0,0,0,0,0,0,0,0,0,0,0,0,0
6114,1324,地球,2000,2000,0,0,0,0,0,0,0,0,0,0,0,0,0,0,0
6115,1530,亞崴,1000,1000,0,0,0,0,0,0,0,0,0,0,0,0,0,0,0
6116,3011,今皓,55000,55000,0,0,0,0,0,0,0,0,0,0,0,0,0,0,0
6117,3528,安馳,3000,3000,0,0,0,0,0,0,0,0,0,0,0,0,0,0,0
6118,2832,台產,5000,5000,0,0,0,0,0,0,0,0,0,0,0,0,0,0,0
6119,2704,國賓,3000,3000,0,0,0,0,0,0,0,0,0,0,0,0,0,0,0
6120,2701,萬企,2000,2000,0,0,0,0,0,0,0,0,0,0,0,0,0,0,0
6121,089148,瑞儀元大09購02,0,0,0,0,0,0,0,0,0,0,0,0,0,50000,50000,0,0
6122,089209,台積電群益09購10,0,0,0,0,0,0,0,0,0,0,0,0,0,60000,60000,0,0
6123,089282,長榮元富0A購02,0,0,0,0,0,0,0,0,0,0,0,0,0,1000,1000,0,0
6124,089468,盟立國票09購01,0,0,0,0,0,0,0,0,0,0,0,0,0,23000,23000,0,0
6125,089486,東鋼元富09購01,0,0,0,0,0,0,0,0,0,0,0,0,0,1000,1000,0,0
6126,089014,聯詠元大09購12,0,0,0,0,0,0,0,0,0,0,0,0,0,10000,10000,0,0
6127,089004,國巨元大0B購02,0,0,0,0,0,0,0,0,0,0,0,0,0,2000,2000,0,0
6128,088945,矽創統一0B購07,0,0,0,0,0,0,0,0,0,0,0,0,0,10000,10000,0,0
6129,088959,聯發科國票0B購05,0,0,0,0,0,0,0,0,0,0,0,0,0,21000,21000,0,0
6130,088924,宏碁統一0B購01,0,0,0,0,0,0,0,0,0,0,0,0,0,10000,10000,0,0
6131,089664,國喬元大09購05,0,0,0,0,0,0,0,0,0,0,0,0,0,588000,588000,0,0
6132,089753,彩晶統一0B購04,0,0,0,0,0,0,0,0,0,0,0,0,0,89000,89000,0,0
6133,089770,東鋼凱基0B購03,0,0,0,0,0,0,0,0,0,0,0,0,0,5000,5000,0,0
6134,089596,鴻海群益0C購04,0,0,0,0,0,0,0,0,0,0,0,0,0,514000,514000,0,0
6135,1215,卜蜂,362000,360000,2000,0,0,0,0,0,0,-2000,0,0,0,0,2000,-2000,0
6136,089834,東鋼元大12購01,0,0,0,0,0,0,0,0,0,0,0,0,0,87000,87000,0,0
6137,089883,東鋼日盛0A購01,0,0,0,0,0,0,0,0,0,0,0,0,0,2000,2000,0,0
6138,089926,台船永豐0A購01,0,0,0,0,0,0,0,0,0,0,0,0,0,12000,12000,0,0
6139,9912,偉聯,2000,2000,0,0,0,0,0,0,0,0,0,0,0,0,0,0,0
6140,9943,好樂迪,8000,8000,0,0,0,0,0,0,0,0,0,0,0,0,0,0,0
6141,9937,全國,17000,17000,0,0,0,0,0,0,0,0,0,0,0,0,0,0,0
6142,6230,尼得科超眾,1000,1000,0,0,0,0,0,0,0,0,0,0,0,0,0,0,0
6143,4763,材料-KY,11000,11000,0,0,0,0,0,0,0,0,0,0,0,0,0,0,0
6144,4438,廣越,6000,6000,0,0,0,0,0,0,0,0,0,0,0,0,0,0,0
6145,008201,BP上證50,0,0,0,0,0,0,0,0,0,-200,0,0,0,0,200,-200,-200
6146,00742,新光內需收益,0,0,0,0,0,0,0,0,0,-1000,0,0,0,100000,101000,-1000,-1000
6147,00731,FH富時高息低波,0,0,0,0,0,0,0,0,0,-1000,0,0,0,250000,251000,-1000,-1000
6148,006203,元大MSCI台灣,0,1000,-1000,0,0,0,0,0,0,0,0,0,0,1000,1000,0,-1000
6149,030037,岱宇元大0A購01,0,0,0,0,0,0,0,0,0,-1000,0,0,0,0,1000,-1000,-1000
6150,030193,宏泰凱基0C購01,0,0,0,0,0,0,0,0,0,-1000,0,0,0,0,1000,-1000,-1000
6151,031195,南亞科兆豐0A購01,0,0,0,0,0,0,0,0,0,-1000,0,0,0,0,1000,-1000,-1000
6152,030594,元金2X元大0B購01,0,0,0,0,0,0,0,0,0,-1000,0,0,0,0,1000,-1000,-1000
6153,033049,美時永豐0A購01,30000,0,30000,0,0,0,0,0,0,-31000,0,0,0,38000,69000,-31000,-1000
6154,033134,宏達電元大0A購06,0,0,0,0,0,0,0,0,0,-1000,0,0,0,0,1000,-1000,-1000
6155,033160,欣興國泰11購01,0,0,0,0,0,0,0,0,0,-1000,0,0,0,1000,2000,-1000,-1000
6156,033177,中信金永豐0B購01,0,0,0,0,0,0,0,0,0,-1000,0,0,0,0,1000,-1000,-1000
6157,033180,TPK永豐0B購01,0,0,0,0,0,0,0,0,0,-1000,0,0,0,0,1000,-1000,-1000
6158,033093,友達元富12購02,0,0,0,0,0,0,0,0,0,-1000,0,0,0,0,1000,-1000,-1000
6159,032007,臺股指群益0A購09,0,0,0,0,0,0,0,0,0,-1000,0,0,0,1000,2000,-1000,-1000
6160,032042,燁輝國票0B購01,0,0,0,0,0,0,0,0,0,-1000,0,0,0,1000,2000,-1000,-1000
6161,030799,富邦金凱基0A購02,0,0,0,0,0,0,0,0,0,-1000,0,0,0,0,1000,-1000,-1000
6162,030835,群創中信11購01,0,0,0,0,0,0,0,0,0,-1000,0,0,0,0,1000,-1000,-1000
6163,030329,恆大群益0B購01,0,0,0,0,0,0,0,0,0,-1000,0,0,0,0,1000,-1000,-1000
6164,030316,鴻海麥證11購01,0,0,0,0,1000,-1000,0,0,0,-1000,0,0,0,0,1000,-1000,-1000
6165,031005,中興電永豐0A購01,0,0,0,0,0,0,0,0,0,-1000,0,0,0,0,1000,-1000,-1000
6166,030995,群創中信0B購08,0,0,0,0,0,0,0,0,0,-1000,0,0,0,0,1000,-1000,-1000
6167,031011,友達永豐0A購02,0,0,0,0,0,0,0,0,0,-1000,0,0,0,0,1000,-1000,-1000
6168,032553,台灣5G群益0C購01,0,0,0,0,0,0,0,0,0,-1000,0,0,0,0,1000,-1000,-1000
6169,031490,中鋼元大0A購03,0,0,0,0,0,0,0,0,0,-1000,0,0,0,21000,22000,-1000,-1000
6170,032262,裕民元大0B購02,0,0,0,0,0,0,0,0,0,-1000,0,0,0,4000,5000,-1000,-1000
6171,033479,臺股指凱基0C購26,0,0,0,0,0,0,0,0,0,-1000,0,0,0,0,1000,-1000,-1000
6172,033511,群創統一15購02,0,0,0,0,0,0,0,0,0,-1000,0,0,0,0,1000,-1000,-1000
6173,032317,群創永豐0A購08,0,0,0,0,0,0,0,0,0,-1000,0,0,0,0,1000,-1000,-1000
6174,032999,長榮元富0A購16,0,0,0,0,0,0,0,0,0,-1000,0,0,0,0,1000,-1000,-1000
6175,032388,長榮統一0C購08,0,0,0,0,0,0,0,0,0,-1000,0,0,0,1000,2000,-1000,-1000
6176,032393,裕民統一12購01,0,0,0,0,0,0,0,0,0,-1000,0,0,0,0,1000,-1000,-1000
6177,032928,宏達電國票0A購02,0,0,0,0,0,0,0,0,0,-1000,0,0,0,0,1000,-1000,-1000
6178,032215,中鋼統一0C購09,0,0,0,0,0,0,0,0,0,-1000,0,0,0,0,1000,-1000,-1000
6179,032448,玉晶光元大0A購04,0,0,0,0,0,0,0,0,0,-1000,0,0,0,1000,2000,-1000,-1000
6180,031415,中鋼凱基12購01,0,0,0,0,0,0,0,0,0,-1000,0,0,0,0,1000,-1000,-1000
6181,032144,長榮凱基0B購09,0,0,0,0,0,0,0,0,0,-1000,0,0,0,0,1000,-1000,-1000
6182,031775,東鋼日盛0A購02,0,0,0,0,0,0,0,0,0,-1000,0,0,0,0,1000,-1000,-1000
6183,035098,群創凱基11購05,0,0,0,0,0,0,0,0,0,-1000,0,0,0,0,1000,-1000,-1000
6184,035893,台玻中信12購01,0,0,0,0,0,0,0,0,0,-1000,0,0,0,0,1000,-1000,-1000
6185,035901,中鋼群益11購03,0,0,0,0,0,0,0,0,0,-1000,0,0,0,0,1000,-1000,-1000
6186,088750,大成鋼統一0B購03,0,0,0,0,0,0,0,0,0,-1000,0,0,0,0,1000,-1000,-1000
6187,088329,技嘉元大0C購01,0,0,0,0,0,0,0,0,0,-1000,0,0,0,0,1000,-1000,-1000
6188,088535,台積電中信0C購02,0,0,0,0,0,0,0,0,0,-1000,0,0,0,0,1000,-1000,-1000
6189,088079,聯詠統一0C購01,0,0,0,0,0,0,0,0,0,-1000,0,0,0,0,1000,-1000,-1000
6190,087191,鴻海麥證0C購04,0,0,0,0,1000,-1000,0,0,0,-1000,0,0,0,0,1000,-1000,-1000
6191,087104,台積電元大11購02,0,0,0,0,0,0,0,0,0,-1000,0,0,0,17000,18000,-1000,-1000
6192,086888,精成科麥證09購01,0,0,0,0,1000,-1000,0,0,0,-1000,0,0,0,0,1000,-1000,-1000
6193,086856,南茂元大0A購01,0,0,0,0,0,0,0,0,0,-1000,0,0,0,91000,92000,-1000,-1000
6194,086654,長榮航兆豐09購01,0,0,0,0,0,0,0,0,0,-1000,0,0,0,28000,29000,-1000,-1000
6195,087511,SGBR2X凱基0A購02,0,0,0,0,0,0,0,0,0,-1000,0,0,0,0,1000,-1000,-1000
6196,087311,華夏永豐09購01,0,0,0,0,0,0,0,0,0,-1000,0,0,0,0,1000,-1000,-1000
6197,087349,申豐凱基0A購01,0,0,0,0,0,0,0,0,0,-1000,0,0,0,0,1000,-1000,-1000
6198,087420,欣陸統一0B購01,0,0,0,0,0,0,0,0,0,-1000,0,0,0,0,1000,-1000,-1000
6199,087941,達方統一0A購01,0,0,0,0,0,0,0,0,0,-1000,0,0,0,0,1000,-1000,-1000
6200,087765,SGBR2X中信0C購02,0,0,0,0,0,0,0,0,0,-1000,0,0,0,0,1000,-1000,-1000
6201,085504,日月光凱基09購04,0,0,0,0,0,0,0,0,0,-1000,0,0,0,0,1000,-1000,-1000
6202,085442,創意統一0B購01,0,0,0,0,0,0,0,0,0,-1000,0,0,0,0,1000,-1000,-1000
6203,085652,華邦電統一0A購02,0,0,0,0,0,0,0,0,0,-1000,0,0,0,540000,541000,-1000,-1000
6204,085620,T50反1凱基0B購03,0,0,0,0,0,0,0,0,0,-1000,0,0,0,0,1000,-1000,-1000
6205,085254,臺股指國票08購08,0,0,0,0,0,0,0,0,0,-1000,0,0,0,0,1000,-1000,-1000
6206,085197,友達群益09購08,0,0,0,0,0,0,0,0,0,-1000,0,0,0,20000,21000,-1000,-1000
6207,084905,聯電永豐08購05,0,0,0,0,0,0,0,0,0,-1000,0,0,0,0,1000,-1000,-1000
6208,085893,華新科國票09購01,0,0,0,0,0,0,0,0,0,-1000,0,0,0,0,1000,-1000,-1000
6209,085997,富邦金元大0A購01,0,0,0,0,0,0,0,0,0,-1000,0,0,0,0,1000,-1000,-1000
6210,086089,群創中信0A購03,0,0,0,0,0,0,0,0,0,-1000,0,0,0,0,1000,-1000,-1000
6211,086297,華新科日盛09購01,0,0,0,0,0,0,0,0,0,-1000,0,0,0,0,1000,-1000,-1000
6212,086360,臺股指元大0B購11,0,0,0,0,0,0,0,0,0,-1000,0,0,0,167000,168000,-1000,-1000
6213,086527,群創凱基13購01,0,0,0,0,0,0,0,0,0,-1000,0,0,0,0,1000,-1000,-1000
6214,081948,聯發科統一09購04,0,0,0,0,0,0,0,0,0,-1000,0,0,0,53000,54000,-1000,-1000
6215,083615,T50反1凱基09購04,0,0,0,0,0,0,0,0,0,-1000,0,0,0,0,1000,-1000,-1000
6216,083370,廣宇國票08購02,0,0,0,0,0,0,0,0,0,-1000,0,0,0,0,1000,-1000,-1000
6217,083473,大立光統一09購09,0,0,0,0,0,0,0,0,0,-1000,0,0,0,0,1000,-1000,-1000
6218,084530,臺股指元大0B購06,0,0,0,0,0,0,0,0,0,-1000,0,0,0,0,1000,-1000,-1000
6219,081144,奇力新凱基09購01,0,0,0,0,0,0,0,0,0,-1000,0,0,0,0,1000,-1000,-1000
6220,081045,京鼎富邦09購01,0,0,0,0,0,0,0,0,0,-1000,0,0,0,0,1000,-1000,-1000
6221,078119,富邦金元富0C購01,0,0,0,0,0,0,0,0,0,-1000,0,0,0,7000,8000,-1000,-1000
6222,077086,世芯元富0B購01,0,0,0,0,0,0,0,0,0,-1000,0,0,0,10000,11000,-1000,-1000
6223,079806,萬海凱基09購01,0,0,0,0,0,0,0,0,0,-1000,0,0,0,0,1000,-1000,-1000
6224,079453,聯發科元富0C購01,0,0,0,0,0,0,0,0,0,-1000,0,0,0,0,1000,-1000,-1000
6225,078701,長榮富邦08購01,0,0,0,0,0,0,0,0,0,-1000,0,0,0,0,1000,-1000,-1000
6226,07576P,臺股指群益11售13,0,0,0,0,0,0,0,0,0,-1000,0,0,0,0,1000,-1000,-1000
6227,037561,威鋒電元富13購06,0,0,0,0,0,0,0,0,0,-1000,0,0,0,0,1000,-1000,-1000
6228,03759C,臺股指元大15牛01,0,0,0,0,0,0,0,0,0,-1000,0,0,0,0,1000,-1000,-1000
6229,037809,華擎元大0C購01,0,0,0,0,0,0,0,0,0,-1000,0,0,0,10000,11000,-1000,-1000
6230,037814,臺股指元大13購01,0,0,0,0,0,0,0,0,0,-1000,0,0,0,20000,21000,-1000,-1000
6231,037298,世紀鋼元大13購01,0,0,0,0,0,0,0,0,0,-1000,0,0,0,0,1000,-1000,-1000
6232,037212,國巨元富13購02,0,0,0,0,0,0,0,0,0,-1000,0,0,0,0,1000,-1000,-1000
6233,037217,玉晶光元富13購11,0,0,0,0,0,0,0,0,0,-1000,0,0,0,0,1000,-1000,-1000
6234,037357,華通中信0C購01,0,0,0,0,0,0,0,0,0,-1000,0,0,0,19000,20000,-1000,-1000
6235,036824,旺宏國泰12購01,0,0,0,0,0,0,0,0,0,-1000,0,0,0,57000,58000,-1000,-1000
6236,036993,技嘉統一0C購01,0,0,0,0,0,0,0,0,0,-1000,0,0,0,0,1000,-1000,-1000
6237,034101,台橡中信0B購01,0,0,0,0,0,0,0,0,0,-1000,0,0,0,0,1000,-1000,-1000
6238,034212,台玻元富0B購01,0,0,0,0,0,0,0,0,0,-1000,0,0,0,411000,412000,-1000,-1000
6239,035343,富邦金元富12購08,0,0,0,0,0,0,0,0,0,-1000,0,0,0,0,1000,-1000,-1000
6240,036587,可成國泰12購01,0,0,0,0,0,0,0,0,0,-1000,0,0,0,15000,16000,-1000,-1000
6241,034897,大立光凱基0C購03,0,0,0,0,0,0,0,0,0,-1000,0,0,0,0,1000,-1000,-1000
6242,034811,中鋼群益0B購14,0,0,0,0,0,0,0,0,0,-1000,0,0,0,0,1000,-1000,-1000
6243,034769,長榮國票0C購02,0,0,0,0,0,0,0,0,0,-1000,0,0,0,1000,2000,-1000,-1000
6244,034443,牧德凱基0C購01,0,0,0,0,0,0,0,0,0,-1000,0,0,0,0,1000,-1000,-1000
6245,034435,中鋼凱基13購03,0,0,0,0,0,0,0,0,0,-1000,0,0,0,0,1000,-1000,-1000
6246,036041,臺股指統一0C購04,0,0,0,0,0,0,0,0,0,-1000,0,0,0,0,1000,-1000,-1000
6247,033593,中石化兆豐11購01,0,0,0,0,0,0,0,0,0,-1000,0,0,0,0,1000,-1000,-1000
6248,034744,長榮航元大0C購03,0,0,0,0,0,0,0,0,0,-1000,0,0,0,0,1000,-1000,-1000
6249,034351,富邦金元富12購06,0,0,0,0,0,0,0,0,0,-1000,0,0,0,0,1000,-1000,-1000
6250,034369,儒鴻元大0B購01,0,0,0,0,0,0,0,0,0,-1000,0,0,0,0,1000,-1000,-1000
6251,035754,裕民元富13購03,0,0,0,0,0,0,0,0,0,-1000,0,0,0,0,1000,-1000,-1000
6252,035759,健鼎元富13購01,0,0,0,0,0,0,0,0,0,-1000,0,0,0,0,1000,-1000,-1000
6253,03515B,臺股指元大11熊11,0,0,0,0,0,0,0,0,0,-1000,0,0,0,0,1000,-1000,-1000
6254,035213,萬海中信11購01,0,1000,-1000,0,0,0,0,0,0,0,0,0,0,0,0,0,-1000
6255,033937,臺股指元大0B購17,0,0,0,0,0,0,0,0,0,-1000,0,0,0,0,1000,-1000,-1000
6256,033943,華新國票0B購01,0,0,0,0,0,0,0,0,0,-1000,0,0,0,0,1000,-1000,-1000
6257,034543,富邦金統一0B購05,0,0,0,0,0,0,0,0,0,-1000,0,0,0,0,1000,-1000,-1000
6258,034503,台苯凱基11購01,0,0,0,0,0,0,0,0,0,-1000,0,0,0,0,1000,-1000,-1000
6259,035012,鴻海第一15購01,0,0,0,0,0,0,0,0,0,-1000,0,0,0,0,1000,-1000,-1000
6260,03505B,臺股指元大0A熊33,0,0,0,0,0,0,0,0,0,-1000,0,0,0,0,1000,-1000,-1000
6261,035262,安集凱基11購02,10000,0,10000,0,0,0,0,0,0,-11000,0,0,0,9000,20000,-11000,-1000
6262,035381,國泰金凱基0B購06,0,0,0,0,0,0,0,0,0,-1000,0,0,0,0,1000,-1000,-1000
6263,035515,金像電永豐0B購01,0,0,0,0,0,0,0,0,0,-1000,0,0,0,0,1000,-1000,-1000
6264,035516,凌陽永豐0B購02,0,0,0,0,0,0,0,0,0,-1000,0,0,0,0,1000,-1000,-1000
6265,038866,百和興中信11購01,0,0,0,0,0,0,0,0,0,-1000,0,0,0,0,1000,-1000,-1000
6266,038807,台灣50元大13購04,0,0,0,0,0,0,0,0,0,-1000,0,0,0,0,1000,-1000,-1000
6267,038808,台灣50元大13購05,0,0,0,0,0,0,0,0,0,-1000,0,0,0,0,1000,-1000,-1000
6268,039393,裕民群益12購02,0,0,0,0,0,0,0,0,0,-1000,0,0,0,0,1000,-1000,-1000
6269,039412,聯發科永豐11購01,0,0,0,0,0,0,0,0,0,-1000,0,0,0,0,1000,-1000,-1000
6270,039344,大成鋼國票12購01,0,0,0,0,0,0,0,0,0,-1000,0,0,0,0,1000,-1000,-1000
6271,038018,信邦凱基13購01,0,0,0,0,0,0,0,0,0,-1000,0,0,0,2000,3000,-1000,-1000
6272,038073,友達元富16購02,0,0,0,0,0,0,0,0,0,-1000,0,0,0,0,1000,-1000,-1000
6273,038363,燁輝富邦13購02,0,0,0,0,0,0,0,0,0,-1000,0,0,0,3000,4000,-1000,-1000
6274,038332,威強電凱基14購01,0,0,0,0,0,0,0,0,0,-1000,0,0,0,0,1000,-1000,-1000
6275,038555,長榮航第一17購01,0,0,0,0,0,0,0,0,0,-1000,0,0,0,0,1000,-1000,-1000
6276,039740,群創國泰13購04,0,0,0,0,0,0,0,0,0,-1000,0,0,0,0,1000,-1000,-1000
6277,039874,台光電國泰13購01,0,0,0,0,0,0,0,0,0,-1000,0,0,0,0,1000,-1000,-1000
6278,039880,台玻群益12購03,0,0,0,0,0,0,0,0,0,-1000,0,0,0,0,1000,-1000,-1000
6279,06701P,聯電國票09售05,0,0,0,0,0,0,0,0,0,-1000,0,0,0,0,1000,-1000,-1000
6280,06664P,精英中信09售01,0,0,0,0,0,0,0,0,0,-1000,0,0,0,0,1000,-1000,-1000
6281,06672P,台灣50群益09售10,0,0,0,0,0,0,0,0,0,-1000,0,0,0,0,1000,-1000,-1000
6282,05304P,旺宏元富09售04,0,0,0,0,0,0,0,0,0,-1000,0,0,0,0,1000,-1000,-1000
6283,05234P,T50正2中信0C售01,0,0,0,0,0,0,0,0,0,-1000,0,0,0,0,1000,-1000,-1000
6284,05931P,滬深2X元大08售04,0,0,0,0,0,0,0,0,0,-1000,0,0,0,0,1000,-1000,-1000
6285,06228P,台灣50群益09售04,0,0,0,0,0,0,0,0,0,-1000,0,0,0,0,1000,-1000,-1000
6286,06443P,大立光元大09售09,0,0,0,0,0,0,0,0,0,-1000,0,0,0,0,1000,-1000,-1000
6287,040362,旺宏永豐12購01,0,0,0,0,0,0,0,0,0,-1000,0,0,0,0,1000,-1000,-1000
6288,040319,聚陽國票13購01,0,0,0,0,0,0,0,0,0,-1000,0,0,0,9000,10000,-1000,-1000
6289,040646,聯電凱基13購04,0,0,0,0,0,0,0,0,0,-1000,0,0,0,9000,10000,-1000,-1000
6290,040617,華碩富邦13購01,0,0,0,0,0,0,0,0,0,-1000,0,0,0,0,1000,-1000,-1000
6291,040478,香港2X群益12購01,0,0,0,0,0,0,0,0,0,-1000,0,0,0,0,1000,-1000,-1000
6292,040493,申豐群益12購01,0,0,0,0,0,0,0,0,0,-1000,0,0,0,0,1000,-1000,-1000
6293,07283P,奇鋐凱基0C售01,0,0,0,0,0,0,0,0,0,-1000,0,0,0,94000,95000,-1000,-1000
6294,07174P,欣興凱基0B售04,0,0,0,0,0,0,0,0,0,-1000,0,0,0,0,1000,-1000,-1000
6295,07204P,友達凱基11售06,0,0,0,0,0,0,0,0,0,-1000,0,0,0,0,1000,-1000,-1000
6296,07142P,台灣50元富0B售09,0,0,0,0,0,0,0,0,0,-1000,0,0,0,0,1000,-1000,-1000
6297,07133P,T50正2凱基0C售02,0,0,0,0,0,0,0,0,0,-1000,0,0,0,50000,51000,-1000,-1000
6298,07036P,華邦電凱基11售02,0,0,0,0,0,0,0,0,0,-1000,0,0,0,10000,11000,-1000,-1000
6299,07018P,聯發科台新0B售01,0,0,0,0,0,0,0,0,0,-1000,0,0,0,0,1000,-1000,-1000
6300,07024P,臺股指麥證0B售01,0,0,0,5000,6000,-1000,0,0,0,-1000,0,0,0,5000,6000,-1000,-1000
6301,07090P,國光生元富12售03,0,0,0,0,0,0,0,0,0,-1000,0,0,0,0,1000,-1000,-1000
6302,06975P,友達元富0A售10,0,0,0,0,0,0,0,0,0,-1000,0,0,0,0,1000,-1000,-1000
6303,4572,駐龍,8000,9000,-1000,0,0,0,0,0,0,0,0,0,0,0,0,0,-1000
6304,4104,佳醫,76000,77000,-1000,0,0,0,0,0,0,0,0,0,0,0,0,0,-1000
6305,3701,大眾控,0,1000,-1000,0,0,0,0,0,0,0,0,0,0,0,0,0,-1000
6306,6579,研揚,0,1000,-1000,0,0,0,0,0,0,0,0,0,0,0,0,0,-1000
6307,8114,振樺電,1000,2000,-1000,0,0,0,0,0,0,0,0,0,0,0,0,0,-1000
6308,8411,福貞-KY,0,1000,-1000,0,0,0,0,0,0,0,0,0,0,0,0,0,-1000
6309,9946,三發地產,2000,3000,-1000,0,0,0,0,0,0,0,0,0,0,0,0,0,-1000
6310,089820,彩晶群益09購08,0,0,0,0,0,0,0,0,0,-1000,0,0,0,0,1000,-1000,-1000
6311,089553,長榮日盛09購03,0,0,0,0,0,0,0,0,0,-1000,0,0,0,0,1000,-1000,-1000
6312,088905,矽統群益09購01,0,0,0,0,0,0,0,0,0,-1000,0,0,0,10000,11000,-1000,-1000
6313,088848,台泥永豐09購01,0,0,0,0,0,0,0,0,0,-1000,0,0,0,10000,11000,-1000,-1000
6314,088806,台積電元大11購07,0,0,0,0,0,0,0,0,0,-1000,0,0,0,0,1000,-1000,-1000
6315,088826,精成科元大09購04,0,0,0,0,0,0,0,0,0,-1000,0,0,0,0,1000,-1000,-1000
6316,089016,聯詠元大0C購04,0,0,0,0,0,0,0,0,0,-1000,0,0,0,0,1000,-1000,-1000
6317,089045,義隆群益0A購01,0,0,0,0,0,0,0,0,0,-1000,0,0,0,0,1000,-1000,-1000
6318,089109,英業達國票0A購02,0,0,0,0,0,0,0,0,0,-1000,0,0,0,0,1000,-1000,-1000
6319,089419,東鋼永豐09購02,0,0,0,0,0,0,0,0,0,-1000,0,0,0,9000,10000,-1000,-1000
6320,089287,長榮元富0C購02,0,0,0,0,0,0,0,0,0,-1000,0,0,0,1000,2000,-1000,-1000
6321,2543,皇昌,0,1000,-1000,0,0,0,0,0,0,0,0,0,0,0,0,0,-1000
6322,2852,第一保,0,1000,-1000,0,0,0,0,0,0,0,0,0,0,0,0,0,-1000
6323,2528,皇普,0,1000,-1000,0,0,0,0,0,0,0,0,0,0,0,0,0,-1000
6324,2468,華經,0,1000,-1000,0,0,0,0,0,0,0,0,0,0,0,0,0,-1000
6325,3164,景岳,0,1000,-1000,0,0,0,0,0,0,0,0,0,0,0,0,0,-1000
6326,3266,昇陽,0,1000,-1000,0,0,0,0,0,0,0,0,0,0,0,0,0,-1000
6327,3018,同開,0,1000,-1000,0,0,0,0,0,0,0,0,0,0,0,0,0,-1000
6328,2939,凱羿-KY,0,1000,-1000,0,0,0,0,0,0,0,0,0,0,0,0,0,-1000
6329,2904,匯僑,0,1000,-1000,0,0,0,0,0,0,0,0,0,0,0,0,0,-1000
6330,2887F,台新戊特二,0,1000,-1000,0,0,0,0,0,0,0,0,0,0,0,0,0,-1000
6331,1438,三地開發,3000,4000,-1000,0,0,0,0,0,0,0,0,0,0,0,0,0,-1000
6332,9931,欣高,0,1001,-1001,0,0,0,0,0,0,0,0,0,0,0,0,0,-1001
6333,1707,葡萄王,19000,20220,-1220,0,0,0,0,0,0,0,0,0,0,0,0,0,-1220
6334,035125,臺股指永豐0B購01,0,0,0,0,0,0,0,0,0,-2000,0,0,0,0,2000,-2000,-2000
6335,035561,新唐統一0C購06,0,0,0,0,0,0,0,0,0,-2000,0,0,0,0,2000,-2000,-2000
6336,031780,嘉聯益日盛0A購01,0,0,0,0,0,0,0,0,0,-2000,0,0,0,0,2000,-2000,-2000
6337,031931,中鋼元富0A購01,0,0,0,0,0,0,0,0,0,-2000,0,0,0,0,2000,-2000,-2000
6338,031914,宏達電永豐0A購02,0,0,0,0,0,0,0,0,0,-2000,0,0,0,90000,92000,-2000,-2000
6339,031901,台玻永豐0A購02,0,0,0,0,0,0,0,0,0,-2000,0,0,0,0,2000,-2000,-2000
6340,031435,祥碩凱基0A購02,0,0,0,0,0,0,0,0,0,-2000,0,0,0,0,2000,-2000,-2000
6341,032169,新唐康和0A購01,0,0,0,0,0,0,0,0,0,-2000,0,0,0,1000,3000,-2000,-2000
6342,032196,長榮群益11購04,0,0,0,0,0,0,0,0,0,-2000,0,0,0,0,2000,-2000,-2000
6343,032896,嘉晶統一0B購01,0,0,0,0,0,0,0,0,0,-2000,0,0,0,8000,10000,-2000,-2000
6344,031742,新光鋼凱基14購01,0,0,0,0,0,0,0,0,0,-2000,0,0,0,20000,22000,-2000,-2000
6345,030364,日電貿群益0B購01,0,0,0,0,0,0,0,0,0,-2000,0,0,0,0,2000,-2000,-2000
6346,030820,大成鋼日盛0C購01,0,0,0,0,0,0,0,0,0,-2000,0,0,0,10000,12000,-2000,-2000
6347,030910,長榮凱基14購02,0,0,0,0,0,0,0,0,0,-2000,0,0,0,0,2000,-2000,-2000
6348,032004,晶技群益0B購01,0,0,0,0,0,0,0,0,0,-2000,0,0,0,5000,7000,-2000,-2000
6349,031352,臺股指元大0A購29,0,0,0,0,0,0,0,0,0,-2000,0,0,0,0,2000,-2000,-2000
6350,033044,晶技兆豐0A購01,0,0,0,0,0,0,0,0,0,-2000,0,0,0,0,2000,-2000,-2000
6351,032818,萬海國票0B購02,0,0,0,0,0,0,0,0,0,-2000,0,0,0,0,2000,-2000,-2000
6352,032831,國巨富邦0C購03,0,0,0,0,0,0,0,0,0,-2000,0,0,0,0,2000,-2000,-2000
6353,031343,晶相光元大0A購01,0,0,0,0,0,0,0,0,0,-2000,0,0,0,4000,6000,-2000,-2000
6354,031263,中興電統一0C購01,0,0,0,0,0,0,0,0,0,-2000,0,0,0,0,2000,-2000,-2000
6355,030287,長榮元富0A購09,0,0,0,0,0,0,0,0,0,-2000,0,0,0,0,2000,-2000,-2000
6356,03006X,元展06,0,0,0,0,0,0,0,0,0,-2000,0,0,0,0,2000,-2000,-2000
6357,030074,聯發科群益0C購06,0,0,0,0,0,0,0,0,0,-2000,0,0,0,10000,12000,-2000,-2000
6358,00657,國泰日經225,0,0,0,0,0,0,0,0,0,-2000,0,0,0,100000,102000,-2000,-2000
6359,00688L,國泰20年美債正2,0,0,0,0,0,0,0,0,0,-2000,0,0,0,101000,103000,-2000,-2000
6360,00684R,期元大美元指反1,0,0,0,0,0,0,0,0,0,-2000,0,0,0,0,2000,-2000,-2000
6361,00711B,FH彭博新興債,2000,0,2000,0,0,0,0,0,0,-4000,0,0,0,101000,105000,-4000,-2000
6362,07591P,臺股指凱基11售14,0,0,0,0,0,0,0,0,0,-2000,0,0,0,3000,5000,-2000,-2000
6363,076620,國巨麥證08購01,0,0,0,0,2000,-2000,0,0,0,-2000,0,0,0,0,2000,-2000,-2000
6364,07664P,瑞昱康和12售01,0,0,0,0,0,0,0,0,0,-2000,0,0,0,0,2000,-2000,-2000
6365,079646,台積電凱基0C購01,0,0,0,0,0,0,0,0,0,-2000,0,0,0,0,2000,-2000,-2000
6366,077354,T50正2元大08購08,0,0,0,0,0,0,0,0,0,-2000,0,0,0,0,2000,-2000,-2000
6367,077224,聯發科凱基09購01,0,0,0,0,0,0,0,0,0,-2000,0,0,0,0,2000,-2000,-2000
6368,083386,廣宇富邦09購01,0,0,0,0,0,0,0,0,0,-2000,0,0,0,0,2000,-2000,-2000
6369,083264,健和興凱基09購01,0,0,0,0,0,0,0,0,0,-2000,0,0,0,0,2000,-2000,-2000
6370,083210,微星統一09購03,0,0,0,0,0,0,0,0,0,-2000,0,0,0,130000,132000,-2000,-2000
6371,082334,乙盛統一0B購01,0,0,0,0,0,0,0,0,0,-2000,0,0,0,0,2000,-2000,-2000
6372,081183,臺指反元大0A購01,0,0,0,0,0,0,0,0,0,-2000,0,0,0,0,2000,-2000,-2000
6373,086514,群創日盛09購03,0,0,0,0,0,0,0,0,0,-2000,0,0,0,252000,254000,-2000,-2000
6374,086387,祥碩國票0A購01,0,0,0,0,0,0,0,0,0,-2000,0,0,0,13000,15000,-2000,-2000
6375,086286,義隆群益09購01,0,0,0,0,0,0,0,0,0,-2000,0,0,0,0,2000,-2000,-2000
6376,086087,國泰金中信0A購01,0,0,0,0,0,0,0,0,0,-2000,0,0,0,13000,15000,-2000,-2000
6377,086066,智原統一0A購01,0,0,0,0,0,0,0,0,0,-2000,0,0,0,8000,10000,-2000,-2000
6378,086209,長華凱基09購01,0,0,0,0,0,0,0,0,0,-2000,0,0,0,0,2000,-2000,-2000
6379,084959,日月光凱基09購02,0,0,0,0,0,0,0,0,0,-2000,0,0,0,40000,42000,-2000,-2000
6380,085134,玉晶光統一0A購04,0,0,0,0,0,0,0,0,0,-2000,0,0,0,0,2000,-2000,-2000
6381,085141,美利達元富08購02,0,0,0,0,0,0,0,0,0,-2000,0,0,0,0,2000,-2000,-2000
6382,085461,聯電麥證0B購01,0,0,0,0,2000,-2000,0,0,0,-2000,0,0,0,0,2000,-2000,-2000
6383,087497,京鼎群益0B購02,0,0,0,0,0,0,0,0,0,-2000,0,0,0,0,2000,-2000,-2000
6384,087638,嘉晶凱基09購02,0,0,0,0,0,0,0,0,0,-2000,0,0,0,5000,7000,-2000,-2000
6385,086578,南電元大0B購01,0,0,0,0,0,0,0,0,0,-2000,0,0,0,1000,3000,-2000,-2000
6386,086601,南電國泰0B購01,0,0,0,0,0,0,0,0,0,-2000,0,0,0,0,2000,-2000,-2000
6387,086880,佳世達富邦0B購01,0,0,0,0,0,0,0,0,0,-2000,0,0,0,0,2000,-2000,-2000
6388,087082,矽創統一0B購04,0,0,0,0,0,0,0,0,0,-2000,0,0,0,0,2000,-2000,-2000
6389,087032,華夏凱基09購02,0,0,0,0,0,0,0,0,0,-2000,0,0,0,8000,10000,-2000,-2000
6390,087171,大成鋼統一0B購02,0,0,0,0,0,0,0,0,0,-2000,0,0,0,0,2000,-2000,-2000
6391,087141,瑞昱國票0A購02,0,0,0,0,0,0,0,0,0,-2000,0,0,0,2000,4000,-2000,-2000
6392,088107,儒鴻富邦0A購01,0,0,0,0,0,0,0,0,0,-2000,0,0,0,10000,12000,-2000,-2000
6393,087998,開發金群益11購01,0,0,0,0,0,0,0,0,0,-2000,0,0,0,0,2000,-2000,-2000
6394,088592,欣興統一0B購03,0,0,0,0,0,0,0,0,0,-2000,0,0,0,0,2000,-2000,-2000
6395,088346,乙盛元大0B購01,0,0,0,0,0,0,0,0,0,-2000,0,0,0,11000,13000,-2000,-2000
6396,088405,廣宇永豐09購02,0,0,0,0,0,0,0,0,0,-2000,0,0,0,0,2000,-2000,-2000
6397,035380,萬海凱基0B購05,0,0,0,0,0,0,0,0,0,-2000,0,0,0,54000,56000,-2000,-2000
6398,035431,萬海元大13購01,0,0,0,0,0,0,0,0,0,-2000,0,0,0,22000,24000,-2000,-2000
6399,036060,鴻海群益11購01,0,0,0,0,0,0,0,0,0,-2000,0,0,0,13000,15000,-2000,-2000
6400,034542,長榮航統一0C購05,0,0,0,0,0,0,0,0,0,-2000,0,0,0,0,2000,-2000,-2000
6401,034402,大亞國票0C購01,0,0,0,0,0,0,0,0,0,-2000,0,0,0,0,2000,-2000,-2000
6402,034726,台玻元大0B購08,0,0,0,0,0,0,0,0,0,-2000,0,0,0,7000,9000,-2000,-2000
6403,034691,國巨群益0B購04,0,0,0,0,0,0,0,0,0,-2000,0,0,0,19000,21000,-2000,-2000
6404,034681,臺股指凱基0B購20,0,0,0,0,0,0,0,0,0,-2000,0,0,0,0,2000,-2000,-2000
6405,036234,亞聚第一16購01,0,0,0,0,0,0,0,0,0,-2000,0,0,0,3000,5000,-2000,-2000
6406,034444,健策凱基0B購01,0,0,0,0,0,0,0,0,0,-2000,0,0,0,12000,14000,-2000,-2000
6407,034800,技嘉凱基0B購02,0,0,0,0,0,0,0,0,0,-2000,0,0,0,0,2000,-2000,-2000
6408,034237,力麗統一11購01,0,0,0,0,0,0,0,0,0,-2000,0,0,0,0,2000,-2000,-2000
6409,036556,榮運元大0C購02,0,0,0,0,0,0,0,0,0,-2000,0,0,0,0,2000,-2000,-2000
6410,036594,欣興群益12購03,0,0,0,0,0,0,0,0,0,-2000,0,0,0,38000,40000,-2000,-2000
6411,036287,台積電元大0C購20,0,0,0,0,0,0,0,0,0,-2000,0,0,0,10000,12000,-2000,-2000
6412,036372,長榮航國票12購01,0,20000,-20000,0,0,0,0,0,0,18000,0,0,0,20000,2000,18000,-2000
6413,033744,台積電富邦12購02,0,0,0,0,0,0,0,0,0,-2000,0,0,0,10000,12000,-2000,-2000
6414,033721,萬海國票0C購02,0,0,0,0,0,0,0,0,0,-2000,0,0,0,0,2000,-2000,-2000
6415,03742C,臺股指元大11牛02,0,0,0,0,0,0,0,0,0,-2000,0,0,0,0,2000,-2000,-2000
6416,037231,台積電元大0C購26,0,0,0,0,0,0,0,0,0,-2000,0,0,0,0,2000,-2000,-2000
6417,037235,技嘉元大0C購03,0,0,0,0,0,0,0,0,0,-2000,0,0,0,0,2000,-2000,-2000
6418,03726C,臺股指元大11牛01,0,0,0,0,0,0,0,0,0,-2000,0,0,0,0,2000,-2000,-2000
6419,037182,儒鴻群益0C購02,0,0,0,0,0,0,0,0,0,-2000,0,0,0,36000,38000,-2000,-2000
6420,03783P,玉晶光元富09售01,0,0,0,0,0,0,0,0,0,-2000,0,0,0,0,2000,-2000,-2000
6421,037619,裕民元大11購04,0,0,0,0,0,0,0,0,0,-2000,0,0,0,0,2000,-2000,-2000
6422,037620,裕民元大12購03,0,0,0,0,0,0,0,0,0,-2000,0,0,0,0,2000,-2000,-2000
6423,037554,技嘉元富13購02,0,0,0,0,0,0,0,0,0,-2000,0,0,0,0,2000,-2000,-2000
6424,037946,大成鋼元大13購01,0,0,0,0,0,0,0,0,0,-2000,0,0,0,0,2000,-2000,-2000
6425,06926P,上銀元大0A售02,0,0,0,0,0,0,0,0,0,-2000,0,0,0,0,2000,-2000,-2000
6426,07152P,友達元大0B售14,0,0,0,0,0,0,0,0,0,-2000,0,0,0,30000,32000,-2000,-2000
6427,040506,晶心科永豐12購01,0,0,0,0,0,0,0,0,0,-2000,0,0,0,0,2000,-2000,-2000
6428,040551,聯發科統一13購03,0,0,0,0,0,0,0,0,0,-2000,0,0,0,0,2000,-2000,-2000
6429,040604,華碩國票13購02,0,0,0,0,0,0,0,0,0,-2000,0,0,0,0,2000,-2000,-2000
6430,040659,矽格凱基13購02,0,0,0,0,0,0,0,0,0,-2000,0,0,0,0,2000,-2000,-2000
6431,040708,光磊元大13購03,0,0,0,0,0,0,0,0,0,-2000,0,0,0,0,2000,-2000,-2000
6432,040347,新光金國泰13購01,0,0,0,0,0,0,0,0,0,-2000,0,0,0,0,2000,-2000,-2000
6433,06615P,T50正2元大09售15,0,0,0,0,0,0,0,0,0,-2000,0,0,0,0,2000,-2000,-2000
6434,039638,大立光永豐11購01,0,0,0,0,0,0,0,0,0,-2000,0,0,0,0,2000,-2000,-2000
6435,040222,國巨中信11購01,0,0,0,0,0,0,0,0,0,-2000,0,0,0,0,2000,-2000,-2000
6436,040104,台積電第一27購01,0,0,0,0,0,0,0,0,0,-2000,0,0,0,0,2000,-2000,-2000
6437,040105,凌陽中信11購01,0,0,0,0,0,0,0,0,0,-2000,0,0,0,2000,4000,-2000,-2000
6438,038707,王品凱基11購02,0,0,0,0,0,0,0,0,0,-2000,0,0,0,50000,52000,-2000,-2000
6439,038407,統一實凱基11購01,0,0,0,0,0,0,0,0,0,-2000,0,0,0,18000,20000,-2000,-2000
6440,038496,永光永豐11購01,0,0,0,0,0,0,0,0,0,-2000,0,0,0,0,2000,-2000,-2000
6441,038184,致茂永豐11購01,0,0,0,0,0,0,0,0,0,-2000,0,0,0,0,2000,-2000,-2000
6442,038271,國泰金元富17購01,0,0,0,0,0,0,0,0,0,-2000,0,0,0,6000,8000,-2000,-2000
6443,038266,大成鋼第一17購01,0,0,0,0,0,0,0,0,0,-2000,0,0,0,8000,10000,-2000,-2000
6444,038269,美時元富17購01,0,0,0,0,0,0,0,0,0,-2000,0,0,0,0,2000,-2000,-2000
6445,038301,春源群益11購01,0,0,0,0,0,0,0,0,0,-2000,0,0,0,20000,22000,-2000,-2000
6446,039277,滬深2X永豐11購01,0,0,0,0,0,0,0,0,0,-2000,0,0,0,0,2000,-2000,-2000
6447,039452,華邦電凱基12購02,0,0,0,0,0,0,0,0,0,-2000,0,0,0,0,2000,-2000,-2000
6448,039160,聚陽凱基11購02,0,0,0,0,0,0,0,0,0,-2000,0,0,0,0,2000,-2000,-2000
6449,038754,長榮航國泰13購02,0,0,0,0,0,0,0,0,0,-2000,0,0,0,0,2000,-2000,-2000
6450,038897,台勝科永豐11購02,0,0,0,0,0,0,0,0,0,-2000,0,0,0,0,2000,-2000,-2000
6451,039044,中鋼群益14購02,0,0,0,0,0,0,0,0,0,-2000,0,0,0,1000,3000,-2000,-2000
6452,1805,寶徠,13000,15000,-2000,0,0,0,0,0,0,0,0,0,0,0,0,0,-2000
6453,1540,喬福,1000,3000,-2000,0,0,0,0,0,0,0,0,0,0,0,0,0,-2000
6454,1506,正道,9000,11000,-2000,0,0,0,0,0,0,0,0,0,0,0,0,0,-2000
6455,1473,台南,1000,3000,-2000,0,0,0,0,0,0,0,0,0,0,0,0,0,-2000
6456,2114,鑫永銓,11000,13000,-2000,0,0,0,0,0,0,0,0,0,0,0,0,0,-2000
6457,3130,一零四,2000,4000,-2000,0,0,0,0,0,0,0,0,0,0,0,0,0,-2000
6458,089288,長榮元富12購01,0,0,0,0,0,0,0,0,0,-2000,0,0,0,1000,3000,-2000,-2000
6459,089223,瀚宇博群益0A購01,0,0,0,0,0,0,0,0,0,-2000,0,0,0,0,2000,-2000,-2000
6460,089158,群創元富09購08,0,0,0,0,0,0,0,0,0,-2000,0,0,0,0,2000,-2000,-2000
6461,089176,T50反1凱基13購01,0,0,0,0,0,0,0,0,0,-2000,0,0,0,0,2000,-2000,-2000
6462,089402,台積電凱基0C購11,0,0,0,0,0,0,0,0,0,-2000,0,0,0,0,2000,-2000,-2000
6463,089321,精成科國票0A購02,0,0,0,0,0,0,0,0,0,-2000,0,0,0,3000,5000,-2000,-2000
6464,089322,東鋼富邦0A購01,0,0,0,0,0,0,0,0,0,-2000,0,0,0,5000,7000,-2000,-2000
6465,088902,台泥群益0B購01,0,0,0,0,0,0,0,0,0,-2000,0,0,0,17000,19000,-2000,-2000
6466,089500,群創元富09購12,0,0,0,0,0,0,0,0,0,-2000,0,0,0,0,2000,-2000,-2000
6467,1232,大統益,7000,9000,-2000,0,0,0,0,0,0,0,0,0,0,0,0,0,-2000
6468,1236,宏亞,0,2000,-2000,0,0,0,0,0,0,0,0,0,0,0,0,0,-2000
6469,089999,裕民中信0A購01,0,0,0,0,0,0,0,0,0,-2000,0,0,0,0,2000,-2000,-2000
6470,089959,南帝元大0A購02,0,0,0,0,0,0,0,0,0,-2000,0,0,0,0,2000,-2000,-2000
6471,8488,吉源-KY,0,2000,-2000,0,0,0,0,0,0,0,0,0,0,0,0,0,-2000
6472,8473,山林水,1000,3000,-2000,0,0,0,0,0,0,0,0,0,0,0,0,0,-2000
6473,8940,新天地,10000,12000,-2000,0,0,0,0,0,0,0,0,0,0,0,0,0,-2000
6474,8131,福懋科,247000,249000,-2000,0,0,0,0,0,0,0,0,0,0,0,0,0,-2000
6475,6431,光麗-KY,1000,3000,-2000,0,0,0,0,0,0,0,0,0,0,0,0,0,-2000
6476,4581,光隆精密-KY,0,2000,-2000,0,0,0,0,0,0,0,0,0,0,0,0,0,-2000
6477,6024,群益期,5000,7000,-2000,0,0,0,0,0,0,0,0,0,0,0,0,0,-2000
6478,5871A,中租-KY甲特,3000,0,3000,0,0,0,0,0,0,-5000,1000,6000,-5000,0,0,0,-2000
6479,00743,國泰中國A150,0,42000,-42000,0,0,0,0,0,0,39000,0,0,0,159000,120000,39000,-3000
6480,020002,元富新中國N,0,0,0,0,0,0,0,0,0,-3000,0,0,0,0,3000,-3000,-3000
6481,030029,新唐統一0C購01,0,0,0,0,0,0,0,0,0,-3000,0,0,0,7000,10000,-3000,-3000
6482,030418,潤泰全元大0B購01,0,0,0,0,0,0,0,0,0,-3000,0,0,0,0,3000,-3000,-3000
6483,031283,矽創統一0C購01,0,0,0,0,0,0,0,0,0,-3000,0,0,0,17000,20000,-3000,-3000
6484,032844,聯電永豐0A購05,0,0,0,0,0,0,0,0,0,-3000,0,0,0,0,3000,-3000,-3000
6485,031363,彩晶中信0A購03,0,0,0,0,0,0,0,0,0,-3000,0,0,0,15000,18000,-3000,-3000
6486,033068,全新凱基0C購01,0,0,0,0,0,0,0,0,0,-3000,0,0,0,5000,8000,-3000,-3000
6487,032802,中石化國票0B購03,0,0,0,0,0,0,0,0,0,-3000,0,0,0,0,3000,-3000,-3000
6488,030906,台積電凱基14購03,0,0,0,0,0,0,0,0,0,-3000,0,0,0,0,3000,-3000,-3000
6489,030795,南亞科凱基0A購02,0,0,0,0,0,0,0,0,0,-3000,0,0,0,6000,9000,-3000,-3000
6490,031119,中鋼統一0C購01,0,0,0,0,0,0,0,0,0,-3000,0,0,0,806000,809000,-3000,-3000
6491,032887,大亞統一13購01,0,0,0,0,0,0,0,0,0,-3000,0,0,0,0,3000,-3000,-3000
6492,032078,台玻兆豐0B購02,0,0,0,0,0,0,0,0,0,-3000,0,0,0,0,3000,-3000,-3000
6493,033255,聯詠元大0B購02,0,0,0,0,0,0,0,0,0,-3000,0,0,0,0,3000,-3000,-3000
6494,032164,長榮元富0A購12,0,0,0,0,0,0,0,0,0,-3000,0,0,0,0,3000,-3000,-3000
6495,031840,燿華兆豐0B購01,0,0,0,0,0,0,0,0,0,-3000,0,0,0,0,3000,-3000,-3000
6496,031577,台光電凱基0A購01,0,0,0,0,0,0,0,0,0,-3000,0,0,0,2000,5000,-3000,-3000
6497,031473,中鋼國票0B購01,0,0,0,0,0,0,0,0,0,-3000,0,0,0,0,3000,-3000,-3000
6498,031475,大成鋼國票0B購01,0,0,0,0,0,0,0,0,0,-3000,0,0,0,0,3000,-3000,-3000
6499,032580,華新元大0A購02,0,0,0,0,0,0,0,0,0,-3000,0,0,0,29000,32000,-3000,-3000
6500,032712,東鋼群益0C購02,0,0,0,0,0,0,0,0,0,-3000,0,0,0,5000,8000,-3000,-3000
6501,032599,裕民元大11購01,0,0,0,0,0,0,0,0,0,-3000,0,0,0,0,3000,-3000,-3000
6502,035591,聯電元大0B購06,0,0,0,0,0,0,0,0,0,-3000,0,0,0,46000,49000,-3000,-3000
6503,035536,南電兆豐13購01,0,0,0,0,0,0,0,0,0,-3000,0,0,0,16000,19000,-3000,-3000
6504,088628,松翰永豐09購03,0,0,0,0,0,0,0,0,0,-3000,0,0,0,27000,30000,-3000,-3000
6505,088612,友達永豐09購04,0,0,0,0,0,0,0,0,0,-3000,0,0,0,146000,149000,-3000,-3000
6506,088660,鴻海元大0C購04,0,0,0,0,0,0,0,0,0,-3000,0,0,0,0,3000,-3000,-3000
6507,087636,華邦電凱基11購01,0,0,0,0,0,0,0,0,0,-3000,0,0,0,0,3000,-3000,-3000
6508,087922,金融類群益09購01,0,0,0,0,0,0,0,0,0,-3000,0,0,0,0,3000,-3000,-3000
6509,085495,聯發科凱基11購01,0,0,0,0,0,0,0,0,0,-3000,0,0,0,0,3000,-3000,-3000
6510,085636,亞光凱基09購01,0,0,0,0,0,0,0,0,0,-3000,0,0,0,0,3000,-3000,-3000
6511,084900,鴻海元富0B購02,0,0,0,0,0,0,0,0,0,-3000,0,0,0,10000,13000,-3000,-3000
6512,085179,聯發科統一0C購02,0,0,0,0,0,0,0,0,0,-3000,0,0,0,0,3000,-3000,-3000
6513,086157,聯發科元大0C購05,0,0,0,0,0,0,0,0,0,-3000,0,0,0,0,3000,-3000,-3000
6514,085895,晶技國票09購02,0,0,0,0,0,0,0,0,0,-3000,0,0,0,0,3000,-3000,-3000
6515,083008,國巨凱基0B購01,0,0,0,0,0,0,0,0,0,-3000,0,0,0,22000,25000,-3000,-3000
6516,083830,聯發科凱基0B購02,0,0,0,0,0,0,0,0,0,-3000,0,0,0,0,3000,-3000,-3000
6517,084537,凌陽統一09購03,0,0,0,0,0,0,0,0,0,-3000,0,0,0,3000,6000,-3000,-3000
6518,084434,大立光群益08購05,0,0,0,0,0,0,0,0,0,-3000,0,0,0,50000,53000,-3000,-3000
6519,079564,寶齡國票08購01,0,0,0,0,0,0,0,0,0,-3000,0,0,0,0,3000,-3000,-3000
6520,07583P,矽格元富11售02,0,0,0,0,0,0,0,0,0,-3000,0,0,0,2000,5000,-3000,-3000
6521,07448P,滬深2X富邦12售01,0,0,0,0,0,0,0,0,0,-3000,0,0,0,24000,27000,-3000,-3000
6522,07437P,S&P正2凱基13售01,0,0,0,0,0,0,0,0,0,-3000,0,0,0,0,3000,-3000,-3000
6523,07373P,台灣50國泰12售02,0,0,0,0,0,0,0,0,0,-3000,0,0,0,0,3000,-3000,-3000
6524,037826,金像電永豐0C購04,0,0,0,0,0,0,0,0,0,-3000,0,0,0,0,3000,-3000,-3000
6525,037272,第一銅永豐0C購02,0,0,0,0,0,0,0,0,0,-3000,0,0,0,0,3000,-3000,-3000
6526,037220,臺股指元富11購01,0,0,0,0,0,0,0,0,0,-3000,0,0,0,0,3000,-3000,-3000
6527,03746C,新光金富邦13牛01,0,0,0,0,0,0,0,0,0,-3000,0,0,0,0,3000,-3000,-3000
6528,037470,超豐國泰12購01,0,0,0,0,0,0,0,0,0,-3000,0,0,0,17000,20000,-3000,-3000
6529,037086,台光電凱基12購01,0,0,0,0,0,0,0,0,0,-3000,0,0,0,10000,13000,-3000,-3000
6530,036953,樺漢群益0C購01,0,0,0,0,0,0,0,0,0,-3000,0,0,0,15000,18000,-3000,-3000
6531,035356,國巨兆豐11購01,0,0,0,0,0,0,0,0,0,-3000,0,0,0,2000,5000,-3000,-3000
6532,036408,國巨群益12購01,0,0,0,0,0,0,0,0,0,-3000,0,0,0,2000,5000,-3000,-3000
6533,036436,長榮航凱基12購02,0,0,0,0,0,0,0,0,0,-3000,0,0,0,0,3000,-3000,-3000
6534,036695,奇鋐中信0C購01,0,0,0,0,0,0,0,0,0,-3000,0,0,0,0,3000,-3000,-3000
6535,036529,宏碁兆豐11購01,0,0,0,0,0,0,0,0,0,-3000,0,0,0,0,3000,-3000,-3000
6536,034899,道瓊反元大12購01,0,0,0,0,0,0,0,0,0,-3000,0,0,0,97000,100000,-3000,-3000
6537,034850,中鋼構元大0C購01,0,0,0,0,0,0,0,0,0,-3000,0,0,0,0,3000,-3000,-3000
6538,034484,聯發科元大0B購05,0,0,0,0,0,0,0,0,0,-3000,0,0,0,0,3000,-3000,-3000
6539,034493,新光金元大13購02,0,0,0,0,0,0,0,0,0,-3000,0,0,0,0,3000,-3000,-3000
6540,035057,國巨國泰11購04,0,0,0,0,0,0,0,0,0,-3000,0,0,0,0,3000,-3000,-3000
6541,038901,道瓊銅群益15購01,0,0,0,0,0,0,0,0,0,-3000,0,0,0,3000,6000,-3000,-3000
6542,038950,國巨元大14購03,0,0,0,0,0,0,0,0,0,-3000,0,0,0,0,3000,-3000,-3000
6543,039094,嘉晶康和11購01,0,0,0,0,0,0,0,0,0,-3000,0,0,0,590000,593000,-3000,-3000
6544,039132,台泥中信11購01,0,0,0,0,0,0,0,0,0,-3000,0,0,0,28000,31000,-3000,-3000
6545,039457,祥碩凱基12購01,0,0,0,0,0,0,0,0,0,-3000,0,0,0,59000,62000,-3000,-3000
6546,038303,春源群益13購01,0,0,0,0,0,0,0,0,0,-3000,0,0,0,11000,14000,-3000,-3000
6547,038017,全新凱基0C購03,0,0,0,0,0,0,0,0,0,-3000,0,0,0,5000,8000,-3000,-3000
6548,039943,達方凱基11購01,0,0,0,0,0,0,0,0,0,-3000,0,0,0,12000,15000,-3000,-3000
6549,040037,大成鋼元富17購01,0,0,0,0,0,0,0,0,0,-3000,0,0,0,0,3000,-3000,-3000
6550,039466,美律國票12購01,0,0,0,0,0,0,0,0,0,-3000,0,0,0,2000,5000,-3000,-3000
6551,039509,台達電群益12購02,0,0,0,0,0,0,0,0,0,-3000,0,0,0,0,3000,-3000,-3000
6552,05938P,台積電凱基0A售06,0,0,0,0,0,0,0,0,0,-3000,0,0,0,0,3000,-3000,-3000
6553,040442,漢翔國票13購01,0,0,0,0,0,0,0,0,0,-3000,0,0,0,0,3000,-3000,-3000
6554,040655,欣興凱基15購02,0,0,0,0,0,0,0,0,0,-3000,0,0,0,0,3000,-3000,-3000
6555,040636,景碩群益12購05,0,0,0,0,0,0,0,0,0,-3000,0,0,0,0,3000,-3000,-3000
6556,07055P,玉晶光元大0C售03,0,0,0,0,0,0,0,0,0,-3000,0,0,0,20000,23000,-3000,-3000
6557,06909P,中鋼群益0A售04,0,0,0,0,0,0,0,0,0,-3000,0,0,0,10000,13000,-3000,-3000
6558,07284P,健策凱基0C售02,0,0,0,0,0,0,0,0,0,-3000,0,0,0,0,3000,-3000,-3000
6559,6136,富爾特,5000,0,5000,0,0,0,0,0,0,-8000,0,8000,-8000,0,0,0,-3000
6560,4562,穎漢,0,3000,-3000,0,0,0,0,0,0,0,0,0,0,0,0,0,-3000
6561,4141,龍燈-KY,2000,5000,-3000,0,0,0,0,0,0,0,0,0,0,0,0,0,-3000
6562,6201,亞弘電,0,3000,-3000,0,0,0,0,0,0,0,0,0,0,0,0,0,-3000
6563,8482,商億-KY,1000,4000,-3000,0,0,0,0,0,0,0,0,0,0,0,0,0,-3000
6564,089634,聯發科凱基13購03,0,0,0,0,0,0,0,0,0,-3000,0,0,0,0,3000,-3000,-3000
6565,089721,華夏永豐09購02,0,0,0,0,0,0,0,0,0,-3000,0,0,0,0,3000,-3000,-3000
6566,2712,遠雄來,0,3000,-3000,0,0,0,0,0,0,0,0,0,0,0,0,0,-3000
6567,2247,汎德永業,0,3000,-3000,0,0,0,0,0,0,0,0,0,0,0,0,0,-3000
6568,1453,大將,5000,8000,-3000,0,0,0,0,0,0,0,0,0,0,0,0,0,-3000
6569,1539,巨庭,0,3000,-3000,0,0,0,0,0,0,0,0,0,0,0,0,0,-3000
6570,6412,群電,23000,25000,-2000,0,0,0,0,2000,-2000,952,1000,48,952,0,0,0,-3048
6571,1558,伸興,13800,17000,-3200,0,0,0,0,0,0,0,0,0,0,0,0,0,-3200
6572,035939,新光金凱基11購01,0,0,0,0,0,0,0,0,0,-4000,0,0,0,0,4000,-4000,-4000
6573,032635,長榮統一0C購11,0,0,0,0,0,0,0,0,0,-4000,0,0,0,0,4000,-4000,-4000
6574,032679,裕民中信0B購01,0,0,0,0,0,0,0,0,0,-4000,0,0,0,107000,111000,-4000,-4000
6575,031565,岱宇凱基0B購01,0,0,0,0,0,0,0,0,0,-4000,0,0,0,0,4000,-4000,-4000
6576,032447,晶技元大0A購03,0,0,0,0,0,0,0,0,0,-4000,0,0,0,22000,26000,-4000,-4000
6577,033231,台泥元大0B購02,0,0,0,0,0,0,0,0,0,-4000,0,0,0,0,4000,-4000,-4000
6578,030977,聯發科元大0A購08,0,0,0,0,0,0,0,0,0,-4000,0,0,0,8000,12000,-4000,-4000
6579,032059,景碩國票0B購02,0,0,0,0,0,0,0,0,0,-4000,0,0,0,0,4000,-4000,-4000
6580,032021,百和統一0C購01,0,0,0,0,0,0,0,0,0,-4000,0,0,0,0,4000,-4000,-4000
6581,033151,彩晶元大0B購05,0,0,0,0,0,0,0,0,0,-4000,0,0,0,1000,5000,-4000,-4000
6582,031276,國光生統一0C購01,0,0,0,0,0,0,0,0,0,-4000,0,0,0,0,4000,-4000,-4000
6583,030071,鴻海群益0C購05,0,0,0,0,0,0,0,0,0,-4000,0,0,0,0,4000,-4000,-4000
6584,030224,康普凱基12購01,0,0,0,0,0,0,0,0,0,-4000,0,0,0,0,4000,-4000,-4000
6585,03012X,元展12,0,0,0,0,0,0,0,0,0,-4000,0,0,0,0,4000,-4000,-4000
6586,030162,國光生中信0A購01,0,0,0,0,0,0,0,0,0,-4000,0,0,0,0,4000,-4000,-4000
6587,076787,台表科元富08購02,0,0,0,0,0,0,0,0,0,-4000,0,0,0,0,4000,-4000,-4000
6588,07625P,南亞科群益11售05,0,0,0,0,0,0,0,0,0,-4000,0,0,0,0,4000,-4000,-4000
6589,07543P,春源國票11售02,0,0,0,0,0,0,0,0,0,-4000,0,0,0,20000,24000,-4000,-4000
6590,07553P,大立光凱基11售03,0,0,0,0,0,0,0,0,0,-4000,0,0,0,7000,11000,-4000,-4000
6591,077472,聯發科國票08購06,0,0,0,0,0,0,0,0,0,-4000,0,0,0,243000,247000,-4000,-4000
6592,078235,健鼎元富0C購01,0,0,0,0,0,0,0,0,0,-4000,0,0,0,51000,55000,-4000,-4000
6593,080447,大成凱基09購01,0,0,0,0,0,0,0,0,0,-4000,0,0,0,5000,9000,-4000,-4000
6594,083974,南電凱基0C購01,0,0,0,0,0,0,0,0,0,-4000,0,0,0,6000,10000,-4000,-4000
6595,083311,群創元大09購02,0,0,0,0,0,0,0,0,0,-4000,0,0,0,6000,10000,-4000,-4000
6596,081285,聯詠統一09購01,0,0,0,0,0,0,0,0,0,-4000,0,0,0,3000,7000,-4000,-4000
6597,081412,億光群益08購02,0,0,0,0,0,0,0,0,0,-4000,0,0,0,28000,32000,-4000,-4000
6598,086003,聯詠元大08購06,0,0,0,0,0,0,0,0,0,-4000,0,0,0,11000,15000,-4000,-4000
6599,086398,微星統一0B購01,0,0,0,0,0,0,0,0,0,-4000,0,0,0,0,4000,-4000,-4000
6600,085313,群創元大09購03,0,0,0,0,0,0,0,0,0,-4000,0,0,0,6000,10000,-4000,-4000
6601,087912,微星群益0A購01,0,0,0,0,0,0,0,0,0,-4000,0,0,0,31000,35000,-4000,-4000
6602,087263,GIS國票09購01,0,0,0,0,0,0,0,0,0,-4000,0,0,0,0,4000,-4000,-4000
6603,086917,台化中信09購02,0,0,0,0,0,0,0,0,0,-4000,0,0,0,0,4000,-4000,-4000
6604,086868,旺宏國票0B購01,0,0,0,0,0,0,0,0,0,-4000,0,0,0,0,4000,-4000,-4000
6605,086581,欣興康和09購01,0,0,0,0,0,0,0,0,0,-4000,0,0,0,0,4000,-4000,-4000
6606,086608,瀚宇博永豐09購01,0,0,0,0,0,0,0,0,0,-4000,0,0,0,0,4000,-4000,-4000
6607,086687,群創統一11購01,0,0,0,0,0,0,0,0,0,-4000,0,0,0,0,4000,-4000,-4000
6608,088575,群創凱基0B購04,0,0,0,0,0,0,0,0,0,-4000,0,0,0,95000,99000,-4000,-4000
6609,088240,聯發科國票11購04,0,0,0,0,0,0,0,0,0,-4000,0,0,0,0,4000,-4000,-4000
6610,088211,光罩統一0B購01,0,0,0,0,0,0,0,0,0,-4000,0,0,0,0,4000,-4000,-4000
6611,035034,聯電麥證0B購04,0,0,0,7000,11000,-4000,0,0,0,-4000,0,0,0,7000,11000,-4000,-4000
6612,035021,台達電凱基0B購03,0,0,0,0,0,0,0,0,0,-4000,0,0,0,400000,404000,-4000,-4000
6613,035296,華晶科國票0C購02,0,0,0,0,0,0,0,0,0,-4000,0,0,0,0,4000,-4000,-4000
6614,035485,萬海群益13購03,0,0,0,0,0,0,0,0,0,-4000,0,0,0,3000,7000,-4000,-4000
6615,033329,矽創凱基13購01,0,0,0,0,0,0,0,0,0,-4000,0,0,0,905000,909000,-4000,-4000
6616,033936,訊芯元大0C購01,0,0,0,0,0,0,0,0,0,-4000,0,0,0,10000,14000,-4000,-4000
6617,033390,晶技元大12購01,0,0,0,0,0,0,0,0,0,-4000,0,0,0,30000,34000,-4000,-4000
6618,034475,華新元大0C購02,0,0,0,0,0,0,0,0,0,-4000,0,0,0,135000,139000,-4000,-4000
6619,034941,萬海群益0B購06,0,0,0,0,0,0,0,0,0,-4000,0,0,0,0,4000,-4000,-4000
6620,036495,金像電國泰12購02,0,0,0,0,0,0,0,0,0,-4000,0,0,0,0,4000,-4000,-4000
6621,036284,國巨元大0C購15,0,0,0,0,0,0,0,0,0,-4000,0,0,0,3000,7000,-4000,-4000
6622,036139,愛普兆豐11購01,0,0,0,0,0,0,0,0,0,-4000,0,0,0,0,4000,-4000,-4000
6623,033994,新光金兆豐12購01,0,0,0,0,0,0,0,0,0,-4000,0,0,0,0,4000,-4000,-4000
6624,037077,台積電群益11購05,0,0,0,0,0,0,0,0,0,-4000,0,0,0,0,4000,-4000,-4000
6625,037006,可成元富16購01,0,0,0,0,0,0,0,0,0,-4000,0,0,0,7000,11000,-4000,-4000
6626,036897,億光元大0C購02,0,0,0,0,0,0,0,0,0,-4000,0,0,0,2000,6000,-4000,-4000
6627,037472,裕民國泰12購02,0,0,0,0,0,0,0,0,0,-4000,0,0,0,51000,55000,-4000,-4000
6628,037806,景碩元大0C購06,0,0,0,0,0,0,0,0,0,-4000,0,0,0,16000,20000,-4000,-4000
6629,037715,榮成凱基11購01,0,0,0,0,0,0,0,0,0,-4000,0,0,0,46000,50000,-4000,-4000
6630,037717,東鋼凱基12購03,0,0,0,0,0,0,0,0,0,-4000,0,0,0,90000,94000,-4000,-4000
6631,037562,威鋒電元富13購07,0,0,0,0,0,0,0,0,0,-4000,0,0,0,77000,81000,-4000,-4000
6632,037501,國喬群益11購01,0,0,0,0,0,0,0,0,0,-4000,0,0,0,286000,290000,-4000,-4000
6633,037631,南電元大11購02,0,0,0,0,0,0,0,0,0,-4000,0,0,0,33000,37000,-4000,-4000
6634,037661,新唐台新0C購01,0,0,0,0,0,0,0,0,0,-4000,0,0,0,0,4000,-4000,-4000
6635,072652,智伸科元富09購02,0,0,0,0,0,0,0,0,0,-4000,0,0,0,0,4000,-4000,-4000
6636,06837P,立積群益0A售03,0,0,0,0,0,0,0,0,0,-4000,0,0,0,6000,10000,-4000,-4000
6637,06875P,中鋼元富0A售02,0,0,0,0,0,0,0,0,0,-4000,0,0,0,0,4000,-4000,-4000
6638,07045P,國巨元富12售05,0,0,0,0,0,0,0,0,0,-4000,0,0,0,0,4000,-4000,-4000
6639,07180P,臺股指凱基0B售26,0,0,0,0,0,0,0,0,0,-4000,0,0,0,0,4000,-4000,-4000
6640,06573P,台灣50元大0C售04,0,0,0,0,0,0,0,0,0,-4000,0,0,0,0,4000,-4000,-4000
6641,06516P,台積電凱基12售01,0,0,0,0,0,0,0,0,0,-4000,0,0,0,0,4000,-4000,-4000
6642,040138,南亞科群益11購04,0,0,0,0,0,0,0,0,0,-4000,0,0,0,0,4000,-4000,-4000
6643,037996,王品元大0C購03,0,0,0,0,0,0,0,0,0,-4000,0,0,0,55000,59000,-4000,-4000
6644,038384,亞光元大12購02,0,0,0,0,0,0,0,0,0,-4000,0,0,0,1000,5000,-4000,-4000
6645,038679,國巨群益11購02,0,0,0,0,0,0,0,0,0,-4000,0,0,0,49000,53000,-4000,-4000
6646,038537,偉詮電富邦13購01,0,0,0,0,0,0,0,0,0,-4000,0,0,0,27000,31000,-4000,-4000
6647,039367,興勤中信11購02,0,0,0,0,0,0,0,0,0,-4000,0,0,0,0,4000,-4000,-4000
6648,039338,矽格元大13購02,0,0,0,0,0,0,0,0,0,-4000,0,0,0,166000,170000,-4000,-4000
6649,039116,淳安國票11購01,0,0,0,0,0,0,0,0,0,-4000,0,0,0,60000,64000,-4000,-4000
6650,038936,中信金麥證11購01,0,0,0,58000,62000,-4000,0,0,0,-4000,0,0,0,58000,62000,-4000,-4000
6651,038788,中華群益11購01,0,0,0,0,0,0,0,0,0,-4000,0,0,0,91000,95000,-4000,-4000
6652,038801,乙盛群益11購01,0,0,0,0,0,0,0,0,0,-4000,0,0,0,0,4000,-4000,-4000
6653,1533,車王電,45000,49000,-4000,0,0,0,0,0,0,0,0,0,0,0,0,0,-4000
6654,1437,勤益控,0,4000,-4000,0,0,0,0,0,0,0,0,0,0,0,0,0,-4000
6655,089438,南亞科群益09購03,0,0,0,0,0,0,0,0,0,-4000,0,0,0,0,4000,-4000,-4000
6656,6666,羅麗芬-KY,1000,5000,-4000,0,0,0,0,0,0,0,0,0,0,0,0,0,-4000
6657,6283,淳安,166000,162000,4000,0,0,0,0,0,0,-8000,0,0,0,0,8000,-8000,-4000
6658,8466,美吉吉-KY,0,4000,-4000,0,0,0,0,0,0,0,0,0,0,0,0,0,-4000
6659,6776,展碁國際,4000,8000,-4000,0,0,0,0,0,0,0,0,0,0,0,0,0,-4000
6660,3617,碩天,2000,6000,-4000,0,0,0,0,0,0,-109,0,0,0,0,109,-109,-4109
6661,030088,長興永豐0A購01,0,0,0,0,0,0,0,0,0,-5000,0,0,0,0,5000,-5000,-5000
6662,01004T,土銀富邦R2,0,0,0,0,0,0,0,0,0,-5000,0,5000,-5000,0,0,0,-5000
6663,030290,大立光元富0A購05,0,0,0,0,0,0,0,0,0,-5000,0,0,0,50000,55000,-5000,-5000
6664,030550,申豐凱基11購01,0,0,0,0,0,0,0,0,0,-5000,0,0,0,22000,27000,-5000,-5000
6665,030607,致茂元大0A購01,0,0,0,0,0,0,0,0,0,-5000,0,0,0,0,5000,-5000,-5000
6666,031290,群創元富0A購10,0,0,0,0,0,0,0,0,0,-5000,0,0,0,236000,241000,-5000,-5000
6667,033166,聯電兆豐11購01,0,0,0,0,0,0,0,0,0,-5000,0,0,0,0,5000,-5000,-5000
6668,033122,台玻元大0B購02,0,0,0,0,0,0,0,0,0,-5000,0,0,0,9000,14000,-5000,-5000
6669,032008,臺股指群益0A購10,0,0,0,0,0,0,0,0,0,-5000,0,0,0,5000,10000,-5000,-5000
6670,032041,東鋼國票0B購03,0,0,0,0,0,0,0,0,0,-5000,0,0,0,0,5000,-5000,-5000
6671,03035X,元展32,0,0,0,0,0,0,0,0,0,-5000,0,0,0,1000,6000,-5000,-5000
6672,030870,盛群永豐0A購02,0,0,0,0,0,0,0,0,0,-5000,0,0,0,1000,6000,-5000,-5000
6673,033212,欣興群益0C購01,0,0,0,0,0,0,0,0,0,-5000,0,0,0,0,5000,-5000,-5000
6674,033233,台聚元大0B購02,0,0,0,0,0,0,0,0,0,-5000,0,0,0,0,5000,-5000,-5000
6675,032441,長榮元大0A購24,0,0,0,0,0,0,0,0,0,-5000,0,0,0,0,5000,-5000,-5000
6676,031816,技嘉元大0A購03,0,0,0,0,0,0,0,0,0,-5000,0,0,0,0,5000,-5000,-5000
6677,031916,裕民永豐0A購01,0,0,0,0,0,0,0,0,0,-5000,0,0,0,0,5000,-5000,-5000
6678,031955,新光鋼元大0C購01,0,0,0,0,0,0,0,0,0,-5000,0,0,0,0,5000,-5000,-5000
6679,032952,東鋼元大0A購07,0,0,0,0,0,0,0,0,0,-5000,0,0,0,0,5000,-5000,-5000
6680,033478,臺股指凱基0C購25,0,0,0,0,0,0,0,0,0,-5000,0,0,0,55000,60000,-5000,-5000
6681,033490,友達統一11購03,0,0,0,0,0,0,0,0,0,-5000,0,0,0,10000,15000,-5000,-5000
6682,034338,大立光群益0B購04,0,0,0,0,0,0,0,0,0,-5000,0,0,0,30000,35000,-5000,-5000
6683,035073,長榮群益0B購13,0,0,0,0,0,0,0,0,0,-5000,0,0,0,0,5000,-5000,-5000
6684,032566,富邦金群益0C購03,0,0,0,0,0,0,0,0,0,-5000,0,0,0,0,5000,-5000,-5000
6685,032518,元大金永豐0A購01,0,0,0,0,0,0,0,0,0,-5000,0,0,0,0,5000,-5000,-5000
6686,035987,東森國票11購01,0,0,0,0,0,0,0,0,0,-5000,0,0,0,0,5000,-5000,-5000
6687,035673,聯發科第一15購05,0,0,0,0,0,0,0,0,0,-5000,0,0,0,0,5000,-5000,-5000
6688,088056,富邦金元大0B購01,0,0,0,0,0,0,0,0,0,-5000,0,0,0,0,5000,-5000,-5000
6689,088120,聯發科日盛09購01,0,0,0,0,0,0,0,0,0,-5000,0,0,0,30000,35000,-5000,-5000
6690,088554,滬深2X凱基0B購04,0,0,0,0,0,0,0,0,0,-5000,0,0,0,0,5000,-5000,-5000
6691,088644,聯電富邦0B購01,0,0,0,0,0,0,0,0,0,-5000,0,0,0,60000,65000,-5000,-5000
6692,086905,旺宏凱基09購01,0,0,0,0,0,0,0,0,0,-5000,0,0,0,0,5000,-5000,-5000
6693,086775,台表科凱基0A購01,0,0,0,0,0,0,0,0,0,-5000,0,0,0,5000,10000,-5000,-5000
6694,086936,奇力新元大09購02,0,0,0,0,0,0,0,0,0,-5000,0,0,0,0,5000,-5000,-5000
6695,087707,台達電統一0B購01,0,0,0,0,0,0,0,0,0,-5000,0,0,0,2000,7000,-5000,-5000
6696,087639,TPK凱基0A購01,0,0,0,0,0,0,0,0,0,-5000,0,0,0,0,5000,-5000,-5000
6697,087487,台灣50群益0A購01,0,0,0,0,0,0,0,0,0,-5000,0,0,0,0,5000,-5000,-5000
6698,087287,義隆元大09購02,0,0,0,0,0,0,0,0,0,-5000,0,0,0,0,5000,-5000,-5000
6699,085666,聯詠統一09購06,0,0,0,0,0,0,0,0,0,-5000,0,0,0,10000,15000,-5000,-5000
6700,086412,群創統一0B購01,0,0,0,0,0,0,0,0,0,-5000,0,0,0,0,5000,-5000,-5000
6701,086259,聚陽永豐09購01,0,0,0,0,0,0,0,0,0,-5000,0,0,0,0,5000,-5000,-5000
6702,086379,聯發科國票0B購01,0,0,0,0,0,0,0,0,0,-5000,0,0,0,0,5000,-5000,-5000
6703,085903,台積電富邦0B購01,0,0,0,0,0,0,0,0,0,-5000,0,0,0,0,5000,-5000,-5000
6704,085880,鴻海國票0A購03,0,0,0,0,0,0,0,0,0,-5000,0,0,0,0,5000,-5000,-5000
6705,085815,旺宏群益09購03,0,0,0,0,0,0,0,0,0,-5000,0,0,0,0,5000,-5000,-5000
6706,083596,同欣電國票08購02,0,0,0,0,0,0,0,0,0,-5000,0,0,0,0,5000,-5000,-5000
6707,083668,聯電統一09購04,0,0,0,0,0,0,0,0,0,-5000,0,0,0,75000,80000,-5000,-5000
6708,084547,祥碩統一09購05,0,0,0,0,0,0,0,0,0,-5000,0,0,0,178000,183000,-5000,-5000
6709,081102,永光群益09購01,0,0,0,0,0,0,0,0,0,-5000,0,0,0,0,5000,-5000,-5000
6710,07552P,國巨凱基11售05,0,0,0,0,0,0,0,0,0,-5000,0,0,0,16000,21000,-5000,-5000
6711,07630P,上証2X凱基12售05,0,0,0,0,0,0,0,0,0,-5000,0,0,0,0,5000,-5000,-5000
6712,07624P,華邦電群益11售04,0,0,0,0,0,0,0,0,0,-5000,0,0,0,0,5000,-5000,-5000
6713,07589P,臺股指凱基11售12,0,0,0,0,0,0,0,0,0,-5000,0,0,0,0,5000,-5000,-5000
6714,07599P,裕民國票12售02,0,0,0,0,0,0,0,0,0,-5000,0,0,0,0,5000,-5000,-5000
6715,07352P,大成鋼國票11售03,0,0,0,0,0,0,0,0,0,-5000,0,0,0,0,5000,-5000,-5000
6716,07409P,T50正2凱基11售01,0,0,0,0,0,0,0,0,0,-5000,0,0,0,15000,20000,-5000,-5000
6717,037630,晶碩元大12購01,0,0,0,0,0,0,0,0,0,-5000,0,0,0,0,5000,-5000,-5000
6718,037610,台積電元大0C購29,0,0,0,0,0,0,0,0,0,-5000,0,0,0,0,5000,-5000,-5000
6719,037748,為升中信0C購01,0,0,0,0,0,0,0,0,0,-5000,0,0,0,0,5000,-5000,-5000
6720,037692,T50反1群益12購03,0,0,0,0,0,0,0,0,0,-5000,0,0,0,0,5000,-5000,-5000
6721,037844,上証2X富邦13購03,0,0,0,0,0,0,0,0,0,-5000,0,0,0,0,5000,-5000,-5000
6722,037448,金像電元大0C購04,0,0,0,0,0,0,0,0,0,-5000,0,0,0,0,5000,-5000,-5000
6723,037436,美指2X元大0C購02,0,0,0,0,0,0,0,0,0,-5000,0,0,0,0,5000,-5000,-5000
6724,036723,道瓊銀凱基13購01,0,0,0,0,0,0,0,0,0,-5000,0,0,0,0,5000,-5000,-5000
6725,036706,國巨群益12購02,0,0,0,0,0,0,0,0,0,-5000,0,0,0,0,5000,-5000,-5000
6726,037025,宏碁元大0C購02,0,0,0,0,0,0,0,0,0,-5000,0,0,0,0,5000,-5000,-5000
6727,036925,王品國票11購01,0,0,0,0,0,0,0,0,0,-5000,0,0,0,2000,7000,-5000,-5000
6728,034004,友達群益0B購03,0,0,0,0,0,0,0,0,0,-5000,0,0,0,0,5000,-5000,-5000
6729,033987,旺宏兆豐0B購01,0,0,0,0,0,0,0,0,0,-5000,0,0,0,30000,35000,-5000,-5000
6730,034058,T50反1國票11購02,0,0,0,0,0,0,0,0,0,-5000,0,0,0,0,5000,-5000,-5000
6731,034036,國巨元富12購03,0,0,0,0,0,0,0,0,0,-5000,0,0,0,0,5000,-5000,-5000
6732,034150,富邦金凱基0B購03,0,0,0,0,0,0,0,0,0,-5000,0,0,0,10000,15000,-5000,-5000
6733,034167,開發金永豐0B購01,0,0,0,0,0,0,0,0,0,-5000,0,0,0,61000,66000,-5000,-5000
6734,034572,群創第一15購02,0,0,0,0,0,0,0,0,0,-5000,0,0,0,0,5000,-5000,-5000
6735,036290,華碩元大0C購03,0,0,0,0,0,0,0,0,0,-5000,0,0,0,0,5000,-5000,-5000
6736,036355,國巨國票12購01,0,0,0,0,0,0,0,0,0,-5000,0,0,0,0,5000,-5000,-5000
6737,036356,國巨國票13購01,0,0,0,0,0,0,0,0,0,-5000,0,0,0,10000,15000,-5000,-5000
6738,036417,長榮航第一16購01,0,0,0,0,0,0,0,0,0,-5000,0,0,0,0,5000,-5000,-5000
6739,036519,台積電群益11購04,0,0,0,0,0,0,0,0,0,-5000,0,0,0,0,5000,-5000,-5000
6740,036571,世紀鋼元大0C購06,0,0,0,0,0,0,0,0,0,-5000,0,0,0,0,5000,-5000,-5000
6741,036593,大立光群益16購01,0,0,0,0,0,0,0,0,0,-5000,0,0,0,7000,12000,-5000,-5000
6742,034872,美德醫元大0C購01,0,0,0,0,0,0,0,0,0,-5000,0,0,0,10000,15000,-5000,-5000
6743,034916,中鋼麥證0B購02,0,0,0,0,5000,-5000,0,0,0,-5000,0,0,0,0,5000,-5000,-5000
6744,034881,鴻海群益0B購14,0,0,0,0,0,0,0,0,0,-5000,0,0,0,0,5000,-5000,-5000
6745,034439,國巨凱基0B購04,0,0,0,0,0,0,0,0,0,-5000,0,0,0,0,5000,-5000,-5000
6746,033573,聯成凱基11購01,0,0,0,0,0,0,0,0,0,-5000,0,0,0,0,5000,-5000,-5000
6747,036037,長榮航統一0C購06,0,0,0,0,0,0,0,0,0,-5000,0,0,0,5000,10000,-5000,-5000
6748,036275,中鋼元大0C購08,0,0,0,0,0,0,0,0,0,-5000,0,0,0,0,5000,-5000,-5000
6749,034610,群創統一0B購12,0,0,0,0,0,0,0,0,0,-5000,0,0,0,5000,10000,-5000,-5000
6750,034651,鴻海中信0B購06,0,0,0,0,0,0,0,0,0,-5000,0,0,0,5000,10000,-5000,-5000
6751,035203,臻鼎元富0B購01,0,0,0,0,0,0,0,0,0,-5000,0,0,0,0,5000,-5000,-5000
6752,035186,國巨元富12購10,0,0,0,0,0,0,0,0,0,-5000,0,0,0,0,5000,-5000,-5000
6753,034502,泰山凱基0B購01,0,0,0,0,0,0,0,0,0,-5000,0,0,0,0,5000,-5000,-5000
6754,033342,京元電永豐0B購01,0,0,0,0,0,0,0,0,0,-5000,0,0,0,0,5000,-5000,-5000
6755,033350,精成科永豐0B購01,0,0,0,0,0,0,0,0,0,-5000,0,0,0,0,5000,-5000,-5000
6756,033346,晶技永豐0B購01,0,0,0,0,0,0,0,0,0,-5000,0,0,0,0,5000,-5000,-5000
6757,035474,儒鴻富邦0C購01,0,0,0,0,0,0,0,0,0,-5000,0,0,0,0,5000,-5000,-5000
6758,035506,王品凱基0B購01,0,0,0,0,0,0,0,0,0,-5000,0,0,0,0,5000,-5000,-5000
6759,035492,國巨國泰12購01,0,0,0,0,0,0,0,0,0,-5000,0,0,0,0,5000,-5000,-5000
6760,035284,國巨國票0C購04,0,0,0,0,0,0,0,0,0,-5000,0,0,0,0,5000,-5000,-5000
6761,036073,矽創群益0C購01,0,0,0,0,0,0,0,0,0,-5000,0,0,0,112000,117000,-5000,-5000
6762,038895,王品永豐11購02,0,0,0,0,0,0,0,0,0,-5000,0,0,0,0,5000,-5000,-5000
6763,038996,奇力新中信11購01,0,0,0,0,0,0,0,0,0,-5000,0,0,0,0,5000,-5000,-5000
6764,039079,欣興元大14購02,0,0,0,0,0,0,0,0,0,-5000,0,0,0,56000,61000,-5000,-5000
6765,039135,春源中信11購01,0,0,0,0,0,0,0,0,0,-5000,0,0,0,0,5000,-5000,-5000
6766,039359,同欣電國票12購03,0,0,0,0,0,0,0,0,0,-5000,0,0,0,0,5000,-5000,-5000
6767,038355,微星康和11購01,0,0,0,0,0,0,0,0,0,-5000,0,0,0,68000,73000,-5000,-5000
6768,038459,春源元富12購03,0,0,0,0,0,0,0,0,0,-5000,0,0,0,13000,18000,-5000,-5000
6769,038158,允強元大11購01,0,0,0,0,0,0,0,0,0,-5000,0,0,0,87000,92000,-5000,-5000
6770,038147,臺股指群益11購01,0,0,0,0,0,0,0,0,0,-5000,0,0,0,0,5000,-5000,-5000
6771,040152,宏碁元大11購02,0,0,0,0,0,0,0,0,0,-5000,0,0,0,0,5000,-5000,-5000
6772,040168,群創元大14購02,0,0,0,0,0,0,0,0,0,-5000,0,0,0,0,5000,-5000,-5000
6773,039976,晶心科元大11購01,0,0,0,0,0,0,0,0,0,-5000,0,0,0,0,5000,-5000,-5000
6774,039896,華新永豐11購02,0,0,0,0,0,0,0,0,0,-5000,0,0,0,0,5000,-5000,-5000
6775,039545,旺宏元大11購06,0,0,0,0,0,0,0,0,0,-5000,0,0,0,10000,15000,-5000,-5000
6776,039554,欣興元大11購06,50000,0,50000,0,0,0,0,0,0,-55000,0,0,0,12000,67000,-55000,-5000
6777,06519P,上銀元富09售03,0,0,0,0,0,0,0,0,0,-5000,0,0,0,0,5000,-5000,-5000
6778,06682P,聯電富邦0A售01,0,0,0,0,0,0,0,0,0,-5000,0,0,0,150000,155000,-5000,-5000
6779,06638P,立積凱基09售02,0,0,0,0,0,0,0,0,0,-5000,0,0,0,120000,125000,-5000,-5000
6780,06633P,滬深2X群益09售10,0,0,0,0,0,0,0,0,0,-5000,0,0,0,10000,15000,-5000,-5000
6781,06450P,台積電元大09售16,0,0,0,0,0,0,0,0,0,-5000,0,0,0,0,5000,-5000,-5000
6782,06382P,國巨國泰0A售02,0,0,0,0,0,0,0,0,0,-5000,0,0,0,3000,8000,-5000,-5000
6783,040648,國巨凱基12購01,0,0,0,0,0,0,0,0,0,-5000,0,0,0,0,5000,-5000,-5000
6784,040706,台積電元大12購05,0,0,0,0,0,0,0,0,0,-5000,0,0,0,0,5000,-5000,-5000
6785,04831P,玉晶光元富0B售01,0,0,0,0,0,0,0,0,0,-5000,0,0,0,0,5000,-5000,-5000
6786,071341,微星元富09購01,0,0,0,0,0,0,0,0,0,-5000,0,0,0,0,5000,-5000,-5000
6787,07135P,台達電凱基0B售02,0,0,0,0,0,0,0,0,0,-5000,0,0,0,0,5000,-5000,-5000
6788,06863P,台灣50麥證0C售02,0,0,0,0,5000,-5000,0,0,0,-5000,0,0,0,0,5000,-5000,-5000
6789,06858P,台積電群益0A售13,0,0,0,0,0,0,0,0,0,-5000,0,0,0,0,5000,-5000,-5000
6790,06848P,立積凱基0B售02,0,0,0,0,0,0,0,0,0,-5000,0,0,0,215000,220000,-5000,-5000
6791,06967P,華邦電群益0A售01,0,0,0,0,0,0,0,0,0,-5000,0,0,0,89000,94000,-5000,-5000
6792,07243P,臺股指國票0C售02,0,0,0,0,0,0,0,0,0,-5000,0,0,0,0,5000,-5000,-5000
6793,07297P,玉晶光元富13售06,0,0,0,0,0,0,0,0,0,-5000,0,0,0,0,5000,-5000,-5000
6794,07298P,中鋼國票11售01,0,0,0,0,0,0,0,0,0,-5000,0,0,0,0,5000,-5000,-5000
6795,07292P,臺指2X群益0C售01,0,0,0,0,0,0,0,0,0,-5000,0,0,0,5000,10000,-5000,-5000
6796,4571,鈞興-KY,2000,7000,-5000,0,0,0,0,0,0,0,0,0,0,0,0,0,-5000
6797,6655,科定,0,5000,-5000,0,0,0,0,0,0,0,0,0,0,0,0,0,-5000
6798,6416,瑞祺電通,29000,34000,-5000,0,0,0,0,0,0,0,0,0,0,0,0,0,-5000
6799,089448,台積電統一0B購13,0,0,0,0,0,0,0,0,0,-5000,0,0,0,0,5000,-5000,-5000
6800,089142,健和興元大09購01,0,0,0,0,0,0,0,0,0,-5000,0,0,0,0,5000,-5000,-5000
6801,089145,智易元大09購06,0,0,0,0,0,0,0,0,0,-5000,0,0,0,5000,10000,-5000,-5000
6802,088828,台表科元大09購05,0,0,0,0,0,0,0,0,0,-5000,0,0,0,627000,632000,-5000,-5000
6803,089084,台船統一0B購02,0,0,0,0,0,0,0,0,0,-5000,0,0,0,0,5000,-5000,-5000
6804,089047,立積群益0A購02,0,0,0,0,0,0,0,0,0,-5000,0,0,0,5000,10000,-5000,-5000
6805,089740,明基材永豐09購01,0,0,0,0,0,0,0,0,0,-5000,0,0,0,22000,27000,-5000,-5000
6806,089756,南電統一0B購02,0,0,0,0,0,0,0,0,0,-5000,0,0,0,5000,10000,-5000,-5000
6807,089833,東鋼元大0B購01,0,0,0,0,0,0,0,0,0,-5000,0,0,0,0,5000,-5000,-5000
6808,089857,晶碩元大09購05,0,0,0,0,0,0,0,0,0,-5000,0,0,0,0,5000,-5000,-5000
6809,1339,昭輝,1000,6000,-5000,0,0,0,0,0,0,0,0,0,0,0,0,0,-5000
6810,1323,永裕,0,5000,-5000,0,0,0,0,0,0,0,0,0,0,0,0,0,-5000
6811,2722,夏都,2000,7000,-5000,0,0,0,0,0,0,0,0,0,0,0,0,0,-5000
6812,2496,卓越,0,5000,-5000,0,0,0,0,0,0,0,0,0,0,0,0,0,-5000
6813,2901,欣欣,0,5000,-5000,0,0,0,0,0,0,0,0,0,0,0,0,0,-5000
6814,035842,富邦金元大0B購10,0,0,0,0,0,0,0,0,0,-6000,0,0,0,6000,12000,-6000,-6000
6815,031464,大立光群益11購01,0,0,0,0,0,0,0,0,0,-6000,0,0,0,0,6000,-6000,-6000
6816,031518,祥碩元大0A購02,0,0,0,0,0,0,0,0,0,-6000,0,0,0,0,6000,-6000,-6000
6817,031630,裕民統一0C購01,0,0,0,0,0,0,0,0,0,-6000,0,0,0,5000,11000,-6000,-6000
6818,031772,聯發科統一0C購04,0,0,0,0,0,0,0,0,0,-6000,0,0,0,0,6000,-6000,-6000
6819,030822,群創日盛0A購03,0,0,0,0,0,0,0,0,0,-6000,0,0,0,0,6000,-6000,-6000
6820,032804,中纖國票0B購01,0,0,0,0,0,0,0,0,0,-6000,0,0,0,0,6000,-6000,-6000
6821,01007T,兆豐國泰R2,0,0,0,0,0,0,0,0,0,-6000,0,6000,-6000,0,0,0,-6000
6822,00682U,期元大美元指數,0,0,0,0,0,0,0,0,0,-6000,0,0,0,1000,7000,-6000,-6000
6823,030041,仁寶元大0B購01,0,0,0,0,0,0,0,0,0,-6000,0,0,0,0,6000,-6000,-6000
6824,076209,臺股指國票09購04,0,0,0,0,0,0,0,0,0,-6000,0,0,0,0,6000,-6000,-6000
6825,076185,愛普統一08購01,0,0,0,0,0,0,0,0,0,-6000,0,0,0,10000,16000,-6000,-6000
6826,07660P,臺股指凱基12售06,0,0,0,0,0,0,0,0,0,-6000,0,0,0,0,6000,-6000,-6000
6827,07560P,T50正2國票11售01,0,0,0,0,0,0,0,0,0,-6000,0,0,0,0,6000,-6000,-6000
6828,080603,愛普統一09購02,0,0,0,0,0,0,0,0,0,-6000,0,0,0,0,6000,-6000,-6000
6829,081389,群創麥證09購01,0,0,0,38000,44000,-6000,0,0,0,-6000,0,0,0,38000,44000,-6000,-6000
6830,081163,台積電富邦09購03,0,0,0,0,0,0,0,0,0,-6000,0,0,0,0,6000,-6000,-6000
6831,082609,日月光元大09購01,0,0,0,0,0,0,0,0,0,-6000,0,0,0,54000,60000,-6000,-6000
6832,085981,聯電元大0C購05,0,0,0,0,0,0,0,0,0,-6000,0,0,0,49000,55000,-6000,-6000
6833,085676,南電統一0A購07,0,0,0,0,0,0,0,0,0,-6000,0,0,0,52000,58000,-6000,-6000
6834,084918,T50反1元大0B購06,0,0,0,0,0,0,0,0,0,-6000,0,0,0,0,6000,-6000,-6000
6835,085097,友達凱基0C購02,0,0,0,0,0,0,0,0,0,-6000,0,0,0,5000,11000,-6000,-6000
6836,087390,金像電元大09購01,0,0,0,0,0,0,0,0,0,-6000,0,0,0,0,6000,-6000,-6000
6837,087652,大立光群益0C購02,0,0,0,0,0,0,0,0,0,-6000,0,0,0,0,6000,-6000,-6000
6838,086935,友達元大0C購05,0,0,0,0,0,0,0,0,0,-6000,0,0,0,0,6000,-6000,-6000
6839,087094,國喬元大09購01,0,0,0,0,0,0,0,0,0,-6000,0,0,0,41000,47000,-6000,-6000
6840,086697,玉晶光元富0C購04,0,0,0,0,0,0,0,0,0,-6000,0,0,0,7000,13000,-6000,-6000
6841,035277,華新國票0C購01,0,0,0,0,0,0,0,0,0,-6000,0,0,0,46000,52000,-6000,-6000
6842,033694,合勤控元大0B購01,0,0,0,0,0,0,0,0,0,-6000,0,0,0,0,6000,-6000,-6000
6843,036100,台表科元大0C購01,0,0,0,0,0,0,0,0,0,-6000,0,0,0,321000,327000,-6000,-6000
6844,034659,長榮永豐0B購04,0,0,0,0,0,0,0,0,0,-6000,0,0,0,0,6000,-6000,-6000
6845,034749,愛普元大0B購03,0,0,0,0,0,0,0,0,0,-6000,0,0,0,36000,42000,-6000,-6000
6846,034809,友達台新0B購02,0,0,0,0,0,0,0,0,0,-6000,0,0,0,13000,19000,-6000,-6000
6847,036389,華新國泰12購01,0,0,0,0,0,0,0,0,0,-6000,0,0,0,0,6000,-6000,-6000
6848,036317,裕民統一12購03,0,0,0,0,0,0,0,0,0,-6000,0,0,0,0,6000,-6000,-6000
6849,036295,裕民元大0C購03,0,0,0,0,0,0,0,0,0,-6000,0,0,0,20000,26000,-6000,-6000
6850,033723,富邦金國票0C購01,0,0,0,0,0,0,0,0,0,-6000,0,0,0,0,6000,-6000,-6000
6851,034039,台積電元富12購09,0,0,0,0,0,0,0,0,0,-6000,0,0,0,0,6000,-6000,-6000
6852,037284,南紡元大0C購02,0,0,0,0,0,0,0,0,0,-6000,0,0,0,0,6000,-6000,-6000
6853,037727,富邦金凱基0C購02,0,0,0,0,0,0,0,0,0,-6000,0,0,0,3000,9000,-6000,-6000
6854,037662,中鋼第一16購01,0,0,0,0,0,0,0,0,0,-6000,0,0,0,5000,11000,-6000,-6000
6855,07301P,金像電元富13售01,0,0,0,0,0,0,0,0,0,-6000,0,0,0,25000,31000,-6000,-6000
6856,040510,A50正2元富12購01,0,0,0,0,0,0,0,0,0,-6000,0,0,0,0,6000,-6000,-6000
6857,05169P,技嘉元富0C售02,0,0,0,0,0,0,0,0,0,-6000,0,0,0,0,6000,-6000,-6000
6858,05564P,玉晶光元富09售05,0,0,0,0,0,0,0,0,0,-6000,0,0,0,0,6000,-6000,-6000
6859,06639P,玉晶光群益0A售03,0,0,0,0,0,0,0,0,0,-6000,0,0,0,0,6000,-6000,-6000
6860,039963,凌陽元大11購02,0,0,0,0,0,0,0,0,0,-6000,0,0,0,129000,135000,-6000,-6000
6861,040015,大立光兆豐13購01,0,0,0,0,0,0,0,0,0,-6000,0,0,0,0,6000,-6000,-6000
6862,038248,滬深2X凱基11購01,0,0,0,0,0,0,0,0,0,-6000,0,0,0,9000,15000,-6000,-6000
6863,037998,信邦元大0C購01,0,0,0,0,0,0,0,0,0,-6000,0,0,0,9000,15000,-6000,-6000
6864,038033,亞德客群益12購01,0,0,0,0,0,0,0,0,0,-6000,0,0,0,9000,15000,-6000,-6000
6865,039117,惠特國票12購01,0,0,0,0,0,0,0,0,0,-6000,0,0,0,169000,175000,-6000,-6000
6866,038818,順德元大11購05,0,0,0,0,0,0,0,0,0,-6000,0,0,0,226000,232000,-6000,-6000
6867,038785,東鹼群益11購01,0,0,0,0,0,0,0,0,0,-6000,0,0,0,0,6000,-6000,-6000
6868,3046,建碁,0,6000,-6000,0,0,0,0,0,0,0,0,0,0,0,0,0,-6000
6869,3518,柏騰,6000,12000,-6000,0,0,0,0,0,0,0,0,0,0,0,0,0,-6000
6870,2516,新建,0,6000,-6000,0,0,0,0,0,0,0,0,0,0,0,0,0,-6000
6871,2702,華園,39000,45000,-6000,0,0,0,0,0,0,0,0,0,0,0,0,0,-6000
6872,1432,大魯閣,2000,8000,-6000,0,0,0,0,0,0,0,0,0,0,0,0,0,-6000
6873,1468,昶和,0,6000,-6000,0,0,0,0,0,0,0,0,0,0,0,0,0,-6000
6874,1817,凱撒衛,2000,8000,-6000,0,0,0,0,0,0,0,0,0,0,0,0,0,-6000
6875,089898,華邦電凱基0A購04,0,0,0,0,0,0,0,0,0,-6000,0,0,0,0,6000,-6000,-6000
6876,089746,台積電統一13購03,0,0,0,0,0,0,0,0,0,-6000,0,0,0,30000,36000,-6000,-6000
6877,089055,偉詮電永豐09購02,0,0,0,0,0,0,0,0,0,-6000,0,0,0,10000,16000,-6000,-6000
6878,089476,道瓊銀富邦0C購01,0,0,0,0,0,0,0,0,0,-6000,0,0,0,2000,8000,-6000,-6000
6879,6226,光鼎,24000,80000,-56000,0,0,0,0,0,0,50000,50000,0,50000,0,0,0,-6000
6880,6756,威鋒電子,300000,439000,-139000,0,0,0,115000,0,115000,18000,30000,3000,27000,83000,92000,-9000,-6000
6881,4190,佐登-KY,4000,11000,-7000,0,0,0,0,0,0,1000,1000,0,1000,0,0,0,-6000
6882,3593,力銘,5000,11000,-6000,0,0,0,0,0,0,0,0,0,0,0,0,0,-6000
6883,9919,康那香,276000,282000,-6000,0,0,0,0,0,0,0,0,0,0,0,0,0,-6000
6884,2505,國揚,82000,80000,2000,0,0,0,0,0,0,-8911,91,2,89,0,9000,-9000,-6911
6885,031333,全新元大0C購01,0,0,0,0,0,0,0,0,0,-7000,0,0,0,171000,178000,-7000,-7000
6886,030519,申豐群益0B購02,0,0,0,0,0,0,0,0,0,-7000,0,0,0,46000,53000,-7000,-7000
6887,030563,華晶科統一0C購03,0,0,0,0,0,0,0,0,0,-7000,0,0,0,229000,236000,-7000,-7000
6888,030839,大成鋼兆豐0A購01,0,0,0,0,0,0,0,0,0,-7000,0,0,0,0,7000,-7000,-7000
6889,031937,元石油元大14購01,0,0,0,0,0,0,0,0,0,-7000,0,0,0,156000,163000,-7000,-7000
6890,032183,春源群益0A購03,0,0,0,0,0,0,0,0,0,-7000,0,0,0,0,7000,-7000,-7000
6891,032105,新興永豐0A購02,0,0,0,0,0,0,0,0,0,-7000,0,0,0,13000,20000,-7000,-7000
6892,031644,東鋼元大0A購04,0,0,0,0,0,0,0,0,0,-7000,0,0,0,0,7000,-7000,-7000
6893,033513,聯電日盛0C購01,0,0,0,0,0,0,0,0,0,-7000,0,0,0,30000,37000,-7000,-7000
6894,035112,鴻海兆豐0C購02,0,0,0,0,0,0,0,0,0,-7000,0,0,0,24000,31000,-7000,-7000
6895,035663,燁輝統一13購01,0,0,0,0,0,0,0,0,0,-7000,0,0,0,8000,15000,-7000,-7000
6896,087508,元石油凱基0B購02,0,0,0,0,0,0,0,0,0,-7000,0,0,0,0,7000,-7000,-7000
6897,087395,華新科元大11購04,0,0,0,0,0,0,0,0,0,-7000,0,0,0,15000,22000,-7000,-7000
6898,086291,力成群益09購01,0,0,0,0,0,0,0,0,0,-7000,0,0,0,43000,50000,-7000,-7000
6899,084819,同欣電國票09購01,0,0,0,0,0,0,0,0,0,-7000,0,0,0,9000,16000,-7000,-7000
6900,075256,同欣電元富0B購01,0,0,0,0,0,0,0,0,0,-7000,0,0,0,2000,9000,-7000,-7000
6901,07416P,長榮航元富0C售03,0,0,0,0,0,0,0,0,0,-7000,0,0,0,16000,23000,-7000,-7000
6902,088697,南茂元富0A購01,0,0,0,0,0,0,0,0,0,-7000,0,0,0,80000,87000,-7000,-7000
6903,088795,玉晶光群益13購01,0,0,0,0,0,0,0,0,0,-7000,0,0,0,3000,10000,-7000,-7000
6904,037651,台積電凱基12購03,0,0,0,0,0,0,0,0,0,-7000,0,0,0,0,7000,-7000,-7000
6905,034180,力山元大0C購02,0,0,0,0,0,0,0,0,0,-7000,0,0,0,27000,34000,-7000,-7000
6906,034245,新光鋼統一11購02,0,0,0,0,0,0,0,0,0,-7000,0,0,0,95000,102000,-7000,-7000
6907,036232,大立光兆豐11購01,0,0,0,0,0,0,0,0,0,-7000,0,0,0,0,7000,-7000,-7000
6908,033388,國泰金元大0B購01,0,0,0,0,0,0,0,0,0,-7000,0,0,0,12000,19000,-7000,-7000
6909,033903,華新科統一11購02,0,0,0,0,0,0,0,0,0,-7000,0,0,0,8000,15000,-7000,-7000
6910,035299,萬海富邦0C購04,0,0,0,0,0,0,0,0,0,-7000,0,0,0,0,7000,-7000,-7000
6911,035050,友達富邦11購04,0,0,0,0,0,0,0,0,0,-7000,0,0,0,0,7000,-7000,-7000
6912,035370,臺指反凱基13購04,0,0,0,0,0,0,0,0,0,-7000,0,0,0,3000,10000,-7000,-7000
6913,038721,中鋼元大12購07,0,0,0,0,0,0,0,0,0,-7000,0,0,0,0,7000,-7000,-7000
6914,038869,台積電凱基13購07,0,0,0,0,0,0,0,0,0,-7000,0,0,0,0,7000,-7000,-7000
6915,039227,新纖國票12購01,0,0,0,0,0,0,0,0,0,-7000,0,0,0,29000,36000,-7000,-7000
6916,038463,偉詮電元富11購01,0,0,0,0,0,0,0,0,0,-7000,0,0,0,93000,100000,-7000,-7000
6917,039580,盛餘國票12購01,0,0,0,0,0,0,0,0,0,-7000,0,0,0,0,7000,-7000,-7000
6918,06646P,長華元大09售03,0,0,0,0,0,0,0,0,0,-7000,0,0,0,0,7000,-7000,-7000
6919,06198P,聯電群益0A售02,0,0,0,0,0,0,0,0,0,-7000,0,0,0,30000,37000,-7000,-7000
6920,040560,南電統一12購03,0,0,0,0,0,0,0,0,0,-7000,0,0,0,0,7000,-7000,-7000
6921,040437,宏泰國票13購01,0,0,0,0,0,0,0,0,0,-7000,0,0,0,0,7000,-7000,-7000
6922,040464,億光中信12購02,0,0,0,0,0,0,0,0,0,-7000,0,0,0,0,7000,-7000,-7000
6923,040284,欣興元大11購07,0,0,0,0,0,0,0,0,0,-7000,0,0,0,15000,22000,-7000,-7000
6924,040275,台積電元大13購06,0,0,0,0,0,0,0,0,0,-7000,0,0,0,0,7000,-7000,-7000
6925,06836P,臺股指麥證0C售05,0,0,0,3000,10000,-7000,0,0,0,-7000,0,0,0,3000,10000,-7000,-7000
6926,06805P,聯電元大0A售06,0,0,0,0,0,0,0,0,0,-7000,0,0,0,70000,77000,-7000,-7000
6927,1435,中福,2000,9000,-7000,0,0,0,0,0,0,0,0,0,0,0,0,0,-7000
6928,089108,台積電國票0A購06,0,0,0,0,0,0,0,0,0,-7000,0,0,0,0,7000,-7000,-7000
6929,9924,福興,19000,26000,-7000,0,0,0,0,0,0,0,0,0,0,0,0,0,-7000
6930,5234,達興材料,3000,10000,-7000,0,0,0,0,0,0,0,0,0,0,0,0,0,-7000
6931,6172,互億,4000,11000,-7000,0,0,0,0,0,0,0,0,0,0,0,0,0,-7000
6932,035148,萬海統一0B購03,0,0,0,0,0,0,0,0,0,-8000,0,0,0,0,8000,-8000,-8000
6933,03513B,臺股指凱基0C熊44,0,0,0,0,0,0,0,0,0,-8000,0,0,0,0,8000,-8000,-8000
6934,035627,和鑫國票0B購01,0,0,0,0,0,0,0,0,0,-8000,0,0,0,83000,91000,-8000,-8000
6935,034316,台聚群益0B購02,0,0,0,0,0,0,0,0,0,-8000,0,0,0,0,8000,-8000,-8000
6936,034256,萬海統一0C購04,0,0,0,0,0,0,0,0,0,-8000,0,0,0,12000,20000,-8000,-8000
6937,031598,晶技國票0B購01,0,0,0,0,0,0,0,0,0,-8000,0,0,0,0,8000,-8000,-8000
6938,031580,友達凱基0B購06,0,0,0,0,0,0,0,0,0,-8000,0,0,0,2000,10000,-8000,-8000
6939,032287,順德中信0A購02,0,0,0,0,0,0,0,0,0,-8000,0,0,0,33000,41000,-8000,-8000
6940,032243,台達化元大0B購03,0,0,0,0,0,0,0,0,0,-8000,0,0,0,0,8000,-8000,-8000
6941,031471,百和群益0A購01,0,0,0,0,0,0,0,0,0,-8000,0,0,0,21000,29000,-8000,-8000
6942,032532,奇力新凱基0A購02,0,0,0,0,0,0,0,0,0,-8000,0,0,0,5000,13000,-8000,-8000
6943,031422,廣宇凱基0A購03,0,0,0,0,0,0,0,0,0,-8000,0,0,0,4000,12000,-8000,-8000
6944,030823,南紡中信0A購01,0,0,0,0,0,0,0,0,0,-8000,0,0,0,0,8000,-8000,-8000
6945,030521,威鋒電群益0B購01,0,0,0,0,0,0,0,0,0,-8000,0,0,0,3000,11000,-8000,-8000
6946,031272,欣興統一0B購04,0,0,0,0,0,0,0,0,0,-8000,0,0,0,20000,28000,-8000,-8000
6947,031226,寶成凱基0A購01,0,0,0,0,0,0,0,0,0,-8000,0,0,0,32000,40000,-8000,-8000
6948,030008,長興元富0B購01,0,0,0,0,0,0,0,0,0,-8000,0,0,0,0,8000,-8000,-8000
6949,088613,偉詮電永豐09購01,0,0,0,0,0,0,0,0,0,-8000,0,0,0,0,8000,-8000,-8000
6950,088431,群創日盛0A購02,0,0,0,0,0,0,0,0,0,-8000,0,0,0,53000,61000,-8000,-8000
6951,088328,廣宇元大0B購02,0,0,0,0,0,0,0,0,0,-8000,0,0,0,2000,10000,-8000,-8000
6952,088123,亞德客凱基09購02,0,0,0,0,0,0,0,0,0,-8000,0,0,0,50000,58000,-8000,-8000
6953,088131,群創凱基09購12,0,0,0,0,0,0,0,0,0,-8000,0,0,0,0,8000,-8000,-8000
6954,075532,台積電國票09購02,0,0,0,0,0,0,0,0,0,-8000,0,0,0,2000,10000,-8000,-8000
6955,084241,京元電統一09購03,0,0,0,0,0,0,0,0,0,-8000,0,0,0,186000,194000,-8000,-8000
6956,083011,友達凱基0B購01,0,0,0,0,0,0,0,0,0,-8000,0,0,0,3000,11000,-8000,-8000
6957,081394,鴻海兆豐09購01,0,0,0,0,0,0,0,0,0,-8000,0,0,0,0,8000,-8000,-8000
6958,086546,廣宇元大09購01,0,0,0,0,0,0,0,0,0,-8000,0,0,0,12000,20000,-8000,-8000
6959,085909,健策富邦09購01,0,0,0,0,0,0,0,0,0,-8000,0,0,0,0,8000,-8000,-8000
6960,085488,台達電凱基08購04,0,0,0,0,0,0,0,0,0,-8000,0,0,0,2000,10000,-8000,-8000
6961,087524,大立光凱基11購01,0,0,0,0,0,0,0,0,0,-8000,0,0,0,0,8000,-8000,-8000
6962,086632,宏碁凱基11購01,0,0,0,0,0,0,0,0,0,-8000,0,0,0,0,8000,-8000,-8000
6963,033935,同欣電元大0B購03,0,0,0,0,0,0,0,0,0,-8000,0,0,0,77000,85000,-8000,-8000
6964,033884,聯發科元富12購08,0,0,0,0,0,0,0,0,0,-8000,0,0,0,0,8000,-8000,-8000
6965,033424,嘉澤永豐0B購01,0,0,0,0,0,0,0,0,0,-8000,0,0,0,0,8000,-8000,-8000
6966,036217,大立光國泰12購02,0,0,0,0,0,0,0,0,0,-8000,0,0,0,0,8000,-8000,-8000
6967,036278,大成鋼元大0C購08,0,0,0,0,0,0,0,0,0,-8000,0,0,0,2000,10000,-8000,-8000
6968,034235,聯成統一13購01,0,0,0,0,0,0,0,0,0,-8000,0,0,0,0,8000,-8000,-8000
6969,033971,台積電凱基0B購10,0,0,0,0,0,0,0,0,0,-8000,0,0,0,0,8000,-8000,-8000
6970,036413,京鼎群益11購01,0,0,0,0,0,0,0,0,0,-8000,0,0,0,0,8000,-8000,-8000
6971,036677,欣興國票12購02,0,0,0,0,0,0,0,0,0,-8000,0,0,0,10000,18000,-8000,-8000
6972,036512,嘉晶凱基0C購01,0,0,0,0,0,0,0,0,0,-8000,0,0,0,29000,37000,-8000,-8000
6973,036481,健策元大0C購01,0,0,0,0,0,0,0,0,0,-8000,0,0,0,345000,353000,-8000,-8000
6974,037013,台光電康和0C購01,0,0,0,0,0,0,0,0,0,-8000,0,0,0,2000,10000,-8000,-8000
6975,036703,T50反1群益12購01,0,0,0,0,0,0,0,0,0,-8000,0,0,0,0,8000,-8000,-8000
6976,037873,裕民麥證0C購03,0,0,0,35000,43000,-8000,0,0,0,-8000,0,0,0,35000,43000,-8000,-8000
6977,06946P,SGBR2X群益0A售01,0,0,0,0,0,0,0,0,0,-8000,0,0,0,0,8000,-8000,-8000
6978,070961,國巨凱基09購01,0,0,0,0,0,0,0,0,0,-8000,0,0,0,0,8000,-8000,-8000
6979,07189P,長榮元大0B售21,2000,0,2000,0,0,0,0,0,0,-10000,0,0,0,0,10000,-10000,-8000
6980,040323,京元電國票11購01,0,0,0,0,0,0,0,0,0,-8000,0,0,0,0,8000,-8000,-8000
6981,040420,台積電凱基12購06,0,0,0,0,0,0,0,0,0,-8000,0,0,0,0,8000,-8000,-8000
6982,040377,中纖元大13購01,0,0,0,0,0,0,0,0,0,-8000,0,0,0,0,8000,-8000,-8000
6983,040519,晶心科元富12購01,0,0,0,0,0,0,0,0,0,-8000,0,0,0,10000,18000,-8000,-8000
6984,040687,聯詠元富12購02,0,0,0,0,0,0,0,0,0,-8000,0,0,0,0,8000,-8000,-8000
6985,06632P,仁寶元富09售03,0,0,0,0,0,0,0,0,0,-8000,0,0,0,0,8000,-8000,-8000
6986,039515,矽格群益12購02,0,0,0,0,0,0,0,0,0,-8000,0,0,0,4000,12000,-8000,-8000
6987,040166,健鼎元大11購01,0,0,0,0,0,0,0,0,0,-8000,0,0,0,0,8000,-8000,-8000
6988,038335,聯鈞凱基14購01,0,0,0,0,0,0,0,0,0,-8000,0,0,0,143000,151000,-8000,-8000
6989,038043,華通群益12購01,0,0,0,0,0,0,0,0,0,-8000,0,0,0,0,8000,-8000,-8000
6990,038115,台光電凱基11購01,0,0,0,0,0,0,0,0,0,-8000,0,0,0,2000,10000,-8000,-8000
6991,039347,菱生國票13購01,0,0,0,0,0,0,0,0,0,-8000,0,0,0,4000,12000,-8000,-8000
6992,039045,金像電群益11購02,0,0,0,0,0,0,0,0,0,-8000,0,0,0,1000,9000,-8000,-8000
6993,039025,中石化凱基11購04,0,0,0,0,0,0,0,0,0,-8000,0,0,0,42000,50000,-8000,-8000
6994,039008,金像電永豐11購01,0,0,0,0,0,0,0,0,0,-8000,0,0,0,0,8000,-8000,-8000
6995,9917,中保科,155000,164000,-9000,0,0,0,1000,0,1000,0,0,0,0,0,0,0,-8000
6996,1626,艾美特-KY,0,8000,-8000,0,0,0,0,0,0,0,0,0,0,0,0,0,-8000
6997,2547,日勝生,66000,44000,22000,0,0,0,0,0,0,-30000,0,0,0,0,30000,-30000,-8000
6998,2459,敦吉,10000,19000,-9000,0,0,0,0,0,0,551,1000,449,551,0,0,0,-8449
6999,6285,啟碁,575000,578000,-3000,0,0,0,0,12000,-12000,6433,2000,14567,-12567,21000,2000,19000,-8567
7000,2495,普安,231000,240000,-9000,0,0,0,0,0,0,159,1000,841,159,0,0,0,-8841
7001,00736,國泰新興市場,0,22000,-22000,0,0,0,0,0,0,13000,0,0,0,105000,92000,13000,-9000
7002,030183,友達兆豐0B購02,0,0,0,0,0,0,0,0,0,-9000,0,0,0,0,9000,-9000,-9000
7003,030191,佳格凱基0A購01,0,0,0,0,0,0,0,0,0,-9000,0,0,0,0,9000,-9000,-9000
7004,031188,祥碩永豐0A購01,0,0,0,0,0,0,0,0,0,-9000,0,0,0,1000,10000,-9000,-9000
7005,030576,宏達電富邦0A購01,0,0,0,0,0,0,0,0,0,-9000,0,0,0,14000,23000,-9000,-9000
7006,030980,全新元大0A購04,0,0,0,0,0,0,0,0,0,-9000,0,0,0,75000,84000,-9000,-9000
7007,030691,彩晶兆豐0A購02,0,0,0,0,0,0,0,0,0,-9000,0,0,0,0,9000,-9000,-9000
7008,032781,長榮元大0A購26,0,0,0,0,0,0,0,0,0,-9000,0,0,0,1000,10000,-9000,-9000
7009,086906,友達凱基09購09,0,0,0,0,0,0,0,0,0,-9000,0,0,0,0,9000,-9000,-9000
7010,087218,信邦凱基09購01,0,0,0,0,0,0,0,0,0,-9000,0,0,0,0,9000,-9000,-9000
7011,085030,祥碩統一0B購01,0,0,0,0,0,0,0,0,0,-9000,0,0,0,0,9000,-9000,-9000
7012,086493,友達元富09購06,0,0,0,0,0,0,0,0,0,-9000,0,0,0,27000,36000,-9000,-9000
7013,082158,廣宇國泰09購01,0,0,0,0,0,0,0,0,0,-9000,0,0,0,0,9000,-9000,-9000
7014,082560,台積電統一0B購01,0,0,0,0,0,0,0,0,0,-9000,0,0,0,1000,10000,-9000,-9000
7015,07653P,國泰金元大12售01,0,0,0,0,0,0,0,0,0,-9000,0,0,0,5000,14000,-9000,-9000
7016,080894,百和中信0B購01,0,0,0,0,0,0,0,0,0,-9000,0,0,0,20000,29000,-9000,-9000
7017,081020,長榮統一09購01,0,0,0,0,0,0,0,0,0,-9000,0,0,0,1000,10000,-9000,-9000
7018,078509,華邦電群益09購01,0,0,0,0,0,0,0,0,0,-9000,0,0,0,1000,10000,-9000,-9000
7019,037816,臺股指元大13購08,0,0,0,0,0,0,0,0,0,-9000,0,0,0,5000,14000,-9000,-9000
7020,036766,南茂國票11購01,0,0,0,0,0,0,0,0,0,-9000,0,0,0,1000,10000,-9000,-9000
7021,037085,國巨凱基11購02,0,0,0,0,0,0,0,0,0,-9000,0,0,0,89000,98000,-9000,-9000
7022,037419,第一銅國票0C購01,0,0,0,0,0,0,0,0,0,-9000,0,0,0,13000,22000,-9000,-9000
7023,036563,欣興元大11購03,0,0,0,0,0,0,0,0,0,-9000,0,0,0,44000,53000,-9000,-9000
7024,036627,中鋼凱基11購05,0,0,0,0,0,0,0,0,0,-9000,0,0,0,39000,48000,-9000,-9000
7025,036293,聯發科元大0C購13,0,0,0,0,0,0,0,0,0,-9000,0,0,0,8000,17000,-9000,-9000
7026,035350,台玻國泰11購01,0,0,0,0,0,0,0,0,0,-9000,0,0,0,25000,34000,-9000,-9000
7027,036126,矽創群益0C購02,0,0,0,0,0,0,0,0,0,-9000,0,0,0,119000,128000,-9000,-9000
7028,036146,大成鋼元大0C購06,0,0,0,0,0,0,0,0,0,-9000,0,0,0,7000,16000,-9000,-9000
7029,036230,超豐永豐0C購01,0,0,0,0,0,0,0,0,0,-9000,0,0,0,336000,345000,-9000,-9000
7030,035202,貿聯元富0B購02,0,0,0,0,0,0,0,0,0,-9000,0,0,0,43000,52000,-9000,-9000
7031,034362,開發金麥證11購01,0,0,0,166000,158000,8000,0,0,0,-9000,0,0,0,166000,175000,-9000,-9000
7032,038749,乙盛元富11購01,0,0,0,0,0,0,0,0,0,-9000,0,0,0,6000,15000,-9000,-9000
7033,039193,聯發科元大14購02,0,0,0,0,0,0,0,0,0,-9000,0,0,0,17000,26000,-9000,-9000
7034,039100,宏碁麥證12購01,0,0,0,0,9000,-9000,0,0,0,-9000,0,0,0,0,9000,-9000,-9000
7035,040615,申豐國票13購01,0,0,0,0,0,0,0,0,0,-9000,0,0,0,0,9000,-9000,-9000
7036,06898P,中石化元大0A售06,0,0,0,0,0,0,0,0,0,-9000,0,0,0,0,9000,-9000,-9000
7037,073090,亞光中信08購01,0,0,0,0,0,0,0,0,0,-9000,0,0,0,10000,19000,-9000,-9000
7038,2705,六福,7000,16000,-9000,0,0,0,0,0,0,0,0,0,0,0,0,0,-9000
7039,1721,三晃,1000,10000,-9000,0,0,0,0,0,0,0,0,0,0,0,0,0,-9000
7040,2239,英利-KY,1000,10000,-9000,0,0,0,0,0,0,0,0,0,0,0,0,0,-9000
7041,089093,友達統一11購02,0,0,0,0,0,0,0,0,0,-9000,0,0,0,1000,10000,-9000,-9000
7042,089460,群創統一0B購07,0,0,0,0,0,0,0,0,0,-9000,0,0,0,1000,10000,-9000,-9000
7043,089225,南電群益0B購01,0,0,0,0,0,0,0,0,0,-9000,0,0,0,122000,131000,-9000,-9000
7044,089776,友達凱基0B購04,0,0,0,0,0,0,0,0,0,-9000,0,0,0,0,9000,-9000,-9000
7045,089882,同欣電康和0A購01,0,0,0,0,0,0,0,0,0,-9000,0,0,0,30000,39000,-9000,-9000
7046,6605,帝寶,32000,41000,-9000,0,0,0,0,0,0,0,0,0,0,0,0,0,-9000
7047,2488,漢平,1000,9000,-8000,0,0,0,0,0,0,-1006,3000,0,3000,2,4008,-4006,-9006
7048,3532,台勝科,183000,245000,-62000,0,0,0,55000,0,55000,-2989,3011,2000,1011,0,4000,-4000,-9989
7049,032787,長榮航元大0A購04,0,0,0,0,0,0,0,0,0,-10000,0,0,0,0,10000,-10000,-10000
7050,032743,富邦金凱基0A購03,0,0,0,0,0,0,0,0,0,-10000,0,0,0,11000,21000,-10000,-10000
7051,032753,台積電日盛13購02,0,0,0,0,0,0,0,0,0,-10000,0,0,0,0,10000,-10000,-10000
7052,032758,國泰金台新0A購01,0,0,0,0,0,0,0,0,0,-10000,0,0,0,0,10000,-10000,-10000
7053,032280,正文富邦0A購01,0,0,0,0,0,0,0,0,0,-10000,0,0,0,0,10000,-10000,-10000
7054,032278,長榮富邦13購01,0,0,0,0,0,0,0,0,0,-10000,0,0,0,0,10000,-10000,-10000
7055,031498,台積電元大0A購11,0,0,0,0,0,0,0,0,0,-10000,0,0,0,0,10000,-10000,-10000
7056,032459,世紀鋼元大0C購03,0,0,0,0,0,0,0,0,0,-10000,0,0,0,0,10000,-10000,-10000
7057,032568,群創群益11購03,0,0,0,0,0,0,0,0,0,-10000,0,0,0,0,10000,-10000,-10000
7058,032702,長榮航兆豐0A購03,0,0,0,0,0,0,0,0,0,-10000,0,0,0,0,10000,-10000,-10000
7059,032722,裕民元富11購01,0,0,0,0,0,0,0,0,0,-10000,0,0,0,0,10000,-10000,-10000
7060,032678,長榮中信11購03,0,0,0,0,0,0,0,0,0,-10000,0,0,0,0,10000,-10000,-10000
7061,032611,群創元大12購05,0,0,0,0,0,0,0,0,0,-10000,0,0,0,0,10000,-10000,-10000
7062,032321,中鋼元富0A購04,0,0,0,0,0,0,0,0,0,-10000,0,0,0,0,10000,-10000,-10000
7063,032309,強茂永豐0A購02,0,0,0,0,0,0,0,0,0,-10000,0,0,0,2000,12000,-10000,-10000
7064,033003,長榮航元富0B購01,0,0,0,0,0,0,0,0,0,-10000,0,0,0,0,10000,-10000,-10000
7065,033014,漢唐麥證0A購01,0,0,0,0,10000,-10000,0,0,0,-10000,0,0,0,0,10000,-10000,-10000
7066,034327,新光鋼群益0B購06,0,0,0,0,0,0,0,0,0,-10000,0,0,0,3000,13000,-10000,-10000
7067,034334,聯發科群益0B購10,0,0,0,0,0,0,0,0,0,-10000,0,0,0,0,10000,-10000,-10000
7068,033501,智原統一11購01,0,0,0,0,0,0,0,0,0,-10000,0,0,0,0,10000,-10000,-10000
7069,033488,鴻海統一12購01,0,0,0,0,0,0,0,0,0,-10000,0,0,0,0,10000,-10000,-10000
7070,033466,元金2X凱基12購01,0,0,0,0,0,0,0,0,0,-10000,0,0,0,0,10000,-10000,-10000
7071,033468,中纖凱基0B購01,0,0,0,0,0,0,0,0,0,-10000,0,0,0,0,10000,-10000,-10000
7072,031391,彩晶統一0C購04,0,0,0,0,0,0,0,0,0,-10000,0,0,0,0,10000,-10000,-10000
7073,032152,台航凱基0A購02,0,0,0,0,0,0,0,0,0,-10000,0,0,0,10000,20000,-10000,-10000
7074,031909,宏碁永豐0A購01,0,0,0,0,0,0,0,0,0,-10000,0,0,0,0,10000,-10000,-10000
7075,031910,華碩永豐0A購01,0,0,0,0,0,0,0,0,0,-10000,0,0,0,0,10000,-10000,-10000
7076,031902,中鋼永豐0A購04,0,0,0,0,0,0,0,0,0,-10000,0,0,0,10000,20000,-10000,-10000
7077,031886,裕民凱基0C購01,0,0,0,0,0,0,0,0,0,-10000,0,0,0,10000,20000,-10000,-10000
7078,031868,東鋼凱基12購01,0,0,0,0,0,0,0,0,0,-10000,0,0,0,0,10000,-10000,-10000
7079,031751,玉晶光凱基14購01,0,0,0,0,0,0,0,0,0,-10000,0,0,0,50000,60000,-10000,-10000
7080,031832,聯發科富邦14購01,0,0,0,0,0,0,0,0,0,-10000,0,0,0,0,10000,-10000,-10000
7081,031860,台泥凱基11購01,0,0,0,0,0,0,0,0,0,-10000,0,0,0,5000,15000,-10000,-10000
7082,032111,台表科永豐0A購01,0,0,0,0,0,0,0,0,0,-10000,0,0,0,0,10000,-10000,-10000
7083,032104,長榮永豐0A購09,0,0,0,0,0,0,0,0,0,-10000,0,0,0,0,10000,-10000,-10000
7084,032119,華夏凱基0A購01,0,0,0,0,0,0,0,0,0,-10000,0,0,0,40000,50000,-10000,-10000
7085,032125,宏泰凱基0A購02,0,0,0,0,0,0,0,0,0,-10000,0,0,0,0,10000,-10000,-10000
7086,032077,華新兆豐0A購02,0,0,0,0,0,0,0,0,0,-10000,0,0,0,0,10000,-10000,-10000
7087,033248,長榮元大0B購08,0,0,0,0,0,0,0,0,0,-10000,0,0,0,0,10000,-10000,-10000
7088,032397,群創統一11購04,0,0,0,0,0,0,0,0,0,-10000,0,0,0,0,10000,-10000,-10000
7089,032408,遠東新元大0C購01,0,0,0,0,0,0,0,0,0,-10000,0,0,0,70000,80000,-10000,-10000
7090,030683,友訊兆豐0A購01,0,0,0,0,0,0,0,0,0,-10000,0,0,0,0,10000,-10000,-10000
7091,030656,南帝永豐0A購02,0,0,0,0,0,0,0,0,0,-10000,0,0,0,0,10000,-10000,-10000
7092,032035,亞聚國票0B購01,0,0,0,0,0,0,0,0,0,-10000,0,0,0,0,10000,-10000,-10000
7093,032003,聯詠群益0C購01,0,0,0,0,0,0,0,0,0,-10000,0,0,0,10000,20000,-10000,-10000
7094,031175,大亞永豐0A購01,0,0,0,0,0,0,0,0,0,-10000,0,0,0,0,10000,-10000,-10000
7095,033043,亞光兆豐0A購01,0,0,0,0,0,0,0,0,0,-10000,0,0,0,0,10000,-10000,-10000
7096,031030,美律凱基0A購02,0,0,0,0,0,0,0,0,0,-10000,0,0,0,0,10000,-10000,-10000
7097,031117,南茂群益0A購01,0,0,0,0,0,0,0,0,0,-10000,0,0,0,0,10000,-10000,-10000
7098,031086,上証2X群益0A購01,0,0,0,0,0,0,0,0,0,-10000,0,0,0,0,10000,-10000,-10000
7099,030848,晶技兆豐0B購02,0,0,0,0,0,0,0,0,0,-10000,0,0,0,0,10000,-10000,-10000
7100,030905,台積電凱基14購02,0,0,0,0,0,0,0,0,0,-10000,0,0,0,0,10000,-10000,-10000
7101,030609,南亞科元大0C購01,0,0,0,0,0,0,0,0,0,-10000,0,0,0,0,10000,-10000,-10000
7102,030547,元翎凱基0A購01,0,0,0,0,0,0,0,0,0,-10000,0,0,0,0,10000,-10000,-10000
7103,030554,中鴻統一0C購01,0,0,0,0,0,0,0,0,0,-10000,0,0,0,7000,17000,-10000,-10000
7104,030466,聯德中信0A購01,0,0,0,0,0,0,0,0,0,-10000,0,0,0,0,10000,-10000,-10000
7105,031325,台積電元大0A購10,0,0,0,0,0,0,0,0,0,-10000,0,0,0,0,10000,-10000,-10000
7106,031297,彩晶康和0A購01,0,0,0,0,0,0,0,0,0,-10000,0,0,0,0,10000,-10000,-10000
7107,030534,國巨凱基0A購03,0,0,0,0,0,0,0,0,0,-10000,0,0,0,0,10000,-10000,-10000
7108,031211,華邦電凱基0B購02,0,0,0,0,0,0,0,0,0,-10000,0,0,0,10000,20000,-10000,-10000
7109,031231,台聚群益0A購01,0,0,0,0,0,0,0,0,0,-10000,0,0,0,0,10000,-10000,-10000
7110,031274,群創統一0C購07,0,0,0,0,0,0,0,0,0,-10000,0,0,0,10000,20000,-10000,-10000
7111,031262,彩晶群益0A購02,0,0,0,0,0,0,0,0,0,-10000,0,0,0,0,10000,-10000,-10000
7112,030386,直得元大0A購01,0,0,0,0,0,0,0,0,0,-10000,0,0,0,0,10000,-10000,-10000
7113,030131,盟立凱基0A購01,0,0,0,0,0,0,0,0,0,-10000,0,0,0,0,10000,-10000,-10000
7114,030064,元金2X群益11購01,0,0,0,0,0,0,0,0,0,-10000,0,0,0,20000,30000,-10000,-10000
7115,030085,美德醫群益0B購01,0,0,0,0,0,0,0,0,0,-10000,0,0,0,0,10000,-10000,-10000
7116,030087,恆大永豐0A購01,0,0,0,0,0,0,0,0,0,-10000,0,0,0,0,10000,-10000,-10000
7117,030106,聯詠永豐0A購01,0,0,0,0,0,0,0,0,0,-10000,0,0,0,0,10000,-10000,-10000
7118,030123,台揚凱基12購01,0,0,0,0,0,0,0,0,0,-10000,0,0,0,0,10000,-10000,-10000
7119,030093,為升永豐0A購01,0,0,0,0,0,0,0,0,0,-10000,0,0,0,0,10000,-10000,-10000
7120,0061,元大寶滬深,20000,42000,-22000,0,0,0,0,0,0,12000,0,0,0,35000,23000,12000,-10000
7121,035648,南六群益0B購01,0,0,0,0,0,0,0,0,0,-10000,0,0,0,0,10000,-10000,-10000
7122,035566,中石化元富12購03,0,0,0,0,0,0,0,0,0,-10000,0,0,0,50000,60000,-10000,-10000
7123,035830,威致元大12購01,0,0,0,0,0,0,0,0,0,-10000,0,0,0,0,10000,-10000,-10000
7124,035096,萬海凱基11購03,0,0,0,0,0,0,0,0,0,-10000,0,0,0,74000,84000,-10000,-10000
7125,035680,惠特永豐0B購01,0,0,0,0,0,0,0,0,0,-10000,0,0,0,101000,111000,-10000,-10000
7126,035703,中鋼元大0B購14,0,0,0,0,0,0,0,0,0,-10000,0,0,0,0,10000,-10000,-10000
7127,035745,愛普國票0C購01,0,0,0,0,0,0,0,0,0,-10000,0,0,0,0,10000,-10000,-10000
7128,078508,華邦電群益08購01,0,0,0,0,0,0,0,0,0,-10000,0,0,0,0,10000,-10000,-10000
7129,078962,T50反1兆豐0C購01,0,0,0,0,0,0,0,0,0,-10000,0,0,0,0,10000,-10000,-10000
7130,079811,群創凱基09購04,0,0,0,0,0,0,0,0,0,-10000,0,0,0,0,10000,-10000,-10000
7131,079260,群創元大0A購01,0,0,0,0,0,0,0,0,0,-10000,0,0,0,0,10000,-10000,-10000
7132,078036,群創凱基09購02,0,0,0,0,0,0,0,0,0,-10000,0,0,0,0,10000,-10000,-10000
7133,080452,南港凱基09購01,0,0,0,0,0,0,0,0,0,-10000,0,0,0,0,10000,-10000,-10000
7134,080381,大成元大09購01,0,0,0,0,0,0,0,0,0,-10000,0,0,0,0,10000,-10000,-10000
7135,080225,東鋼元大08購01,0,0,0,0,0,0,0,0,0,-10000,0,0,0,409000,419000,-10000,-10000
7136,080060,華新元大08購02,0,0,0,0,0,0,0,0,0,-10000,0,0,0,10000,20000,-10000,-10000
7137,07577P,臺股指群益11售14,0,0,0,0,0,0,0,0,0,-10000,0,0,0,10000,20000,-10000,-10000
7138,073766,智易中信08購01,0,0,0,0,0,0,0,0,0,-10000,0,0,0,0,10000,-10000,-10000
7139,07433P,裕民元富13售16,0,0,0,0,0,0,0,0,0,-10000,0,0,0,0,10000,-10000,-10000
7140,07495P,臺指2X凱基13售01,0,0,0,0,0,0,0,0,0,-10000,0,0,0,0,10000,-10000,-10000
7141,07469P,T50正2群益11售02,0,0,0,0,0,0,0,0,0,-10000,0,0,0,15000,25000,-10000,-10000
7142,082562,瑞昱統一09購03,0,0,0,0,0,0,0,0,0,-10000,0,0,0,93000,103000,-10000,-10000
7143,082674,聯發科日盛08購02,0,0,0,0,0,0,0,0,0,-10000,0,0,0,0,10000,-10000,-10000
7144,082433,國巨國泰09購03,0,0,0,0,0,0,0,0,0,-10000,0,0,0,0,10000,-10000,-10000
7145,082344,乙盛元富08購01,0,0,0,0,0,0,0,0,0,-10000,0,0,0,0,10000,-10000,-10000
7146,082927,金像電統一09購01,0,0,0,0,0,0,0,0,0,-10000,0,0,0,0,10000,-10000,-10000
7147,082978,凌陽元大08購02,0,0,0,0,0,0,0,0,0,-10000,0,0,0,0,10000,-10000,-10000
7148,082946,鴻海元富0A購05,0,0,0,0,0,0,0,0,0,-10000,0,0,0,0,10000,-10000,-10000
7149,083023,彩晶凱基0B購01,0,0,0,0,0,0,0,0,0,-10000,0,0,0,0,10000,-10000,-10000
7150,082874,京元電兆豐08購01,0,0,0,0,0,0,0,0,0,-10000,0,0,0,0,10000,-10000,-10000
7151,082713,健策凱基09購01,0,0,0,0,0,0,0,0,0,-10000,0,0,0,0,10000,-10000,-10000
7152,082140,貿聯統一09購02,0,0,0,0,0,0,0,0,0,-10000,0,0,0,0,10000,-10000,-10000
7153,081899,道瓊銅凱基0A購01,0,0,0,0,0,0,0,0,0,-10000,0,0,0,20000,30000,-10000,-10000
7154,081344,康那香群益0A購01,0,0,0,0,0,0,0,0,0,-10000,0,0,0,0,10000,-10000,-10000
7155,081356,順德凱基09購01,0,0,0,0,0,0,0,0,0,-10000,0,0,0,0,10000,-10000,-10000
7156,081156,力成凱基08購01,0,0,0,0,0,0,0,0,0,-10000,0,0,0,0,10000,-10000,-10000
7157,081287,創意統一09購02,0,0,0,0,0,0,0,0,0,-10000,0,0,0,0,10000,-10000,-10000
7158,081647,鴻海兆豐09購03,0,0,0,0,0,0,0,0,0,-10000,0,0,0,31000,41000,-10000,-10000
7159,084238,凱美統一09購01,0,0,0,0,0,0,0,0,0,-10000,0,0,0,0,10000,-10000,-10000
7160,084266,宏碁國票08購02,0,0,0,0,0,0,0,0,0,-10000,0,0,0,0,10000,-10000,-10000
7161,084399,鴻海國票12購01,0,0,0,0,0,0,0,0,0,-10000,0,0,0,0,10000,-10000,-10000
7162,084410,台郡國票09購01,0,0,0,0,0,0,0,0,0,-10000,0,0,0,50000,60000,-10000,-10000
7163,084301,鴻海日盛0C購01,0,0,0,0,0,0,0,0,0,-10000,0,0,0,0,10000,-10000,-10000
7164,083953,瑞昱凱基08購03,0,0,0,0,0,0,0,0,0,-10000,0,0,0,10000,20000,-10000,-10000
7165,084802,華邦電群益09購02,0,0,0,0,0,0,0,0,0,-10000,0,0,0,0,10000,-10000,-10000
7166,084842,聯發科元富0B購03,0,0,0,0,0,0,0,0,0,-10000,0,0,0,0,10000,-10000,-10000
7167,084728,鴻海元大0B購03,0,0,0,0,0,0,0,0,0,-10000,0,0,0,0,10000,-10000,-10000
7168,084540,京元電統一09購05,0,0,0,0,0,0,0,0,0,-10000,0,0,0,0,10000,-10000,-10000
7169,084417,旺宏中信08購02,0,0,0,0,0,0,0,0,0,-10000,0,0,0,0,10000,-10000,-10000
7170,084598,祥碩日盛09購01,0,0,0,0,0,0,0,0,0,-10000,0,0,0,50000,60000,-10000,-10000
7171,084582,義隆國泰09購01,0,0,0,0,0,0,0,0,0,-10000,0,0,0,0,10000,-10000,-10000
7172,083851,大立光群益08購03,0,0,0,0,0,0,0,0,0,-10000,0,0,0,0,10000,-10000,-10000
7173,083784,聯發科中信0A購04,0,0,0,0,0,0,0,0,0,-10000,0,0,0,10000,20000,-10000,-10000
7174,083199,鴻海統一11購01,0,0,0,0,0,0,0,0,0,-10000,0,0,0,0,10000,-10000,-10000
7175,083566,華邦電群益08購03,0,0,0,0,0,0,0,0,0,-10000,0,0,0,0,10000,-10000,-10000
7176,086423,華碩富邦0A購01,0,0,0,0,0,0,0,0,0,-10000,0,0,0,0,10000,-10000,-10000
7177,086471,新日興兆豐0A購01,0,0,0,0,0,0,0,0,0,-10000,0,0,0,0,10000,-10000,-10000
7178,086435,SGBR2X中信0C購01,0,0,0,0,0,0,0,0,0,-10000,0,0,0,0,10000,-10000,-10000
7179,086437,友達中信0A購03,0,0,0,0,0,0,0,0,0,-10000,0,0,0,366000,376000,-10000,-10000
7180,086332,廣宇元大0B購01,0,0,0,0,0,0,0,0,0,-10000,0,0,0,145000,155000,-10000,-10000
7181,085962,義隆凱基08購05,0,0,0,0,0,0,0,0,0,-10000,0,0,0,0,10000,-10000,-10000
7182,085790,華新科元大0C購01,0,0,0,0,0,0,0,0,0,-10000,0,0,0,0,10000,-10000,-10000
7183,085847,台積電統一12購01,0,0,0,0,0,0,0,0,0,-10000,0,0,0,0,10000,-10000,-10000
7184,086052,鴻海統一0C購04,0,0,0,0,0,0,0,0,0,-10000,0,0,0,0,10000,-10000,-10000
7185,085031,訊芯統一0A購01,0,0,0,0,0,0,0,0,0,-10000,0,0,0,0,10000,-10000,-10000
7186,084976,群創凱基09購08,0,0,0,0,0,0,0,0,0,-10000,0,0,0,0,10000,-10000,-10000
7187,085064,京元電群益08購02,0,0,0,0,0,0,0,0,0,-10000,0,0,0,0,10000,-10000,-10000
7188,085072,鴻海永豐08購04,0,0,0,0,0,0,0,0,0,-10000,0,0,0,0,10000,-10000,-10000
7189,085127,旺宏統一0A購01,0,0,0,0,0,0,0,0,0,-10000,0,0,0,0,10000,-10000,-10000
7190,085297,臺股指凱基08購15,0,0,0,0,0,0,0,0,0,-10000,0,0,0,0,10000,-10000,-10000
7191,085266,鴻海統一09購19,0,0,0,0,0,0,0,0,0,-10000,0,0,0,0,10000,-10000,-10000
7192,085268,宏碁統一0A購06,0,0,0,0,0,0,0,0,0,-10000,0,0,0,10000,20000,-10000,-10000
7193,085375,聯詠群益08購02,0,0,0,0,0,0,0,0,0,-10000,0,0,0,0,10000,-10000,-10000
7194,085358,玉晶光永豐08購03,0,0,0,0,0,0,0,0,0,-10000,0,0,0,0,10000,-10000,-10000
7195,085329,冠德群益09購01,0,0,0,0,0,0,0,0,0,-10000,0,0,0,17000,27000,-10000,-10000
7196,085331,華擎群益08購01,0,0,0,0,0,0,0,0,0,-10000,0,0,0,0,10000,-10000,-10000
7197,085190,台灣50群益09購06,0,0,0,0,0,0,0,0,0,-10000,0,0,0,0,10000,-10000,-10000
7198,085483,台塑凱基08購01,0,0,0,0,0,0,0,0,0,-10000,0,0,0,0,10000,-10000,-10000
7199,085485,台橡凱基08購01,0,0,0,0,0,0,0,0,0,-10000,0,0,0,0,10000,-10000,-10000
7200,085413,聯詠元大09購01,0,0,0,0,0,0,0,0,0,-10000,0,0,0,0,10000,-10000,-10000
7201,085572,華碩兆豐08購01,0,0,0,0,0,0,0,0,0,-10000,0,0,0,0,10000,-10000,-10000
7202,085559,聯詠群益09購02,0,0,0,0,0,0,0,0,0,-10000,0,0,0,0,10000,-10000,-10000
7203,085642,聚鼎凱基08購01,0,0,0,0,0,0,0,0,0,-10000,0,0,0,0,10000,-10000,-10000
7204,085715,上証反中信0A購01,0,0,0,0,0,0,0,0,0,-10000,0,0,0,0,10000,-10000,-10000
7205,085739,創意兆豐09購01,0,0,0,0,0,0,0,0,0,-10000,0,0,0,0,10000,-10000,-10000
7206,085783,國巨元大0C購02,0,0,0,0,0,0,0,0,0,-10000,0,0,0,10000,20000,-10000,-10000
7207,087244,群創兆豐09購02,0,0,0,0,0,0,0,0,0,-10000,0,0,0,20000,30000,-10000,-10000
7208,087134,聯電國票0A購01,0,0,0,0,0,0,0,0,0,-10000,0,0,0,0,10000,-10000,-10000
7209,087020,群創永豐09購03,0,0,0,0,0,0,0,0,0,-10000,0,0,0,0,10000,-10000,-10000
7210,087023,世紀鋼永豐09購01,0,0,0,0,0,0,0,0,0,-10000,0,0,0,0,10000,-10000,-10000
7211,086953,超眾元大0A購01,0,0,0,0,0,0,0,0,0,-10000,0,0,0,0,10000,-10000,-10000
7212,086949,牧德元大09購02,0,0,0,0,0,0,0,0,0,-10000,0,0,0,0,10000,-10000,-10000
7213,086989,TPK元富09購01,0,0,0,0,0,0,0,0,0,-10000,0,0,0,150000,160000,-10000,-10000
7214,086907,聯發科凱基13購01,0,0,0,0,0,0,0,0,0,-10000,0,0,0,0,10000,-10000,-10000
7215,086885,聯電麥證0C購03,0,0,0,0,10000,-10000,0,0,0,-10000,0,0,0,0,10000,-10000,-10000
7216,086768,佳世達凱基0C購01,0,0,0,0,0,0,0,0,0,-10000,0,0,0,0,10000,-10000,-10000
7217,086604,聯發科中信09購03,0,0,0,0,0,0,0,0,0,-10000,0,0,0,0,10000,-10000,-10000
7218,086721,日月光元大0B購01,0,0,0,0,0,0,0,0,0,-10000,0,0,0,0,10000,-10000,-10000
7219,086711,聯發科元大0A購03,0,0,0,0,0,0,0,0,0,-10000,0,0,0,0,10000,-10000,-10000
7220,086696,聯詠元富0B購01,0,0,0,0,0,0,0,0,0,-10000,0,0,0,10000,20000,-10000,-10000
7221,086672,華夏統一0B購01,0,0,0,0,0,0,0,0,0,-10000,0,0,0,10000,20000,-10000,-10000
7222,087494,富邦金群益0B購02,0,0,0,0,0,0,0,0,0,-10000,0,0,0,0,10000,-10000,-10000
7223,087475,GIS中信0A購01,0,0,0,0,0,0,0,0,0,-10000,0,0,0,0,10000,-10000,-10000
7224,087629,華新凱基09購01,0,0,0,0,0,0,0,0,0,-10000,0,0,0,5000,15000,-10000,-10000
7225,087594,世紀鋼元大0C購01,0,0,0,0,0,0,0,0,0,-10000,0,0,0,0,10000,-10000,-10000
7226,087409,世紀鋼元大0B購01,0,0,0,0,0,0,0,0,0,-10000,0,0,0,0,10000,-10000,-10000
7227,087319,鴻海永豐09購05,0,0,0,0,0,0,0,0,0,-10000,0,0,0,10000,20000,-10000,-10000
7228,087363,華碩兆豐09購01,0,0,0,0,0,0,0,0,0,-10000,0,0,0,0,10000,-10000,-10000
7229,087673,力山元大09購03,0,0,0,0,0,0,0,0,0,-10000,0,0,0,0,10000,-10000,-10000
7230,087817,台聚凱基0A購01,0,0,0,0,0,0,0,0,0,-10000,0,0,0,0,10000,-10000,-10000
7231,088091,中信金元富09購01,0,0,0,0,0,0,0,0,0,-10000,0,0,0,0,10000,-10000,-10000
7232,088027,達邁永豐09購01,0,0,0,0,0,0,0,0,0,-10000,0,0,0,0,10000,-10000,-10000
7233,088206,儒鴻統一0B購01,0,0,0,0,0,0,0,0,0,-10000,0,0,0,0,10000,-10000,-10000
7234,088250,南茂國票0A購02,0,0,0,0,0,0,0,0,0,-10000,0,0,0,0,10000,-10000,-10000
7235,088288,廣宇日盛0A購01,0,0,0,0,0,0,0,0,0,-10000,0,0,0,410000,420000,-10000,-10000
7236,088324,裕隆元大09購01,0,0,0,0,0,0,0,0,0,-10000,0,0,0,0,10000,-10000,-10000
7237,088311,乙盛凱基0A購02,0,0,0,0,0,0,0,0,0,-10000,0,0,0,0,10000,-10000,-10000
7238,088416,台積電群益0C購02,0,0,0,0,0,0,0,0,0,-10000,0,0,0,20000,30000,-10000,-10000
7239,088614,聯發科永豐09購05,0,0,0,0,0,0,0,0,0,-10000,0,0,0,0,10000,-10000,-10000
7240,088601,聯詠台新09購01,0,0,0,0,0,0,0,0,0,-10000,0,0,0,0,10000,-10000,-10000
7241,088560,鴻海凱基11購02,0,0,0,0,0,0,0,0,0,-10000,0,0,0,0,10000,-10000,-10000
7242,088473,聯詠元富0C購01,0,0,0,0,0,0,0,0,0,-10000,0,0,0,0,10000,-10000,-10000
7243,088743,聯詠永豐09購03,0,0,0,0,0,0,0,0,0,-10000,0,0,0,0,10000,-10000,-10000
7244,088766,精英兆豐0A購01,0,0,0,0,0,0,0,0,0,-10000,0,0,0,0,10000,-10000,-10000
7245,034350,華新科元富0C購01,0,0,0,0,0,0,0,0,0,-10000,0,0,0,32000,42000,-10000,-10000
7246,035764,茂林元富0B購01,0,0,0,0,0,0,0,0,0,-10000,0,0,0,0,10000,-10000,-10000
7247,035194,聯發科元富0C購05,0,0,0,0,0,0,0,0,0,-10000,0,0,0,0,10000,-10000,-10000
7248,035161,鴻海國票11購03,0,0,0,0,0,0,0,0,0,-10000,0,0,0,0,10000,-10000,-10000
7249,035185,國巨元富12購09,0,0,0,0,0,0,0,0,0,-10000,0,0,0,0,10000,-10000,-10000
7250,036239,亞聚凱基0C購01,0,0,0,0,0,0,0,0,0,-10000,0,0,0,0,10000,-10000,-10000
7251,034636,玉晶光元大0C購04,0,0,0,0,0,0,0,0,0,-10000,0,0,0,0,10000,-10000,-10000
7252,034763,長榮統一11購07,0,0,0,0,0,0,0,0,0,-10000,0,0,0,0,10000,-10000,-10000
7253,034778,長榮富邦12購01,0,0,0,0,0,0,0,0,0,-10000,0,0,0,0,10000,-10000,-10000
7254,034883,廣達群益0C購01,0,0,0,0,0,0,0,0,0,-10000,0,0,0,0,10000,-10000,-10000
7255,036017,臺股指凱基0C購33,0,0,0,0,0,0,0,0,0,-10000,0,0,0,0,10000,-10000,-10000
7256,034470,南紡元大11購02,0,0,0,0,0,0,0,0,0,-10000,0,0,0,0,10000,-10000,-10000
7257,033416,微星永豐0B購01,0,0,0,0,0,0,0,0,0,-10000,0,0,0,0,10000,-10000,-10000
7258,033410,萬海第一15購01,0,0,0,0,0,0,0,0,0,-10000,0,0,0,0,10000,-10000,-10000
7259,033370,新光金富邦13購02,0,0,0,0,0,0,0,0,0,-10000,0,0,0,0,10000,-10000,-10000
7260,033378,正隆元大11購01,0,0,0,0,0,0,0,0,0,-10000,0,0,0,0,10000,-10000,-10000
7261,033655,華邦電統一13購01,0,0,0,0,0,0,0,0,0,-10000,0,0,0,24000,34000,-10000,-10000
7262,033887,力麗統一13購01,0,0,0,0,0,0,0,0,0,-10000,0,0,0,0,10000,-10000,-10000
7263,033870,友達群益0B購02,0,0,0,0,0,0,0,0,0,-10000,0,0,0,0,10000,-10000,-10000
7264,033956,華晶科國票0C購01,0,0,0,0,0,0,0,0,0,-10000,0,0,0,0,10000,-10000,-10000
7265,033923,國巨元大0B購06,0,0,0,0,0,0,0,0,0,-10000,0,0,0,11000,21000,-10000,-10000
7266,034545,國泰金統一0B購04,0,0,0,0,0,0,0,0,0,-10000,0,0,0,10000,20000,-10000,-10000
7267,035364,中鋼統一0B購09,0,0,0,0,0,0,0,0,0,-10000,0,0,0,0,10000,-10000,-10000
7268,035458,富邦金國票0B購04,0,0,0,0,0,0,0,0,0,-10000,0,0,0,20000,30000,-10000,-10000
7269,035471,緯穎國票0C購03,0,0,0,0,0,0,0,0,0,-10000,0,0,0,28000,38000,-10000,-10000
7270,035495,友達國泰12購01,0,0,0,0,0,0,0,0,0,-10000,0,0,0,0,10000,-10000,-10000
7271,033327,群創凱基11購01,0,0,0,0,0,0,0,0,0,-10000,0,0,0,0,10000,-10000,-10000
7272,033341,友達永豐0B購02,0,0,0,0,0,0,0,0,0,-10000,0,0,0,0,10000,-10000,-10000
7273,033334,華新永豐0B購01,0,0,0,0,0,0,0,0,0,-10000,0,0,0,0,10000,-10000,-10000
7274,033336,中纖永豐0B購01,0,0,0,0,0,0,0,0,0,-10000,0,0,0,0,10000,-10000,-10000
7275,033323,友達凱基11購01,0,0,0,0,0,0,0,0,0,-10000,0,0,0,0,10000,-10000,-10000
7276,035053,日月光富邦0C購01,0,0,0,0,0,0,0,0,0,-10000,0,0,0,0,10000,-10000,-10000
7277,035270,台積電台新0B購05,0,0,0,0,0,0,0,0,0,-10000,0,0,0,0,10000,-10000,-10000
7278,036080,國喬元大0C購05,0,0,0,0,0,0,0,0,0,-10000,0,0,0,0,10000,-10000,-10000
7279,033722,富邦金國票0B購02,0,0,0,0,0,0,0,0,0,-10000,0,0,0,0,10000,-10000,-10000
7280,033766,安普新凱基0B購01,0,0,0,0,0,0,0,0,0,-10000,0,0,0,0,10000,-10000,-10000
7281,034066,國巨富邦11購01,0,0,0,0,0,0,0,0,0,-10000,0,0,0,0,10000,-10000,-10000
7282,034151,亞光凱基0B購02,0,0,0,0,0,0,0,0,0,-10000,0,0,0,142000,152000,-10000,-10000
7283,034156,力山永豐0B購01,0,0,0,0,0,0,0,0,0,-10000,0,0,0,0,10000,-10000,-10000
7284,036285,國巨元大13購02,0,0,0,0,0,0,0,0,0,-10000,0,0,0,0,10000,-10000,-10000
7285,036363,順德國票11購01,0,0,0,0,0,0,0,0,0,-10000,0,0,0,10000,20000,-10000,-10000
7286,036392,聯發科國泰12購02,0,0,0,0,0,0,0,0,0,-10000,0,0,0,4000,14000,-10000,-10000
7287,036605,道瓊銀元大11購01,0,0,0,0,0,0,0,0,0,-10000,0,0,0,0,10000,-10000,-10000
7288,036671,長榮航國票11購01,0,0,0,0,0,0,0,0,0,-10000,0,0,0,0,10000,-10000,-10000
7289,037318,晶技凱基11購02,0,0,0,0,0,0,0,0,0,-10000,0,0,0,0,10000,-10000,-10000
7290,037175,台達電永豐0C購01,0,0,0,0,0,0,0,0,0,-10000,0,0,0,0,10000,-10000,-10000
7291,037181,威鋒電永豐0C購01,0,0,0,0,0,0,0,0,0,-10000,0,0,0,0,10000,-10000,-10000
7292,037112,台達電元大11購02,0,0,0,0,0,0,0,0,0,-10000,0,0,0,200000,210000,-10000,-10000
7293,037107,永豐餘元大0C購05,0,0,0,0,0,0,0,0,0,-10000,0,0,0,0,10000,-10000,-10000
7294,037103,瀚宇博永豐0C購01,0,0,0,0,0,0,0,0,0,-10000,0,0,0,0,10000,-10000,-10000
7295,037066,上証2X富邦13購02,0,0,0,0,0,0,0,0,0,-10000,0,0,0,0,10000,-10000,-10000
7296,037061,晶技國票13購01,0,0,0,0,0,0,0,0,0,-10000,0,0,0,0,10000,-10000,-10000
7297,036761,聯發科國票11購06,0,0,0,0,0,0,0,0,0,-10000,0,0,0,0,10000,-10000,-10000
7298,036737,國巨元大0C購17,0,0,0,0,0,0,0,0,0,-10000,0,0,0,0,10000,-10000,-10000
7299,036906,景碩元大11購02,0,0,0,0,0,0,0,0,0,-10000,0,0,0,0,10000,-10000,-10000
7300,036867,永豐餘統一0C購02,0,0,0,0,0,0,0,0,0,-10000,0,0,0,0,10000,-10000,-10000
7301,037674,晶技兆豐12購01,0,0,0,0,0,0,0,0,0,-10000,0,0,0,0,10000,-10000,-10000
7302,037666,友達國泰12購04,0,0,0,0,0,0,0,0,0,-10000,0,0,0,0,10000,-10000,-10000
7303,037647,美指2X凱基12購01,0,0,0,0,0,0,0,0,0,-10000,0,0,0,0,10000,-10000,-10000
7304,037613,華碩元大0C購05,0,0,0,0,0,0,0,0,0,-10000,0,0,0,0,10000,-10000,-10000
7305,037576,奇鋐永豐0C購02,0,0,0,0,0,0,0,0,0,-10000,0,0,0,0,10000,-10000,-10000
7306,037874,裕民麥證12購01,0,0,0,0,10000,-10000,0,0,0,-10000,0,0,0,0,10000,-10000,-10000
7307,07306P,長榮航元大0C售05,0,0,0,0,0,0,0,0,0,-10000,0,0,0,0,10000,-10000,-10000
7308,07258P,T50正2群益0B售02,0,0,0,0,0,0,0,0,0,-10000,0,0,0,0,10000,-10000,-10000
7309,06945P,台灣50群益0A售07,0,0,0,0,0,0,0,0,0,-10000,0,0,0,0,10000,-10000,-10000
7310,06830P,華邦電統一0A售06,0,0,0,0,0,0,0,0,0,-10000,0,0,0,10000,20000,-10000,-10000
7311,06867P,T50正2富邦0C售02,0,0,0,0,0,0,0,0,0,-10000,0,0,0,30000,40000,-10000,-10000
7312,07123P,臺股指元大0C售22,0,0,0,0,0,0,0,0,0,-10000,0,0,0,0,10000,-10000,-10000
7313,07052P,友達元大0B售11,0,0,0,0,0,0,0,0,0,-10000,0,0,0,3000,13000,-10000,-10000
7314,07023P,台灣50群益0B售02,0,0,0,0,0,0,0,0,0,-10000,0,0,0,0,10000,-10000,-10000
7315,040664,聯電統一13購02,0,0,0,0,0,0,0,0,0,-10000,0,0,0,0,10000,-10000,-10000
7316,040671,新唐統一13購02,0,0,0,0,0,0,0,0,0,-10000,0,0,0,0,10000,-10000,-10000
7317,040603,華碩國票13購01,0,0,0,0,0,0,0,0,0,-10000,0,0,0,0,10000,-10000,-10000
7318,04684P,嘉聯益元富0B售01,0,0,0,0,0,0,0,0,0,-10000,0,0,0,6000,16000,-10000,-10000
7319,040732,道瓊反國票12購01,0,0,0,0,0,0,0,0,0,-10000,0,0,0,0,10000,-10000,-10000
7320,040487,友達群益12購02,0,0,0,0,0,0,0,0,0,-10000,0,0,0,0,10000,-10000,-10000
7321,040472,聯陽國泰13購03,0,0,0,0,0,0,0,0,0,-10000,0,0,0,0,10000,-10000,-10000
7322,040327,可成國票13購01,0,0,0,0,0,0,0,0,0,-10000,0,0,0,0,10000,-10000,-10000
7323,040331,臻鼎國票13購01,0,0,0,0,0,0,0,0,0,-10000,0,0,0,0,10000,-10000,-10000
7324,040266,友達康和11購05,0,0,0,0,0,0,0,0,0,-10000,0,0,0,90000,100000,-10000,-10000
7325,06635P,立積康和09售02,0,0,0,0,0,0,0,0,0,-10000,0,0,0,0,10000,-10000,-10000
7326,06640P,立積群益09售01,0,0,0,0,0,0,0,0,0,-10000,0,0,0,160000,170000,-10000,-10000
7327,06656P,奇力新元大09售05,0,0,0,0,0,0,0,0,0,-10000,0,0,0,10000,20000,-10000,-10000
7328,06665P,友達國泰0B售03,0,0,0,0,0,0,0,0,0,-10000,0,0,0,0,10000,-10000,-10000
7329,06713P,聯發科中信0B售03,0,0,0,0,0,0,0,0,0,-10000,0,0,0,0,10000,-10000,-10000
7330,06522P,大立光富邦0B售01,0,0,0,0,0,0,0,0,0,-10000,0,0,0,0,10000,-10000,-10000
7331,06491P,聯電凱基09售07,0,0,0,0,0,0,0,0,0,-10000,0,0,0,0,10000,-10000,-10000
7332,06465P,T50正2中信0C售02,0,0,0,0,0,0,0,0,0,-10000,0,0,0,0,10000,-10000,-10000
7333,06571P,台灣50元大0C售02,0,0,0,0,0,0,0,0,0,-10000,0,0,0,1000,11000,-10000,-10000
7334,06591P,臺股指凱基0C售13,0,0,0,0,0,0,0,0,0,-10000,0,0,0,0,10000,-10000,-10000
7335,06623P,英業達元富09售03,0,0,0,0,0,0,0,0,0,-10000,0,0,0,0,10000,-10000,-10000
7336,06162P,臺指2X中信0B售02,0,0,0,0,0,0,0,0,0,-10000,0,0,0,0,10000,-10000,-10000
7337,05962P,元金2X凱基09售02,0,0,0,0,0,0,0,0,0,-10000,0,0,0,0,10000,-10000,-10000
7338,05450P,臺股指國票0A售02,0,0,0,0,0,0,0,0,0,-10000,0,0,0,0,10000,-10000,-10000
7339,05670P,台積電中信0B售06,0,0,0,0,0,0,0,0,0,-10000,0,0,0,0,10000,-10000,-10000
7340,06394P,華新科凱基08售07,0,0,0,0,0,0,0,0,0,-10000,0,0,0,0,10000,-10000,-10000
7341,06426P,南電中信09售02,0,0,0,0,0,0,0,0,0,-10000,0,0,0,0,10000,-10000,-10000
7342,06260P,台積電國票09售11,0,0,0,0,0,0,0,0,0,-10000,0,0,0,0,10000,-10000,-10000
7343,040109,台玻國泰13購05,0,0,0,0,0,0,0,0,0,-10000,0,0,0,23000,33000,-10000,-10000
7344,040195,凌陽凱基13購02,0,0,0,0,0,0,0,0,0,-10000,0,0,0,0,10000,-10000,-10000
7345,040209,凌陽國票12購02,0,0,0,0,0,0,0,0,0,-10000,0,0,0,23000,33000,-10000,-10000
7346,040205,東陽國票11購01,0,0,0,0,0,0,0,0,0,-10000,0,0,0,0,10000,-10000,-10000
7347,040058,台積電元大15購01,0,0,0,0,0,0,0,0,0,-10000,0,0,0,5000,15000,-10000,-10000
7348,040065,新日興元大11購01,0,0,0,0,0,0,0,0,0,-10000,0,0,0,0,10000,-10000,-10000
7349,039983,潤泰新元大11購01,0,0,0,0,0,0,0,0,0,-10000,0,0,0,0,10000,-10000,-10000
7350,039898,大成鋼永豐11購05,0,0,0,0,0,0,0,0,0,-10000,0,0,0,0,10000,-10000,-10000
7351,039932,台積電凱基12購05,0,0,0,0,0,0,0,0,0,-10000,0,0,0,0,10000,-10000,-10000
7352,039471,乙盛國票12購01,0,0,0,0,0,0,0,0,0,-10000,0,0,0,0,10000,-10000,-10000
7353,039592,和碩國票12購01,0,0,0,0,0,0,0,0,0,-10000,0,0,0,42000,52000,-10000,-10000
7354,039604,華通中信11購01,0,0,0,0,0,0,0,0,0,-10000,0,0,0,0,10000,-10000,-10000
7355,039847,敬鵬國票12購01,0,0,0,0,0,0,0,0,0,-10000,0,0,0,0,10000,-10000,-10000
7356,039177,榮成元大11購02,0,0,0,0,0,0,0,0,0,-10000,0,0,0,0,10000,-10000,-10000
7357,039173,T50反1元大11購11,0,0,0,0,0,0,0,0,0,-10000,0,0,0,0,10000,-10000,-10000
7358,039259,台積電兆豐13購02,0,0,0,0,0,0,0,0,0,-10000,0,0,0,0,10000,-10000,-10000
7359,039342,世紀鋼元大11購03,0,0,0,0,0,0,0,0,0,-10000,0,0,0,0,10000,-10000,-10000
7360,039289,同欣電永豐11購01,0,0,0,0,0,0,0,0,0,-10000,0,0,0,0,10000,-10000,-10000
7361,039441,精成科元大11購01,0,0,0,0,0,0,0,0,0,-10000,0,0,0,0,10000,-10000,-10000
7362,039431,台積電元大11購16,0,0,0,0,0,0,0,0,0,-10000,0,0,0,0,10000,-10000,-10000
7363,038751,東鹼國泰13購01,0,0,0,0,0,0,0,0,0,-10000,0,0,0,91000,101000,-10000,-10000
7364,038825,新唐元大11購03,0,0,0,0,0,0,0,0,0,-10000,0,0,0,0,10000,-10000,-10000
7365,039024,帆宣兆豐13購01,0,0,0,0,0,0,0,0,0,-10000,0,0,0,5000,15000,-10000,-10000
7366,039020,微星兆豐11購01,0,0,0,0,0,0,0,0,0,-10000,0,0,0,0,10000,-10000,-10000
7367,039065,榮成元大12購01,0,0,0,0,0,0,0,0,0,-10000,0,0,0,0,10000,-10000,-10000
7368,039062,臺指反元大14購01,0,0,0,0,0,0,0,0,0,-10000,0,0,0,0,10000,-10000,-10000
7369,038956,鉅祥元大12購01,0,0,0,0,0,0,0,0,0,-10000,0,0,0,89000,99000,-10000,-10000
7370,038959,禾伸堂元大11購02,0,0,0,0,0,0,0,0,0,-10000,0,0,0,0,10000,-10000,-10000
7371,038047,金像電群益12購02,0,0,0,0,0,0,0,0,0,-10000,0,0,0,0,10000,-10000,-10000
7372,038068,台積電元富13購14,0,0,0,0,0,0,0,0,0,-10000,0,0,0,0,10000,-10000,-10000
7373,037989,金像電元大12購02,0,0,0,0,0,0,0,0,0,-10000,0,0,0,0,10000,-10000,-10000
7374,038265,科嘉凱基14購01,0,0,0,0,0,0,0,0,0,-10000,0,0,0,0,10000,-10000,-10000
7375,038311,京元電群益11購01,0,0,0,0,0,0,0,0,0,-10000,0,0,0,0,10000,-10000,-10000
7376,038178,聯成永豐11購01,0,0,0,0,0,0,0,0,0,-10000,0,0,0,0,10000,-10000,-10000
7377,038198,中興電群益11購01,0,0,0,0,0,0,0,0,0,-10000,0,0,0,0,10000,-10000,-10000
7378,038339,鼎炫凱基14購01,0,0,0,0,0,0,0,0,0,-10000,0,0,0,0,10000,-10000,-10000
7379,038480,嘉泥永豐11購01,0,0,0,0,0,0,0,0,0,-10000,0,0,0,2000,12000,-10000,-10000
7380,038505,春源永豐11購02,0,0,0,0,0,0,0,0,0,-10000,0,0,0,0,10000,-10000,-10000
7381,038424,元晶國泰13購01,0,0,0,0,0,0,0,0,0,-10000,0,0,0,65000,75000,-10000,-10000
7382,038527,台勝科永豐11購01,0,0,0,0,0,0,0,0,0,-10000,0,0,0,0,10000,-10000,-10000
7383,038543,台積電兆豐11購01,0,0,0,0,0,0,0,0,0,-10000,0,0,0,0,10000,-10000,-10000
7384,038708,亞光凱基13購01,0,0,0,0,0,0,0,0,0,-10000,0,0,0,0,10000,-10000,-10000
7385,2438,翔耀,0,10000,-10000,0,0,0,0,0,0,0,0,0,0,0,0,0,-10000
7386,1906,寶隆,50000,60000,-10000,0,0,0,0,0,0,0,0,0,0,0,0,0,-10000
7387,1726,永記,2000,12000,-10000,0,0,0,0,0,0,0,0,0,0,0,0,0,-10000
7388,089900,仲琦凱基11購01,0,0,0,0,0,0,0,0,0,-10000,0,0,0,0,10000,-10000,-10000
7389,089872,南帝國泰0C購01,0,0,0,0,0,0,0,0,0,-10000,0,0,0,0,10000,-10000,-10000
7390,089805,東鋼群益09購05,0,0,0,0,0,0,0,0,0,-10000,0,0,0,0,10000,-10000,-10000
7391,089979,美食元大0A購01,0,0,0,0,0,0,0,0,0,-10000,0,0,0,0,10000,-10000,-10000
7392,089782,聯詠凱基09購09,0,0,0,0,0,0,0,0,0,-10000,0,0,0,9000,19000,-10000,-10000
7393,089682,聯發科元大09購17,0,0,0,0,0,0,0,0,0,-10000,0,0,0,10000,20000,-10000,-10000
7394,089612,聯詠群益09購07,0,0,0,0,0,0,0,0,0,-10000,0,0,0,0,10000,-10000,-10000
7395,089527,臻鼎元大0B購01,0,0,0,0,0,0,0,0,0,-10000,0,0,0,0,10000,-10000,-10000
7396,089536,申豐元大09購03,0,0,0,0,0,0,0,0,0,-10000,0,0,0,0,10000,-10000,-10000
7397,089244,精成科永豐09購01,0,0,0,0,0,0,0,0,0,-10000,0,0,0,0,10000,-10000,-10000
7398,089203,瑞儀凱基0A購01,0,0,0,0,0,0,0,0,0,-10000,0,0,0,0,10000,-10000,-10000
7399,089155,台積電元富0C購18,0,0,0,0,0,0,0,0,0,-10000,0,0,0,1350000,1360000,-10000,-10000
7400,089350,宏碁元大09購05,0,0,0,0,0,0,0,0,0,-10000,0,0,0,0,10000,-10000,-10000
7401,089391,松翰兆豐0A購01,0,0,0,0,0,0,0,0,0,-10000,0,0,0,10000,20000,-10000,-10000
7402,089098,立積統一0B購06,0,0,0,0,0,0,0,0,0,-10000,0,0,0,0,10000,-10000,-10000
7403,089090,凌陽統一0B購01,0,0,0,0,0,0,0,0,0,-10000,0,0,0,0,10000,-10000,-10000
7404,089063,南帝凱基09購02,0,0,0,0,0,0,0,0,0,-10000,0,0,0,0,10000,-10000,-10000
7405,089036,群創兆豐09購03,0,0,0,0,0,0,0,0,0,-10000,0,0,0,0,10000,-10000,-10000
7406,088871,立積永豐09購05,0,0,0,0,0,0,0,0,0,-10000,0,0,0,0,10000,-10000,-10000
7407,4108,懷特,23000,33000,-10000,0,0,0,0,0,0,0,0,0,0,0,0,0,-10000
7408,4426,利勤,16000,26000,-10000,0,0,0,0,0,0,0,0,0,0,0,0,0,-10000
7409,4576,大銀微系統,10000,17000,-7000,0,0,0,0,0,0,-3000,0,0,0,0,3000,-3000,-10000
7410,2351,順德,781000,1090015,-309015,0,0,0,338000,0,338000,-39597,56000,89597,-33597,28000,34000,-6000,-10612
7411,035671,愛普統一12購01,0,0,0,0,0,0,0,0,0,-11000,0,0,0,2000,13000,-11000,-11000
7412,031258,群創群益14購02,0,0,0,0,0,0,0,0,0,-11000,0,0,0,0,11000,-11000,-11000
7413,031251,健和興群益0A購02,0,0,0,0,0,0,0,0,0,-11000,0,0,0,4000,15000,-11000,-11000
7414,030737,友達元大0A購03,0,0,0,0,0,0,0,0,0,-11000,0,0,0,0,11000,-11000,-11000
7415,031358,大成鋼中信0A購01,0,0,0,0,0,0,0,0,0,-11000,0,0,0,0,11000,-11000,-11000
7416,033055,矽統永豐0A購03,0,0,0,0,0,0,0,0,0,-11000,0,0,0,15000,26000,-11000,-11000
7417,032386,友達統一12購01,0,0,0,0,0,0,0,0,0,-11000,0,0,0,100000,111000,-11000,-11000
7418,032992,光罩元富12購01,0,0,0,0,0,0,0,0,0,-11000,0,0,0,15000,26000,-11000,-11000
7419,088700,鴻海國泰0B購09,0,0,0,0,0,0,0,0,0,-11000,0,0,0,0,11000,-11000,-11000
7420,087920,晶碩群益0B購01,0,0,0,0,0,0,0,0,0,-11000,0,0,0,0,11000,-11000,-11000
7421,087599,道瓊銅中信0A購01,0,0,0,0,0,0,0,0,0,-11000,0,0,0,0,11000,-11000,-11000
7422,086642,群創凱基0A購01,0,0,0,0,0,0,0,0,0,-11000,0,0,0,0,11000,-11000,-11000
7423,086921,台積電兆豐0A購02,0,0,0,0,0,0,0,0,0,-11000,0,0,0,9000,20000,-11000,-11000
7424,086934,友達元大0B購02,0,0,0,0,0,0,0,0,0,-11000,0,0,0,0,11000,-11000,-11000
7425,087254,億光國票09購01,0,0,0,0,0,0,0,0,0,-11000,0,0,0,23000,34000,-11000,-11000
7426,086058,光罩統一0A購02,0,0,0,0,0,0,0,0,0,-11000,0,0,0,2000,13000,-11000,-11000
7427,086312,友達凱基0B購03,0,0,0,0,0,0,0,0,0,-11000,0,0,0,0,11000,-11000,-11000
7428,083491,台積電元富11購01,0,0,0,0,0,0,0,0,0,-11000,0,0,0,653000,664000,-11000,-11000
7429,07547P,大成鋼群益12售06,0,0,0,0,0,0,0,0,0,-11000,0,0,0,7000,18000,-11000,-11000
7430,07532P,臺股指群益13售02,0,0,0,0,0,0,0,0,0,-11000,0,0,0,0,11000,-11000,-11000
7431,078094,世芯統一0A購01,0,0,0,0,0,0,0,0,0,-11000,0,0,0,9000,20000,-11000,-11000
7432,037756,技嘉國泰13購01,0,0,0,0,0,0,0,0,0,-11000,0,0,0,40000,51000,-11000,-11000
7433,036931,台達電富邦13購01,0,0,0,0,0,0,0,0,0,-11000,0,0,0,10000,21000,-11000,-11000
7434,037281,晶技康和11購01,0,0,0,0,0,0,0,0,0,-11000,0,0,0,4000,15000,-11000,-11000
7435,037224,緯穎富邦13購01,0,0,0,0,0,0,0,0,0,-11000,0,0,0,27000,38000,-11000,-11000
7436,036438,滬深2X兆豐11購01,0,0,0,0,0,0,0,0,0,-11000,0,0,0,0,11000,-11000,-11000
7437,033976,國泰金凱基0B購04,0,0,0,0,0,0,0,0,0,-11000,0,0,0,4000,15000,-11000,-11000
7438,035358,大立光兆豐0B購01,0,0,0,0,0,0,0,0,0,-11000,0,0,0,0,11000,-11000,-11000
7439,036159,聯詠元大0C購07,0,0,0,0,0,0,0,0,0,-11000,0,0,0,53000,64000,-11000,-11000
7440,035032,台聚麥證0B購01,0,0,0,9000,20000,-11000,0,0,0,-11000,0,0,0,9000,20000,-11000,-11000
7441,035503,鴻海凱基12購03,0,0,0,0,0,0,0,0,0,-11000,0,0,0,8000,19000,-11000,-11000
7442,034507,聯發科凱基15購02,0,0,0,0,0,0,0,0,0,-11000,0,0,0,29000,40000,-11000,-11000
7443,033958,台積電富邦12購03,0,0,0,0,0,0,0,0,0,-11000,0,0,0,0,11000,-11000,-11000
7444,033630,富邦金元富12購03,0,0,0,0,0,0,0,0,0,-11000,0,0,0,0,11000,-11000,-11000
7445,034618,廣宇元富12購02,0,0,0,0,0,0,0,0,0,-11000,0,0,0,0,11000,-11000,-11000
7446,034680,臺股指凱基0B購19,0,0,0,0,0,0,0,0,0,-11000,0,0,0,0,11000,-11000,-11000
7447,038243,玉晶光元大11購07,0,0,0,0,0,0,0,0,0,-11000,0,0,0,0,11000,-11000,-11000
7448,038114,台積電凱基11購04,0,0,0,0,0,0,0,0,0,-11000,0,0,0,0,11000,-11000,-11000
7449,039297,凌陽元富11購03,0,0,0,0,0,0,0,0,0,-11000,0,0,0,209000,220000,-11000,-11000
7450,039891,可成康和11購01,0,0,0,0,0,0,0,0,0,-11000,0,0,0,57000,68000,-11000,-11000
7451,039917,台新金中信11購01,0,0,0,0,0,0,0,0,0,-11000,0,0,0,0,11000,-11000,-11000
7452,040196,友達凱基13購04,0,0,0,0,0,0,0,0,0,-11000,0,0,0,20000,31000,-11000,-11000
7453,040238,飛宏群益13購01,0,0,0,0,0,0,0,0,0,-11000,0,0,0,8000,19000,-11000,-11000
7454,040142,元翎群益12購01,0,0,0,0,0,0,0,0,0,-11000,0,0,0,0,11000,-11000,-11000
7455,06545P,聯詠富邦0B售02,0,0,0,0,0,0,0,0,0,-11000,0,0,0,0,11000,-11000,-11000
7456,040575,光磊元大13購02,0,0,0,0,0,0,0,0,0,-11000,0,0,0,0,11000,-11000,-11000
7457,040693,滬深2X元大13購08,0,0,0,0,0,0,0,0,0,-11000,0,0,0,0,11000,-11000,-11000
7458,1443,立益,0,11000,-11000,0,0,0,0,0,0,0,0,0,0,0,0,0,-11000
7459,1413,宏洲,1000,12000,-11000,0,0,0,0,0,0,0,0,0,0,0,0,0,-11000
7460,2471,資通,1000,12000,-11000,0,0,0,0,0,0,0,0,0,0,0,0,0,-11000
7461,2539,櫻花建,3000,14000,-11000,0,0,0,0,0,0,0,0,0,0,0,0,0,-11000
7462,3494,誠研,1000,12000,-11000,0,0,0,0,0,0,0,0,0,0,0,0,0,-11000
7463,088955,台達電國票0A購02,0,0,0,0,0,0,0,0,0,-11000,0,0,0,8000,19000,-11000,-11000
7464,089762,滬深2X凱基0B購05,0,0,0,0,0,0,0,0,0,-11000,0,0,0,24000,35000,-11000,-11000
7465,5538,東明-KY,4000,15000,-11000,0,0,0,0,0,0,0,0,0,0,0,0,0,-11000
7466,1503,士電,5000,16000,-11000,0,0,0,0,0,0,-20,0,20,-20,0,0,0,-11020
7467,4536,拓凱,14000,25000,-11000,0,0,0,0,0,0,-102,0,0,0,0,102,-102,-11102
7468,2456,奇力新,919000,899000,20000,0,0,0,0,0,0,-31542,20000,30627,-10627,17000,37915,-20915,-11542
7469,031496,台揚元大0A購01,0,0,0,0,0,0,0,0,0,-12000,0,0,0,0,12000,-12000,-12000
7470,032770,中鋼元大0A購15,0,0,0,0,0,0,0,0,0,-12000,0,0,0,10000,22000,-12000,-12000
7471,032947,台泥元大0C購01,0,0,0,0,0,0,0,0,0,-12000,0,0,0,0,12000,-12000,-12000
7472,031893,臺股指凱基0A購17,0,0,0,0,0,0,0,0,0,-12000,0,0,0,35000,47000,-12000,-12000
7473,032181,中鋼群益0B購07,0,0,0,0,0,0,0,0,0,-12000,0,0,0,0,12000,-12000,-12000
7474,030661,聯詠永豐0A購02,0,0,0,0,0,0,0,0,0,-12000,0,0,0,0,12000,-12000,-12000
7475,030855,東鋼永豐0A購02,0,0,0,0,0,0,0,0,0,-12000,0,0,0,0,12000,-12000,-12000
7476,031012,京元電永豐0A購01,0,0,0,0,0,0,0,0,0,-12000,0,0,0,0,12000,-12000,-12000
7477,030557,威盛統一0C購02,0,0,0,0,0,0,0,0,0,-12000,0,0,0,5000,17000,-12000,-12000
7478,035078,中鋼第一15購02,0,0,0,0,0,0,0,0,0,-12000,0,0,0,1000,13000,-12000,-12000
7479,080355,台灣50元富09購03,0,0,0,0,0,0,0,0,0,-12000,0,0,0,48000,60000,-12000,-12000
7480,080684,台積電富邦09購02,0,0,0,0,0,0,0,0,0,-12000,0,0,0,0,12000,-12000,-12000
7481,081031,億豐元富0A購01,0,0,0,0,0,0,0,0,0,-12000,0,0,0,3000,15000,-12000,-12000
7482,085257,興勤國泰0A購01,0,0,0,0,0,0,0,0,0,-12000,0,0,0,277000,289000,-12000,-12000
7483,087002,華碩國泰0B購01,0,0,0,0,0,0,0,0,0,-12000,0,0,0,0,12000,-12000,-12000
7484,087038,鴻海凱基0B購06,0,0,0,0,0,0,0,0,0,-12000,0,0,0,0,12000,-12000,-12000
7485,087799,國喬麥證09購01,0,0,0,98000,110000,-12000,0,0,0,-12000,0,0,0,98000,110000,-12000,-12000
7486,034639,聚鼎元大0B購01,0,0,0,0,0,0,0,0,0,-12000,0,0,0,0,12000,-12000,-12000
7487,034441,萬海凱基11購01,0,0,0,0,0,0,0,0,0,-12000,0,0,0,0,12000,-12000,-12000
7488,036024,新光鋼統一11購03,0,0,0,0,0,0,0,0,0,-12000,0,0,0,0,12000,-12000,-12000
7489,033575,南紡凱基12購02,0,0,0,0,0,0,0,0,0,-12000,0,0,0,0,12000,-12000,-12000
7490,033604,東鋼群益0C購03,0,0,0,0,0,0,0,0,0,-12000,0,0,0,0,12000,-12000,-12000
7491,036092,大立光元大11購02,0,0,0,0,0,0,0,0,0,-12000,0,0,0,10000,22000,-12000,-12000
7492,035039,華新國票0B購02,0,0,0,0,0,0,0,0,0,-12000,0,0,0,66000,78000,-12000,-12000
7493,034125,聯發科兆豐0B購02,0,0,0,0,0,0,0,0,0,-12000,0,0,0,0,12000,-12000,-12000
7494,036460,恆大元大0C購01,0,0,0,0,0,0,0,0,0,-12000,0,0,0,0,12000,-12000,-12000
7495,036547,T50反1元大13購01,0,0,0,0,0,0,0,0,0,-12000,0,0,0,0,12000,-12000,-12000
7496,037157,中信金國票11購01,0,0,0,0,0,0,0,0,0,-12000,0,0,0,3000,15000,-12000,-12000
7497,037853,智邦元富0C購01,0,0,0,0,0,0,0,0,0,-12000,0,0,0,6000,18000,-12000,-12000
7498,037879,瑞昱中信0C購01,0,0,0,0,0,0,0,0,0,-12000,0,0,0,51000,63000,-12000,-12000
7499,040653,聯詠凱基13購03,0,0,0,0,0,0,0,0,0,-12000,0,0,0,0,12000,-12000,-12000
7500,040520,晶心科元富17購01,0,0,0,0,0,0,0,0,0,-12000,0,0,0,0,12000,-12000,-12000
7501,040280,飛宏元大11購01,0,0,0,0,0,0,0,0,0,-12000,0,0,0,0,12000,-12000,-12000
7502,039316,岱宇元大12購02,0,0,0,0,0,0,0,0,0,-12000,0,0,0,20000,32000,-12000,-12000
7503,038878,乙盛凱基12購02,0,0,0,0,0,0,0,0,0,-12000,0,0,0,2000,14000,-12000,-12000
7504,038780,欣興凱基12購03,0,0,0,0,0,0,0,0,0,-12000,0,0,0,80000,92000,-12000,-12000
7505,038789,聯電群益14購01,0,0,0,0,0,0,0,0,0,-12000,0,0,0,82000,94000,-12000,-12000
7506,038057,玉晶光群益13購02,0,0,0,0,0,0,0,0,0,-12000,0,0,0,0,12000,-12000,-12000
7507,038315,臻鼎群益11購01,0,0,0,0,0,0,0,0,0,-12000,0,0,0,208000,220000,-12000,-12000
7508,038684,強茂群益13購03,0,0,0,0,0,0,0,0,0,-12000,0,0,0,10000,22000,-12000,-12000
7509,07236P,臺股指群益0B售11,0,0,0,0,0,0,0,0,0,-12000,0,0,0,2000,14000,-12000,-12000
7510,06912P,群創凱基0A售08,0,0,0,0,0,0,0,0,0,-12000,0,0,0,25000,37000,-12000,-12000
7511,07295P,聯電元富0C售04,0,0,0,0,0,0,0,0,0,-12000,0,0,0,0,12000,-12000,-12000
7512,07320P,正隆元富0C售02,0,0,0,0,0,0,0,0,0,-12000,0,0,0,0,12000,-12000,-12000
7513,2427,三商電,0,12000,-12000,0,0,0,0,0,0,0,0,0,0,0,0,0,-12000
7514,2706,第一店,21000,33000,-12000,0,0,0,0,0,0,0,0,0,0,0,0,0,-12000
7515,1340,勝悅-KY,8000,20000,-12000,0,0,0,0,0,0,0,0,0,0,0,0,0,-12000
7516,1789,神隆,44000,56000,-12000,0,0,0,0,0,0,0,0,0,0,0,0,0,-12000
7517,1582,信錦,83000,92000,-9000,0,0,0,0,0,0,-3000,0,0,0,0,3000,-3000,-12000
7518,088824,界霖元大09購01,0,0,0,0,0,0,0,0,0,-12000,0,0,0,0,12000,-12000,-12000
7519,4566,時碩工業,2000,14000,-12000,0,0,0,0,0,0,0,0,0,0,0,0,0,-12000
7520,5546,永固-KY,0,12000,-12000,0,0,0,0,0,0,0,0,0,0,0,0,0,-12000
7521,5484,慧友,0,12000,-12000,0,0,0,0,0,0,0,0,0,0,0,0,0,-12000
7522,6438,迅得,149000,161000,-12000,0,0,0,0,0,0,0,0,0,0,0,0,0,-12000
7523,6192,巨路,0,12000,-12000,0,0,0,0,0,0,0,0,0,0,0,0,0,-12000
7524,911616,杜康-DR,0,0,0,0,0,0,0,0,0,-12000,0,0,0,0,12000,-12000,-12000
7525,911868,同方友友-DR,22000,34000,-12000,0,0,0,0,0,0,0,0,0,0,0,0,0,-12000
7526,9906,欣巴巴,8000,20000,-12000,0,0,0,0,0,0,0,0,0,0,0,0,0,-12000
7527,035806,聯電凱基13購03,0,0,0,0,0,0,0,0,0,-13000,0,0,0,23000,36000,-13000,-13000
7528,035867,裕民元富13購05,0,0,0,0,0,0,0,0,0,-13000,0,0,0,0,13000,-13000,-13000
7529,00770,國泰北美科技,0,0,0,0,0,0,0,0,0,-13000,0,0,0,203000,216000,-13000,-13000
7530,031994,台積電群益11購02,0,0,0,0,0,0,0,0,0,-13000,0,0,0,614000,627000,-13000,-13000
7531,032864,乙盛群益0A購02,0,0,0,0,0,0,0,0,0,-13000,0,0,0,0,13000,-13000,-13000
7532,032162,大成鋼元富0A購04,0,0,0,0,0,0,0,0,0,-13000,0,0,0,0,13000,-13000,-13000
7533,031572,台揚凱基0B購01,0,0,0,0,0,0,0,0,0,-13000,0,0,0,15000,28000,-13000,-13000
7534,034255,裕民統一11購01,0,0,0,0,0,0,0,0,0,-13000,0,0,0,64000,77000,-13000,-13000
7535,034277,台達電富邦0C購01,0,0,0,0,0,0,0,0,0,-13000,0,0,0,0,13000,-13000,-13000
7536,086895,玉晶光群益11購01,0,0,0,0,0,0,0,0,0,-13000,0,0,0,2000,15000,-13000,-13000
7537,085690,華邦電國泰0A購02,0,0,0,0,0,0,0,0,0,-13000,0,0,0,271000,284000,-13000,-13000
7538,086481,華邦電統一0B購02,0,0,0,0,0,0,0,0,0,-13000,0,0,0,117000,130000,-13000,-13000
7539,085806,南電元大08購09,0,0,0,0,0,0,0,0,0,-13000,0,0,0,0,13000,-13000,-13000
7540,085910,貿聯富邦0A購01,0,0,0,0,0,0,0,0,0,-13000,0,0,0,0,13000,-13000,-13000
7541,080901,卜蜂凱基0B購01,0,0,0,0,0,0,0,0,0,-13000,0,0,0,0,13000,-13000,-13000
7542,07537P,臺股指群益11售07,0,0,0,0,0,0,0,0,0,-13000,0,0,0,30000,43000,-13000,-13000
7543,07551P,大成鋼凱基14售05,0,0,0,0,0,0,0,0,0,-13000,0,0,0,0,13000,-13000,-13000
7544,07471P,長榮航康和11售01,0,0,0,0,0,0,0,0,0,-13000,0,0,0,0,13000,-13000,-13000
7545,07467P,大立光元富14售02,0,0,0,0,0,0,0,0,0,-13000,0,0,0,0,13000,-13000,-13000
7546,07447P,緯穎元大0C售05,0,0,0,0,0,0,0,0,0,-13000,0,0,0,0,13000,-13000,-13000
7547,07445P,嘉澤元大0C售03,0,0,0,0,0,0,0,0,0,-13000,0,0,0,2000,15000,-13000,-13000
7548,07410P,長榮航元大0C售10,0,0,0,0,0,0,0,0,0,-13000,0,0,0,1000,14000,-13000,-13000
7549,084027,致新統一09購02,0,0,0,0,0,0,0,0,0,-13000,0,0,0,5000,18000,-13000,-13000
7550,084273,智易國票08購01,0,0,0,0,0,0,0,0,0,-13000,0,0,0,0,13000,-13000,-13000
7551,036814,欣興元富12購04,0,0,0,0,0,0,0,0,0,-13000,0,0,0,0,13000,-13000,-13000
7552,036714,健策群益0C購01,0,0,0,0,0,0,0,0,0,-13000,0,0,0,197000,210000,-13000,-13000
7553,036655,台橡麥證11購01,0,0,0,25000,38000,-13000,0,0,0,-13000,0,0,0,25000,38000,-13000,-13000
7554,034063,晶技國票0C購02,0,0,0,0,0,0,0,0,0,-13000,0,0,0,30000,43000,-13000,-13000
7555,034025,友達中信11購02,0,0,0,0,0,0,0,0,0,-13000,0,0,0,0,13000,-13000,-13000
7556,034226,矽創元富0C購04,0,0,0,0,0,0,0,0,0,-13000,0,0,0,3000,16000,-13000,-13000
7557,034709,愛普元富0B購03,0,0,0,0,0,0,0,0,0,-13000,0,0,0,0,13000,-13000,-13000
7558,07009P,聯發科凱基0C售07,0,0,0,0,0,0,0,0,0,-13000,0,0,0,3000,16000,-13000,-13000
7559,038245,同欣電元大11購04,0,0,0,0,0,0,0,0,0,-13000,0,0,0,4000,17000,-13000,-13000
7560,038886,中壽兆豐13購01,0,0,0,0,0,0,0,0,0,-13000,0,0,0,38000,51000,-13000,-13000
7561,038829,矽格元大13購01,0,0,0,0,0,0,0,0,0,-13000,0,0,0,523000,536000,-13000,-13000
7562,039054,淳安群益11購01,0,0,0,0,0,0,0,0,0,-13000,0,0,0,6000,19000,-13000,-13000
7563,039387,SP黃豆群益15購01,0,0,0,0,0,0,0,0,0,-13000,0,0,0,0,13000,-13000,-13000
7564,040484,台積電群益12購09,0,0,0,0,0,0,0,0,0,-13000,0,0,0,0,13000,-13000,-13000
7565,040563,滬深2X元大13購04,0,0,0,0,0,0,0,0,0,-13000,0,0,0,0,13000,-13000,-13000
7566,040539,申豐凱基13購01,0,0,0,0,0,0,0,0,0,-13000,0,0,0,0,13000,-13000,-13000
7567,040270,中興電元大11購02,0,0,0,0,0,0,0,0,0,-13000,0,0,0,7000,20000,-13000,-13000
7568,039941,盛群凱基11購01,0,0,0,0,0,0,0,0,0,-13000,0,0,0,89000,102000,-13000,-13000
7569,910861,神州-DR,13000,26000,-13000,0,0,0,0,0,0,0,0,0,0,0,0,0,-13000
7570,8442,威宏-KY,4000,11000,-7000,0,0,0,0,0,0,-6000,0,6000,-6000,0,0,0,-13000
7571,6166,凌華,7000,20000,-13000,0,0,0,0,0,0,0,0,0,0,0,0,0,-13000
7572,6668,中揚光,36000,49000,-13000,0,0,0,0,0,0,0,0,0,0,0,0,0,-13000
7573,089657,鴻海富邦0B購04,0,0,0,0,0,0,0,0,0,-13000,0,0,0,0,13000,-13000,-13000
7574,089570,申豐中信0B購01,0,0,0,0,0,0,0,0,0,-13000,0,0,0,50000,63000,-13000,-13000
7575,1441,大東,8000,21000,-13000,0,0,0,0,0,0,0,0,0,0,0,0,0,-13000
7576,2302,麗正,96000,109000,-13000,0,0,0,0,0,0,0,0,0,0,0,0,0,-13000
7577,2882B,國泰金乙特,0,0,0,0,0,0,0,0,0,-13000,6000,19000,-13000,0,0,0,-13000
7578,6414,樺漢,30000,56000,-26000,0,0,0,0,0,0,12975,13000,25,12975,0,0,0,-13025
7579,2015,豐興,258000,271000,-13000,0,0,0,0,0,0,-33,0,33,-33,7000,7000,0,-13033
7580,032425,聯電元大0A購13,0,0,0,0,0,0,0,0,0,-14000,0,0,0,28000,42000,-14000,-14000
7581,031788,台玻國票0B購01,0,0,0,0,0,0,0,0,0,-14000,0,0,0,25000,39000,-14000,-14000
7582,083846,華邦電群益08購04,0,0,0,0,0,0,0,0,0,-14000,0,0,0,33000,47000,-14000,-14000
7583,074457,國喬元富0A購01,0,0,0,0,0,0,0,0,0,-14000,0,0,0,5000,19000,-14000,-14000
7584,07611P,台積電富邦14售06,0,0,0,0,0,0,0,0,0,-14000,0,0,0,0,14000,-14000,-14000
7585,078096,世芯統一0B購01,0,0,0,0,0,0,0,0,0,-14000,0,0,0,0,14000,-14000,-14000
7586,086005,聯詠元大0A購01,0,0,0,0,0,0,0,0,0,-14000,0,0,0,256000,270000,-14000,-14000
7587,085259,致伸國泰0A購01,0,0,0,0,0,0,0,0,0,-14000,0,0,0,98000,112000,-14000,-14000
7588,088503,京元電元大0B購01,0,0,0,0,0,0,0,0,0,-14000,0,0,0,282000,296000,-14000,-14000
7589,088024,聯發科永豐09購04,0,0,0,0,0,0,0,0,0,-14000,0,0,0,25000,39000,-14000,-14000
7590,088136,南茂凱基09購01,0,0,0,0,0,0,0,0,0,-14000,0,0,0,44000,58000,-14000,-14000
7591,036244,華邦電凱基0C購04,0,0,0,0,0,0,0,0,0,-14000,0,0,0,19000,33000,-14000,-14000
7592,034460,中信金群益0B購01,0,0,0,0,0,0,0,0,0,-14000,0,0,0,0,14000,-14000,-14000
7593,035013,旺宏第一15購01,0,0,0,0,0,0,0,0,0,-14000,0,0,0,10000,24000,-14000,-14000
7594,034179,儒鴻元大0C購01,0,0,0,0,0,0,0,0,0,-14000,0,0,0,23000,37000,-14000,-14000
7595,036628,聯電凱基0C購08,0,0,0,0,0,0,0,0,0,-14000,0,0,0,761000,775000,-14000,-14000
7596,039780,精英凱基11購02,0,0,0,0,0,0,0,0,0,-14000,0,0,0,246000,260000,-14000,-14000
7597,06178P,台灣50元富0B售04,0,0,0,0,0,0,0,0,0,-14000,0,0,0,0,14000,-14000,-14000
7598,039420,惠特永豐11購01,0,0,0,0,0,0,0,0,0,-14000,0,0,0,61000,75000,-14000,-14000
7599,039443,聚鼎元大14購01,0,0,0,0,0,0,0,0,0,-14000,0,0,0,10000,24000,-14000,-14000
7600,039058,臺股指群益13購01,0,0,0,0,0,0,0,0,0,-14000,0,0,0,36000,50000,-14000,-14000
7601,038188,威強電永豐11購01,0,0,0,0,0,0,0,0,0,-14000,0,0,0,0,14000,-14000,-14000
7602,038196,佳格群益12購01,0,0,0,0,0,0,0,0,0,-14000,0,0,0,0,14000,-14000,-14000
7603,038037,中鋼群益13購01,0,0,0,0,0,0,0,0,0,-14000,0,0,0,73000,87000,-14000,-14000
7604,038563,友達凱基12購02,0,0,0,0,0,0,0,0,0,-14000,0,0,0,0,14000,-14000,-14000
7605,038402,義隆凱基11購02,0,0,0,0,0,0,0,0,0,-14000,0,0,0,20000,34000,-14000,-14000
7606,07004P,華邦電群益0B售05,0,0,0,0,0,0,0,0,0,-14000,0,0,0,16000,30000,-14000,-14000
7607,072419,南亞科元富09購01,0,0,0,0,0,0,0,0,0,-14000,0,0,0,0,14000,-14000,-14000
7608,1449,佳和,1000,15000,-14000,0,0,0,0,0,0,0,0,0,0,0,0,0,-14000
7609,1423,利華,3000,17000,-14000,0,0,0,0,0,0,0,0,0,0,0,0,0,-14000
7610,1727,中華化,0,14000,-14000,0,0,0,0,0,0,0,0,0,0,0,0,0,-14000
7611,089524,正文元大09購01,0,0,0,0,0,0,0,0,0,-14000,0,0,0,30000,44000,-14000,-14000
7612,089931,全新永豐0A購01,0,0,0,0,0,0,0,0,0,-14000,0,0,0,178000,192000,-14000,-14000
7613,088857,矽統永豐09購02,0,0,0,0,0,0,0,0,0,-14000,0,0,0,1000,15000,-14000,-14000
7614,089068,友達凱基09購10,0,0,0,0,0,0,0,0,0,-14000,0,0,0,0,14000,-14000,-14000
7615,089306,友達國票0B購01,0,0,0,0,0,0,0,0,0,-14000,0,0,0,12000,26000,-14000,-14000
7616,6768,志強-KY,7000,21000,-14000,0,0,0,0,0,0,0,0,0,0,0,0,0,-14000
7617,5243,乙盛-KY,226000,216000,10000,0,0,0,0,0,0,-24000,6000,6000,0,1000,25000,-24000,-14000
7618,032924,宏碁國票0B購01,0,0,0,0,0,0,0,0,0,-15000,0,0,0,0,15000,-15000,-15000
7619,032403,SGBR2X元大11購01,0,0,0,0,0,0,0,0,0,-15000,0,0,0,0,15000,-15000,-15000
7620,032097,東鋼永豐0A購05,0,0,0,0,0,0,0,0,0,-15000,0,0,0,0,15000,-15000,-15000
7621,032118,台聚凱基12購02,0,0,0,0,0,0,0,0,0,-15000,0,0,0,0,15000,-15000,-15000
7622,032731,中石化凱基0A購03,0,0,0,0,0,0,0,0,0,-15000,0,0,0,0,15000,-15000,-15000
7623,031976,安普新元大0B購01,0,0,0,0,0,0,0,0,0,-15000,0,0,0,0,15000,-15000,-15000
7624,031102,億光群益0A購01,0,0,0,0,0,0,0,0,0,-15000,0,0,0,5000,20000,-15000,-15000
7625,030772,台積電麥證11購03,0,0,0,0,15000,-15000,0,0,0,-15000,0,0,0,0,15000,-15000,-15000
7626,00709,富邦歐洲,0,0,0,0,0,0,0,0,0,-15000,0,0,0,84000,99000,-15000,-15000
7627,020018,統一價值成長30N,0,0,0,0,0,0,0,0,0,-15000,0,0,0,15000,30000,-15000,-15000
7628,030084,同欣電群益0B購01,0,0,0,0,0,0,0,0,0,-15000,0,0,0,5000,20000,-15000,-15000
7629,030259,國光生永豐0A購01,0,0,0,0,0,0,0,0,0,-15000,0,0,0,0,15000,-15000,-15000
7630,030538,聯發科凱基0A購04,0,0,0,0,0,0,0,0,0,-15000,0,0,0,0,15000,-15000,-15000
7631,031198,元金2X凱基0B購02,0,0,0,0,0,0,0,0,0,-15000,0,0,0,10000,25000,-15000,-15000
7632,030303,中環康和11購01,0,0,0,0,0,0,0,0,0,-15000,0,0,0,0,15000,-15000,-15000
7633,035844,奇鋐元大0B購04,0,0,0,0,0,0,0,0,0,-15000,0,0,0,0,15000,-15000,-15000
7634,035097,台驊控凱基11購01,0,0,0,0,0,0,0,0,0,-15000,0,0,0,0,15000,-15000,-15000
7635,035573,長榮航元富12購01,0,0,0,0,0,0,0,0,0,-15000,0,0,0,0,15000,-15000,-15000
7636,088076,華新科統一0B購01,0,0,0,0,0,0,0,0,0,-15000,0,0,0,0,15000,-15000,-15000
7637,088292,中石化麥證0A購01,0,0,0,0,15000,-15000,0,0,0,-15000,0,0,0,0,15000,-15000,-15000
7638,088490,A50正2元大0C購01,0,0,0,0,0,0,0,0,0,-15000,0,0,0,0,15000,-15000,-15000
7639,085226,台積電元大0C購02,0,0,0,0,0,0,0,0,0,-15000,0,0,0,0,15000,-15000,-15000
7640,084963,鴻海國票12購02,0,0,0,0,0,0,0,0,0,-15000,0,0,0,15000,30000,-15000,-15000
7641,085787,台光電元大09購01,0,0,0,0,0,0,0,0,0,-15000,0,0,0,0,15000,-15000,-15000
7642,086168,聯詠元大0C購02,0,0,0,0,0,0,0,0,0,-15000,0,0,0,20000,35000,-15000,-15000
7643,085976,臺股指凱基0B購03,0,0,0,0,0,0,0,0,0,-15000,0,0,0,0,15000,-15000,-15000
7644,085828,大立光群益09購02,0,0,0,0,0,0,0,0,0,-15000,0,0,0,0,15000,-15000,-15000
7645,086376,華邦電國票0A購01,0,0,0,0,0,0,0,0,0,-15000,0,0,0,5000,20000,-15000,-15000
7646,086557,欣興元大11購01,0,0,0,0,0,0,0,0,0,-15000,0,0,0,0,15000,-15000,-15000
7647,086753,臺股指日盛0A購01,0,0,0,0,0,0,0,0,0,-15000,0,0,0,15000,30000,-15000,-15000
7648,087827,光罩凱基09購03,0,0,0,0,0,0,0,0,0,-15000,0,0,0,0,15000,-15000,-15000
7649,087611,友達永豐09購03,0,0,0,0,0,0,0,0,0,-15000,0,0,0,30000,45000,-15000,-15000
7650,087413,東鋼統一0B購01,0,0,0,0,0,0,0,0,0,-15000,0,0,0,1000,16000,-15000,-15000
7651,078349,群創凱基09購03,0,0,0,0,0,0,0,0,0,-15000,0,0,0,0,15000,-15000,-15000
7652,080810,群創凱基0B購01,0,0,0,0,0,0,0,0,0,-15000,0,0,0,0,15000,-15000,-15000
7653,07662P,滬深2X元富12售02,0,0,0,0,0,0,0,0,0,-15000,0,0,0,0,15000,-15000,-15000
7654,07534P,榮成群益11售01,0,0,0,0,0,0,0,0,0,-15000,0,0,0,6000,21000,-15000,-15000
7655,084772,凌陽凱基09購01,0,0,0,0,0,0,0,0,0,-15000,0,0,0,5000,20000,-15000,-15000
7656,082819,欣興元大09購02,0,0,0,0,0,0,0,0,0,-15000,0,0,0,0,15000,-15000,-15000
7657,036836,臺股指群益0C購05,0,0,0,0,0,0,0,0,0,-15000,0,0,0,8000,23000,-15000,-15000
7658,037021,國喬元大13購01,0,0,0,0,0,0,0,0,0,-15000,0,0,0,0,15000,-15000,-15000
7659,037044,欣興元大0C購07,0,0,0,0,0,0,0,0,0,-15000,0,0,0,116000,131000,-15000,-15000
7660,037104,世紀鋼永豐0C購01,0,0,0,0,0,0,0,0,0,-15000,0,0,0,0,15000,-15000,-15000
7661,035320,聯發科元大11購05,0,0,0,0,0,0,0,0,0,-15000,0,0,0,0,15000,-15000,-15000
7662,035379,裕民凱基0B購02,0,0,0,0,0,0,0,0,0,-15000,0,0,0,3000,18000,-15000,-15000
7663,034527,奇鋐康和0B購01,0,0,0,0,0,0,0,0,0,-15000,0,0,0,10000,25000,-15000,-15000
7664,033802,大成鋼國票0C購01,0,0,0,0,0,0,0,0,0,-15000,0,0,0,5000,20000,-15000,-15000
7665,034220,聯發科元富12購09,0,0,0,0,0,0,0,0,0,-15000,0,0,0,0,15000,-15000,-15000
7666,037845,滬深2X富邦13購03,0,0,0,0,0,0,0,0,0,-15000,0,0,0,0,15000,-15000,-15000
7667,037589,金像電群益11購01,0,0,0,0,0,0,0,0,0,-15000,0,0,0,0,15000,-15000,-15000
7668,06870P,臺股指凱基0A售13,0,0,0,0,0,0,0,0,0,-15000,0,0,0,80000,95000,-15000,-15000
7669,06832P,友達兆豐0A售04,0,0,0,0,0,0,0,0,0,-15000,0,0,0,0,15000,-15000,-15000
7670,06835P,臺股指麥證0C售04,0,0,0,0,15000,-15000,0,0,0,-15000,0,0,0,0,15000,-15000,-15000
7671,038035,台玻群益13購02,0,0,0,0,0,0,0,0,0,-15000,0,0,0,195000,210000,-15000,-15000
7672,038117,南亞科凱基11購03,0,0,0,0,0,0,0,0,0,-15000,0,0,0,20000,35000,-15000,-15000
7673,039004,台泥永豐11購01,0,0,0,0,0,0,0,0,0,-15000,0,0,0,33000,48000,-15000,-15000
7674,038870,旺宏凱基15購01,0,0,0,0,0,0,0,0,0,-15000,0,0,0,0,15000,-15000,-15000
7675,038764,聯陽元富12購01,0,0,0,0,0,0,0,0,0,-15000,0,0,0,0,15000,-15000,-15000
7676,039428,大成鋼元大11購11,0,0,0,0,0,0,0,0,0,-15000,0,0,0,0,15000,-15000,-15000
7677,039354,玉晶光國票13購01,0,0,0,0,0,0,0,0,0,-15000,0,0,0,0,15000,-15000,-15000
7678,039350,立隆電國票11購01,0,0,0,0,0,0,0,0,0,-15000,0,0,0,0,15000,-15000,-15000
7679,039183,華通元大11購01,0,0,0,0,0,0,0,0,0,-15000,0,0,0,0,15000,-15000,-15000
7680,06338P,臺股指凱基09售15,0,0,0,0,0,0,0,0,0,-15000,0,0,0,1000,16000,-15000,-15000
7681,06418P,臺股指元大0B售10,0,0,0,0,0,0,0,0,0,-15000,0,0,0,45000,60000,-15000,-15000
7682,040676,旺宏台新12購01,0,0,0,0,0,0,0,0,0,-15000,0,0,0,0,15000,-15000,-15000
7683,040723,矽創元大14購01,0,0,0,0,0,0,0,0,0,-15000,0,0,0,20000,35000,-15000,-15000
7684,040351,友達群益12購01,0,0,0,0,0,0,0,0,0,-15000,0,0,0,0,15000,-15000,-15000
7685,040427,漢翔凱基12購01,0,0,0,0,0,0,0,0,0,-15000,0,0,0,0,15000,-15000,-15000
7686,039748,新光鋼群益13購01,0,0,0,0,0,0,0,0,0,-15000,0,0,0,7000,22000,-15000,-15000
7687,040253,景碩永豐11購05,0,0,0,0,0,0,0,0,0,-15000,0,0,0,0,15000,-15000,-15000
7688,911622,泰聚亨-DR,11000,26000,-15000,0,0,0,0,0,0,0,0,0,0,0,0,0,-15000
7689,912000,晨訊科-DR,14000,29000,-15000,0,0,0,0,0,0,0,0,0,0,0,0,0,-15000
7690,089274,滬深2X元富09購11,0,0,0,0,0,0,0,0,0,-15000,0,0,0,0,15000,-15000,-15000
7691,089374,立積元大0B購01,0,0,0,0,0,0,0,0,0,-15000,0,0,0,0,15000,-15000,-15000
7692,089028,松翰元大0A購02,0,0,0,0,0,0,0,0,0,-15000,0,0,0,16000,31000,-15000,-15000
7693,1203,味王,0,15000,-15000,0,0,0,0,0,0,0,0,0,0,0,0,0,-15000
7694,089635,華新科凱基13購01,0,0,0,0,0,0,0,0,0,-15000,0,0,0,21000,36000,-15000,-15000
7695,2923,鼎固-KY,5000,20000,-15000,0,0,0,0,0,0,0,0,0,0,0,0,0,-15000
7696,3308,聯德,1000,16000,-15000,0,0,0,0,0,0,0,0,0,0,0,0,0,-15000
7697,2444,兆勁,5000,20000,-15000,0,0,0,0,0,0,0,0,0,0,0,0,0,-15000
7698,2536,宏普,9000,24000,-15000,0,0,0,0,0,0,0,0,0,0,0,0,0,-15000
7699,6706,惠特,1534100,1714367,-180267,0,0,0,72000,0,72000,92719,284000,288000,-4000,309110,212391,96719,-15548
7700,035636,華邦電富邦12購01,0,0,0,0,0,0,0,0,0,-16000,0,0,0,90000,106000,-16000,-16000
7701,035925,華通元富13購01,0,0,0,0,0,0,0,0,0,-16000,0,0,0,2000,18000,-16000,-16000
7702,035711,鴻海元大13購01,0,0,0,0,0,0,0,0,0,-16000,0,0,0,4000,20000,-16000,-16000
7703,030432,揚明光元大0B購01,0,0,0,0,0,0,0,0,0,-16000,0,0,0,0,16000,-16000,-16000
7704,030878,松翰元富11購01,0,0,0,0,0,0,0,0,0,-16000,0,0,0,95000,111000,-16000,-16000
7705,031465,新日興群益0B購01,0,0,0,0,0,0,0,0,0,-16000,0,0,0,4000,20000,-16000,-16000
7706,031494,聯電元大0A購09,0,0,0,0,0,0,0,0,0,-16000,0,0,0,278000,294000,-16000,-16000
7707,032261,裕民元大0A購02,0,0,0,0,0,0,0,0,0,-16000,0,0,0,4000,20000,-16000,-16000
7708,032593,宏達電元大0B購04,0,0,0,0,0,0,0,0,0,-16000,0,0,0,2000,18000,-16000,-16000
7709,032140,華邦電凱基0A購11,0,0,0,0,0,0,0,0,0,-16000,0,0,0,0,16000,-16000,-16000
7710,032123,力鵬凱基0A購01,0,0,0,0,0,0,0,0,0,-16000,0,0,0,0,16000,-16000,-16000
7711,032115,上証2X凱基0C購03,0,0,0,0,0,0,0,0,0,-16000,0,0,0,0,16000,-16000,-16000
7712,083704,T50正2元大0A購04,0,0,0,0,0,0,0,0,0,-16000,0,0,0,0,16000,-16000,-16000
7713,086833,可成元大09購02,0,0,0,0,0,0,0,0,0,-16000,0,0,0,88000,104000,-16000,-16000
7714,086288,群創群益0B購01,0,0,0,0,0,0,0,0,0,-16000,0,0,0,0,16000,-16000,-16000
7715,085950,祥碩群益08購05,0,0,0,0,0,0,0,0,0,-16000,0,0,0,0,16000,-16000,-16000
7716,085039,瑞昱元富0B購01,0,0,0,0,0,0,0,0,0,-16000,0,0,0,0,16000,-16000,-16000
7717,085173,美利達凱基09購01,0,0,0,0,0,0,0,0,0,-16000,0,0,0,7000,23000,-16000,-16000
7718,088508,華立元大09購01,0,0,0,0,0,0,0,0,0,-16000,0,0,0,0,16000,-16000,-16000
7719,034954,玉晶光凱基0B購05,0,0,0,0,0,0,0,0,0,-16000,0,0,0,0,16000,-16000,-16000
7720,036111,亞光國泰12購01,0,0,0,0,0,0,0,0,0,-16000,0,0,0,41000,57000,-16000,-16000
7721,035465,玉晶光國票0B購04,0,0,0,0,0,0,0,0,0,-16000,0,0,0,0,16000,-16000,-16000
7722,036939,鴻海中信12購01,0,0,0,0,0,0,0,0,0,-16000,0,0,0,34000,50000,-16000,-16000
7723,036681,健策國票11購02,0,0,0,0,0,0,0,0,0,-16000,0,0,0,128000,144000,-16000,-16000
7724,034037,國巨元富12購04,0,0,0,0,0,0,0,0,0,-16000,0,0,0,0,16000,-16000,-16000
7725,040100,愛普國票12購02,0,0,0,0,0,0,0,0,0,-16000,0,0,0,50000,66000,-16000,-16000
7726,039886,立隆電群益11購01,0,0,0,0,0,0,0,0,0,-16000,0,0,0,0,16000,-16000,-16000
7727,040468,上証2X國泰13購01,0,0,0,0,0,0,0,0,0,-16000,0,0,0,0,16000,-16000,-16000
7728,038915,為升台新11購01,0,0,0,0,0,0,0,0,0,-16000,0,0,0,0,16000,-16000,-16000
7729,038387,玉晶光元大15購02,0,0,0,0,0,0,0,0,0,-16000,0,0,0,0,16000,-16000,-16000
7730,038687,景碩群益11購01,0,0,0,0,0,0,0,0,0,-16000,0,0,0,203000,219000,-16000,-16000
7731,06815P,友達兆豐0B售03,0,0,0,0,0,0,0,0,0,-16000,0,0,0,0,16000,-16000,-16000
7732,06978P,聯詠元富0A售06,0,0,0,0,0,0,0,0,0,-16000,0,0,0,0,16000,-16000,-16000
7733,07190P,長榮國票12售04,0,0,0,0,0,0,0,0,0,-16000,0,0,0,0,16000,-16000,-16000
7734,07245P,國巨國泰12售02,0,0,0,0,0,0,0,0,0,-16000,0,0,0,0,16000,-16000,-16000
7735,5215,科嘉-KY,13000,29000,-16000,0,0,0,0,0,0,0,0,0,0,0,0,0,-16000
7736,2465,麗臺,101000,117000,-16000,0,0,0,0,0,0,0,0,0,0,0,0,0,-16000
7737,3058,立德,204000,220000,-16000,0,0,0,0,0,0,0,0,0,0,0,0,0,-16000
7738,1525,江申,28000,44000,-16000,0,0,0,0,0,0,0,0,0,0,0,0,0,-16000
7739,089593,南帝群益0B購03,0,0,0,0,0,0,0,0,0,-16000,0,0,0,4000,20000,-16000,-16000
7740,089992,申豐元大0A購01,0,0,0,0,0,0,0,0,0,-16000,0,0,0,24000,40000,-16000,-16000
7741,089201,群創凱基09購14,0,0,0,0,0,0,0,0,0,-16000,0,0,0,0,16000,-16000,-16000
7742,033516,智邦台新0B購01,0,0,0,0,0,0,0,0,0,-17000,0,0,0,0,17000,-17000,-17000
7743,031606,聯電元富0B購01,0,0,0,0,0,0,0,0,0,-17000,0,0,0,44000,61000,-17000,-17000
7744,030729,廣宇元大0C購01,0,0,0,0,0,0,0,0,0,-17000,0,0,0,50000,67000,-17000,-17000
7745,031252,大立光群益12購01,0,0,0,0,0,0,0,0,0,-17000,0,0,0,0,17000,-17000,-17000
7746,035574,聯詠元富12購01,0,0,0,0,0,0,0,0,0,-17000,0,0,0,761000,778000,-17000,-17000
7747,035528,華通群益0C購01,0,0,0,0,0,0,0,0,0,-17000,0,0,0,59000,76000,-17000,-17000
7748,085759,臺股指麥證09購03,0,0,0,3000,20000,-17000,0,0,0,-17000,0,0,0,3000,20000,-17000,-17000
7749,086318,彩晶凱基0B購02,0,0,0,0,0,0,0,0,0,-17000,0,0,0,2000,19000,-17000,-17000
7750,083035,台積電中信0A購03,0,0,0,0,0,0,0,0,0,-17000,0,0,0,1000,18000,-17000,-17000
7751,082963,聯電元大08購05,0,0,0,0,0,0,0,0,0,-17000,0,0,0,39000,56000,-17000,-17000
7752,082631,台光電國泰09購01,0,0,0,0,0,0,0,0,0,-17000,0,0,0,0,17000,-17000,-17000
7753,07594P,景碩群益11售04,0,0,0,0,0,0,0,0,0,-17000,0,0,0,86000,103000,-17000,-17000
7754,07453P,台積電富邦13售04,0,0,0,0,0,0,0,0,0,-17000,0,0,0,0,17000,-17000,-17000
7755,080205,長榮元富09購02,0,0,0,0,0,0,0,0,0,-17000,0,0,0,23000,40000,-17000,-17000
7756,079455,聯發科元富0C購03,0,0,0,0,0,0,0,0,0,-17000,0,0,0,0,17000,-17000,-17000
7757,033999,中鋼群益0B購11,0,0,0,0,0,0,0,0,0,-17000,0,0,0,123000,140000,-17000,-17000
7758,033886,瀚宇博元富0B購01,0,0,0,0,0,0,0,0,0,-17000,0,0,0,9000,26000,-17000,-17000
7759,034908,南亞科元大0C購03,0,0,0,0,0,0,0,0,0,-17000,0,0,0,0,17000,-17000,-17000
7760,033585,技嘉凱基12購01,0,0,0,0,0,0,0,0,0,-17000,0,0,0,53000,70000,-17000,-17000
7761,07267P,聯發科凱基13售05,0,0,0,0,0,0,0,0,0,-17000,0,0,0,0,17000,-17000,-17000
7762,038003,祥碩元大13購01,0,0,0,0,0,0,0,0,0,-17000,0,0,0,14000,31000,-17000,-17000
7763,038995,樺漢富邦13購01,0,0,0,0,0,0,0,0,0,-17000,0,0,0,8000,25000,-17000,-17000
7764,039055,淳安群益11購02,0,0,0,0,0,0,0,0,0,-17000,0,0,0,0,17000,-17000,-17000
7765,05891P,台積電國泰0B售03,0,0,0,0,0,0,0,0,0,-17000,0,0,0,0,17000,-17000,-17000
7766,05506P,玉晶光元富0C售02,0,0,0,0,0,0,0,0,0,-17000,0,0,0,1000,18000,-17000,-17000
7767,089814,玉晶光群益0B購02,0,0,0,0,0,0,0,0,0,-17000,0,0,0,3000,20000,-17000,-17000
7768,1725,元禎,3000,16000,-13000,0,0,0,0,0,0,-4000,0,4000,-4000,0,0,0,-17000
7769,3454,晶睿,1000,18000,-17000,0,0,0,0,0,0,0,0,0,0,0,0,0,-17000
7770,5525,順天,0,17000,-17000,0,0,0,0,0,0,0,0,0,0,0,0,0,-17000
7771,6426,統新,6000,23000,-17000,0,0,0,0,0,0,0,0,0,0,0,0,0,-17000
7772,9944,新麗,30000,47000,-17000,0,0,0,0,0,0,0,0,0,0,0,0,0,-17000
7773,035928,中鋼康和0C購01,0,0,0,0,0,0,0,0,0,-18000,0,0,0,50000,68000,-18000,-18000
7774,030220,揚明光凱基11購01,0,0,0,0,0,0,0,0,0,-18000,0,0,0,0,18000,-18000,-18000
7775,032749,達方凱基0A購01,0,0,0,0,0,0,0,0,0,-18000,0,0,0,12000,30000,-18000,-18000
7776,031740,華榮凱基12購02,0,0,0,0,0,0,0,0,0,-18000,0,0,0,75000,93000,-18000,-18000
7777,032414,大亞元大0B購01,0,0,0,0,0,0,0,0,0,-18000,0,0,0,0,18000,-18000,-18000
7778,080891,群創中信0B購02,0,0,0,0,0,0,0,0,0,-18000,0,0,0,10000,28000,-18000,-18000
7779,074912,敬鵬元富0A購01,0,0,0,0,0,0,0,0,0,-18000,0,0,0,0,18000,-18000,-18000
7780,083796,大立光統一09購10,0,0,0,0,0,0,0,0,0,-18000,0,0,0,0,18000,-18000,-18000
7781,084573,玉晶光國票08購09,0,0,0,0,0,0,0,0,0,-18000,0,0,0,10000,28000,-18000,-18000
7782,084647,滬深反群益0B購01,0,0,0,0,0,0,0,0,0,-18000,0,0,0,2000,20000,-18000,-18000
7783,084463,中興電凱基0B購03,0,0,0,0,0,0,0,0,0,-18000,0,0,0,0,18000,-18000,-18000
7784,086305,華通凱基09購01,0,0,0,0,0,0,0,0,0,-18000,0,0,0,2000,20000,-18000,-18000
7785,087044,華邦電凱基09購01,0,0,0,0,0,0,0,0,0,-18000,0,0,0,0,18000,-18000,-18000
7786,087771,華邦電中信0B購02,0,0,0,0,0,0,0,0,0,-18000,0,0,0,3000,21000,-18000,-18000
7787,088547,華碩群益0B購01,0,0,0,0,0,0,0,0,0,-18000,0,0,0,0,18000,-18000,-18000
7788,088192,華邦電群益09購05,0,0,0,0,0,0,0,0,0,-18000,0,0,0,0,18000,-18000,-18000
7789,033660,聯發科統一15購05,0,0,0,0,0,0,0,0,0,-18000,0,0,0,42000,60000,-18000,-18000
7790,034993,瑞祺群益0B購02,0,0,0,0,0,0,0,0,0,-18000,0,0,0,46000,64000,-18000,-18000
7791,036975,台光電第一16購01,0,0,0,0,0,0,0,0,0,-18000,0,0,0,0,18000,-18000,-18000
7792,037731,上緯控凱基0C購01,0,0,0,0,0,0,0,0,0,-18000,0,0,0,0,18000,-18000,-18000
7793,037741,晶碩元富0C購03,0,0,0,0,0,0,0,0,0,-18000,0,0,0,0,18000,-18000,-18000
7794,05449P,臺股指國票0A售01,0,0,0,0,0,0,0,0,0,-18000,0,0,0,0,18000,-18000,-18000
7795,06411P,滬深2X凱基0B售02,0,0,0,0,0,0,0,0,0,-18000,0,0,0,9000,27000,-18000,-18000
7796,039826,健策元富11購01,0,0,0,0,0,0,0,0,0,-18000,0,0,0,0,18000,-18000,-18000
7797,039721,益登國票12購01,0,0,0,0,0,0,0,0,0,-18000,0,0,0,0,18000,-18000,-18000
7798,039511,南亞科群益11購03,0,0,0,0,0,0,0,0,0,-18000,0,0,0,5000,23000,-18000,-18000
7799,039548,矽統元大13購01,0,0,0,0,0,0,0,0,0,-18000,0,0,0,149000,167000,-18000,-18000
7800,040148,盛群康和11購01,0,0,0,0,0,0,0,0,0,-18000,0,0,0,0,18000,-18000,-18000
7801,038333,和鑫凱基14購01,0,0,0,0,0,0,0,0,0,-18000,0,0,0,0,18000,-18000,-18000
7802,06971P,台灣50凱基0C售06,0,0,0,0,0,0,0,0,0,-18000,0,0,0,15000,33000,-18000,-18000
7803,06961P,大成鋼元富0A售08,0,0,0,0,0,0,0,0,0,-18000,0,0,0,0,18000,-18000,-18000
7804,06791P,臺股指凱基0A售09,0,0,0,0,0,0,0,0,0,-18000,0,0,0,7000,25000,-18000,-18000
7805,5288,豐祥-KY,8000,26000,-18000,0,0,0,0,0,0,0,0,0,0,0,0,0,-18000
7806,1225,福懋油,4000,22000,-18000,0,0,0,0,0,0,0,0,0,0,0,0,0,-18000
7807,089174,奇鋐國泰0B購01,0,0,0,0,0,0,0,0,0,-18000,0,0,0,2000,20000,-18000,-18000
7808,089026,乙盛元大11購01,0,0,0,0,0,0,0,0,0,-18000,0,0,0,2000,20000,-18000,-18000
7809,088836,友達中信09購04,0,0,0,0,0,0,0,0,0,-18000,0,0,0,0,18000,-18000,-18000
7810,3346,麗清,298376,317128,-18752,0,0,0,0,0,0,0,0,0,0,0,0,0,-18752
7811,9904,寶成,3429175,3388010,41165,0,0,0,0,0,0,-60000,6000,0,6000,0,66000,-66000,-18835
7812,032458,潤泰新元大0B購01,0,0,0,0,0,0,0,0,0,-19000,0,0,0,111000,130000,-19000,-19000
7813,031428,聯發科凱基0B購06,0,0,0,0,0,0,0,0,0,-19000,0,0,0,128000,147000,-19000,-19000
7814,030274,群創統一11購02,0,0,0,0,0,0,0,0,0,-19000,0,0,0,0,19000,-19000,-19000
7815,030480,大成鋼永豐0A購01,0,0,0,0,0,0,0,0,0,-19000,0,0,0,0,19000,-19000,-19000
7816,033144,玉晶光元大0A購05,0,0,0,0,0,0,0,0,0,-19000,0,0,0,1000,20000,-19000,-19000
7817,035869,長榮航元富13購01,0,0,0,0,0,0,0,0,0,-19000,0,0,0,50000,69000,-19000,-19000
7818,086821,致新元富09購01,0,0,0,0,0,0,0,0,0,-19000,0,0,0,1000,20000,-19000,-19000
7819,086233,群創統一0A購02,0,0,0,0,0,0,0,0,0,-19000,0,0,0,43000,62000,-19000,-19000
7820,083561,聯電群益09購01,0,0,0,0,0,0,0,0,0,-19000,0,0,0,150000,169000,-19000,-19000
7821,081861,臺股指中信0A購03,0,0,0,0,0,0,0,0,0,-19000,0,0,0,1000,20000,-19000,-19000
7822,07414P,裕民凱基0C售04,0,0,0,0,0,0,0,0,0,-19000,0,0,0,229000,248000,-19000,-19000
7823,07539P,玉晶光凱基11售05,0,0,0,0,0,0,0,0,0,-19000,0,0,0,52000,71000,-19000,-19000
7824,081091,智易中信0B購01,0,0,0,0,0,0,0,0,0,-19000,0,0,0,1000,20000,-19000,-19000
7825,037596,為升富邦13購01,0,0,0,0,0,0,0,0,0,-19000,0,0,0,0,19000,-19000,-19000
7826,03762C,T50反1元大0C牛09,0,0,0,0,0,0,0,0,0,-19000,0,0,0,0,19000,-19000,-19000
7827,037520,乙盛永豐0C購01,0,0,0,0,0,0,0,0,0,-19000,0,0,0,5000,24000,-19000,-19000
7828,036946,同欣電中信0C購01,0,0,0,0,0,0,0,0,0,-19000,0,0,0,11000,30000,-19000,-19000
7829,036854,玉晶光凱基0C購04,0,0,0,0,0,0,0,0,0,-19000,0,0,0,2000,21000,-19000,-19000
7830,03738C,元石油富邦0B牛01,0,0,0,0,0,0,0,0,0,-19000,0,0,0,15000,34000,-19000,-19000
7831,036374,聯詠國票11購01,0,0,0,0,0,0,0,0,0,-19000,0,0,0,41000,60000,-19000,-19000
7832,036362,旺宏國票11購01,0,0,0,0,0,0,0,0,0,-19000,0,0,0,1000,20000,-19000,-19000
7833,035248,祥碩群益0B購03,0,0,0,0,0,0,0,0,0,-19000,0,0,0,2000,21000,-19000,-19000
7834,034505,國巨凱基0B購05,0,0,0,0,0,0,0,0,0,-19000,0,0,0,39000,58000,-19000,-19000
7835,033386,宏達電元大11購03,0,0,0,0,0,0,0,0,0,-19000,0,0,0,1000,20000,-19000,-19000
7836,034552,聯電台新0B購01,0,0,0,0,0,0,0,0,0,-19000,0,0,0,78000,97000,-19000,-19000
7837,036238,台聚凱基0C購03,0,0,0,0,0,0,0,0,0,-19000,0,0,0,0,19000,-19000,-19000
7838,06939P,臺股指凱基0A售22,0,0,0,0,0,0,0,0,0,-19000,0,0,0,31000,50000,-19000,-19000
7839,07022P,友達中信0B售05,0,0,0,0,0,0,0,0,0,-19000,0,0,0,0,19000,-19000,-19000
7840,038874,京鼎凱基11購01,0,0,0,0,0,0,0,0,0,-19000,0,0,0,156000,175000,-19000,-19000
7841,040172,致新元大14購01,0,0,0,0,0,0,0,0,0,-19000,0,0,0,0,19000,-19000,-19000
7842,040117,和碩兆豐13購01,0,0,0,0,0,0,0,0,0,-19000,0,0,0,0,19000,-19000,-19000
7843,040237,飛宏群益11購01,0,0,0,0,0,0,0,0,0,-19000,0,0,0,4000,23000,-19000,-19000
7844,040211,圓展國票12購01,0,0,0,0,0,0,0,0,0,-19000,0,0,0,0,19000,-19000,-19000
7845,039807,興勤元大12購02,0,0,0,0,0,0,0,0,0,-19000,0,0,0,32000,51000,-19000,-19000
7846,06073P,上銀群益08售01,0,0,0,0,0,0,0,0,0,-19000,0,0,0,0,19000,-19000,-19000
7847,040419,矽創統一12購05,0,0,0,0,0,0,0,0,0,-19000,0,0,0,419000,438000,-19000,-19000
7848,040566,滬深2X元大13購07,0,0,0,0,0,0,0,0,0,-19000,0,0,0,0,19000,-19000,-19000
7849,3138,耀登,10000,29000,-19000,0,0,0,0,0,0,0,0,0,0,0,0,0,-19000
7850,089647,申豐凱基09購01,0,0,0,0,0,0,0,0,0,-19000,0,0,0,0,19000,-19000,-19000
7851,035113,國巨兆豐12購01,0,0,0,0,0,0,0,0,0,-20000,0,0,0,0,20000,-20000,-20000
7852,035960,鴻海元大0C購16,0,0,0,0,0,0,0,0,0,-20000,0,0,0,290000,310000,-20000,-20000
7853,035952,中石化元大0C購03,0,0,0,0,0,0,0,0,0,-20000,0,0,0,17000,37000,-20000,-20000
7854,035985,上銀國票11購01,0,0,0,0,0,0,0,0,0,-20000,0,0,0,0,20000,-20000,-20000
7855,035647,瀚宇博群益0C購01,0,0,0,0,0,0,0,0,0,-20000,0,0,0,0,20000,-20000,-20000
7856,035628,同欣電國票0C購01,0,0,0,0,0,0,0,0,0,-20000,0,0,0,0,20000,-20000,-20000
7857,035708,台橡元大0B購03,0,0,0,0,0,0,0,0,0,-20000,0,0,0,0,20000,-20000,-20000
7858,035739,亞光國票0B購01,0,0,0,0,0,0,0,0,0,-20000,0,0,0,18000,38000,-20000,-20000
7859,033162,中橡中信0B購01,0,0,0,0,0,0,0,0,0,-20000,0,0,0,0,20000,-20000,-20000
7860,032065,中石化中信0A購03,0,0,0,0,0,0,0,0,0,-20000,0,0,0,0,20000,-20000,-20000
7861,032819,國泰金國票0B購01,0,0,0,0,0,0,0,0,0,-20000,0,0,0,0,20000,-20000,-20000
7862,031360,友達中信0A購07,0,0,0,0,0,0,0,0,0,-20000,0,0,0,0,20000,-20000,-20000
7863,031995,台積電群益12購03,0,0,0,0,0,0,0,0,0,-20000,0,0,0,0,20000,-20000,-20000
7864,032046,旺宏國票0B購03,0,0,0,0,0,0,0,0,0,-20000,0,0,0,10000,30000,-20000,-20000
7865,031149,奇鋐兆豐0A購01,0,0,0,0,0,0,0,0,0,-20000,0,0,0,0,20000,-20000,-20000
7866,030752,茂林元大0A購01,0,0,0,0,0,0,0,0,0,-20000,0,0,0,200000,220000,-20000,-20000
7867,030851,帆宣兆豐0A購02,0,0,0,0,0,0,0,0,0,-20000,0,0,0,0,20000,-20000,-20000
7868,030831,華新科中信0C購01,0,0,0,0,0,0,0,0,0,-20000,0,0,0,0,20000,-20000,-20000
7869,030825,東鋼中信0B購02,0,0,0,0,0,0,0,0,0,-20000,0,0,0,0,20000,-20000,-20000
7870,030788,台達電凱基0A購02,0,0,0,0,0,0,0,0,0,-20000,0,0,0,0,20000,-20000,-20000
7871,031042,祥碩凱基0A購01,0,0,0,0,0,0,0,0,0,-20000,0,0,0,33000,53000,-20000,-20000
7872,031323,台達電元大0A購01,0,0,0,0,0,0,0,0,0,-20000,0,0,0,28000,48000,-20000,-20000
7873,030387,直得元大0A購02,0,0,0,0,0,0,0,0,0,-20000,0,0,0,0,20000,-20000,-20000
7874,031223,立積凱基0A購04,0,0,0,0,0,0,0,0,0,-20000,0,0,0,0,20000,-20000,-20000
7875,030146,眾達凱基12購01,0,0,0,0,0,0,0,0,0,-20000,0,0,0,0,20000,-20000,-20000
7876,030149,達運凱基12購01,0,0,0,0,0,0,0,0,0,-20000,0,0,0,0,20000,-20000,-20000
7877,032163,大成鋼元富0A購05,0,0,0,0,0,0,0,0,0,-20000,0,0,0,10000,30000,-20000,-20000
7878,032157,台達化元富0A購01,0,0,0,0,0,0,0,0,0,-20000,0,0,0,0,20000,-20000,-20000
7879,031424,旺宏凱基0B購03,0,0,0,0,0,0,0,0,0,-20000,0,0,0,0,20000,-20000,-20000
7880,032189,台達電群益0B購01,0,0,0,0,0,0,0,0,0,-20000,0,0,0,0,20000,-20000,-20000
7881,031822,智伸科元大0A購02,0,0,0,0,0,0,0,0,0,-20000,0,0,0,0,20000,-20000,-20000
7882,031959,華邦電元大0A購08,0,0,0,0,0,0,0,0,0,-20000,0,0,0,22000,42000,-20000,-20000
7883,032329,東鋼群益0A購01,0,0,0,0,0,0,0,0,0,-20000,0,0,0,5000,25000,-20000,-20000
7884,032103,友達永豐0A購04,0,0,0,0,0,0,0,0,0,-20000,0,0,0,0,20000,-20000,-20000
7885,033252,奇鋐元大0B購01,0,0,0,0,0,0,0,0,0,-20000,0,0,0,476000,496000,-20000,-20000
7886,033209,華邦電群益0C購02,0,0,0,0,0,0,0,0,0,-20000,0,0,0,168000,188000,-20000,-20000
7887,032725,彩晶元富0A購03,0,0,0,0,0,0,0,0,0,-20000,0,0,0,0,20000,-20000,-20000
7888,032726,彩晶元富0B購03,0,0,0,0,0,0,0,0,0,-20000,0,0,0,0,20000,-20000,-20000
7889,032237,道瓊反元大11購01,0,0,0,0,0,0,0,0,0,-20000,0,0,0,0,20000,-20000,-20000
7890,031539,大成鋼永豐0A購03,0,0,0,0,0,0,0,0,0,-20000,0,0,0,174000,194000,-20000,-20000
7891,032653,慧洋康和0A購03,0,0,0,0,0,0,0,0,0,-20000,0,0,0,0,20000,-20000,-20000
7892,032585,東鋼元大12購02,0,0,0,0,0,0,0,0,0,-20000,0,0,0,0,20000,-20000,-20000
7893,032302,金寶永豐0A購02,0,0,0,0,0,0,0,0,0,-20000,0,0,0,0,20000,-20000,-20000
7894,034313,晶碩永豐0B購02,0,0,0,0,0,0,0,0,0,-20000,0,0,0,0,20000,-20000,-20000
7895,034303,大成鋼永豐0B購01,0,0,0,0,0,0,0,0,0,-20000,0,0,0,0,20000,-20000,-20000
7896,081118,和鑫群益0A購01,0,0,0,0,0,0,0,0,0,-20000,0,0,0,0,20000,-20000,-20000
7897,079996,健策元富08購01,0,0,0,0,0,0,0,0,0,-20000,0,0,0,18000,38000,-20000,-20000
7898,080788,永光凱基09購01,0,0,0,0,0,0,0,0,0,-20000,0,0,0,30000,50000,-20000,-20000
7899,078274,宏達電國票08購01,0,0,0,0,0,0,0,0,0,-20000,0,0,0,80000,100000,-20000,-20000
7900,078154,台表科中信09購01,0,0,0,0,0,0,0,0,0,-20000,0,0,0,0,20000,-20000,-20000
7901,078189,華邦電元大08購01,0,0,0,0,0,0,0,0,0,-20000,0,0,0,0,20000,-20000,-20000
7902,07550P,大成鋼凱基11售06,0,0,0,0,0,0,0,0,0,-20000,0,0,0,8000,28000,-20000,-20000
7903,07668P,天鈺國票13售01,0,0,0,0,0,0,0,0,0,-20000,0,0,0,0,20000,-20000,-20000
7904,076447,大立光麥證09購01,0,0,0,0,20000,-20000,0,0,0,-20000,0,0,0,0,20000,-20000,-20000
7905,07632P,臺股指國票11售09,0,0,0,0,0,0,0,0,0,-20000,0,0,0,30000,50000,-20000,-20000
7906,07496P,臺股指凱基13售08,0,0,0,0,0,0,0,0,0,-20000,0,0,0,0,20000,-20000,-20000
7907,074686,立積統一09購02,0,0,0,0,0,0,0,0,0,-20000,0,0,0,0,20000,-20000,-20000
7908,081951,強茂統一09購02,0,0,0,0,0,0,0,0,0,-20000,0,0,0,0,20000,-20000,-20000
7909,081439,精英統一09購01,0,0,0,0,0,0,0,0,0,-20000,0,0,0,7000,27000,-20000,-20000
7910,082359,聯發科中信0A購03,0,0,0,0,0,0,0,0,0,-20000,0,0,0,0,20000,-20000,-20000
7911,083045,鴻海日盛0A購02,0,0,0,0,0,0,0,0,0,-20000,0,0,0,10000,30000,-20000,-20000
7912,083096,凱美元大08購01,0,0,0,0,0,0,0,0,0,-20000,0,0,0,20000,40000,-20000,-20000
7913,083142,帆宣凱基09購02,0,0,0,0,0,0,0,0,0,-20000,0,0,0,0,20000,-20000,-20000
7914,084169,友達凱基09購03,0,0,0,0,0,0,0,0,0,-20000,0,0,0,0,20000,-20000,-20000
7915,083931,可成中信0A購01,0,0,0,0,0,0,0,0,0,-20000,0,0,0,0,20000,-20000,-20000
7916,086475,茂林兆豐0A購01,0,0,0,0,0,0,0,0,0,-20000,0,0,0,0,20000,-20000,-20000
7917,085953,世紀鋼群益09購02,0,0,0,0,0,0,0,0,0,-20000,0,0,0,0,20000,-20000,-20000
7918,085959,光罩凱基08購02,0,0,0,0,0,0,0,0,0,-20000,0,0,0,0,20000,-20000,-20000
7919,085838,台表科群益08購02,0,0,0,0,0,0,0,0,0,-20000,0,0,0,10000,30000,-20000,-20000
7920,085839,台表科群益08購03,0,0,0,0,0,0,0,0,0,-20000,0,0,0,0,20000,-20000,-20000
7921,085875,松翰元富0B購01,0,0,0,0,0,0,0,0,0,-20000,0,0,0,0,20000,-20000,-20000
7922,086174,群創元大0C購04,0,0,0,0,0,0,0,0,0,-20000,0,0,0,0,20000,-20000,-20000
7923,085687,鴻海國泰0A購02,0,0,0,0,0,0,0,0,0,-20000,0,0,0,0,20000,-20000,-20000
7924,085672,南電統一0A購03,0,0,0,0,0,0,0,0,0,-20000,0,0,0,0,20000,-20000,-20000
7925,085571,宏碁兆豐08購02,0,0,0,0,0,0,0,0,0,-20000,0,0,0,0,20000,-20000,-20000
7926,085529,亞光中信09購01,0,0,0,0,0,0,0,0,0,-20000,0,0,0,0,20000,-20000,-20000
7927,085445,T50反1元富12購03,0,0,0,0,0,0,0,0,0,-20000,0,0,0,0,20000,-20000,-20000
7928,085138,台郡元富08購02,0,0,0,0,0,0,0,0,0,-20000,0,0,0,10000,30000,-20000,-20000
7929,085340,聯發科中信0B購01,0,0,0,0,0,0,0,0,0,-20000,0,0,0,0,20000,-20000,-20000
7930,085379,京鼎群益09購01,0,0,0,0,0,0,0,0,0,-20000,0,0,0,10000,30000,-20000,-20000
7931,086756,台積電麥證09購04,0,0,0,0,20000,-20000,0,0,0,-20000,0,0,0,0,20000,-20000,-20000
7932,086836,王品元大09購01,0,0,0,0,0,0,0,0,0,-20000,0,0,0,20000,40000,-20000,-20000
7933,087147,創意國票0A購02,0,0,0,0,0,0,0,0,0,-20000,0,0,0,20000,40000,-20000,-20000
7934,087137,台達電國票0A購01,0,0,0,0,0,0,0,0,0,-20000,0,0,0,0,20000,-20000,-20000
7935,087167,南電永豐09購03,0,0,0,0,0,0,0,0,0,-20000,0,0,0,20000,40000,-20000,-20000
7936,087666,中磊兆豐0A購01,0,0,0,0,0,0,0,0,0,-20000,0,0,0,0,20000,-20000,-20000
7937,087854,可成國票0B購01,0,0,0,0,0,0,0,0,0,-20000,0,0,0,0,20000,-20000,-20000
7938,087958,晶碩元富11購01,0,0,0,0,0,0,0,0,0,-20000,0,0,0,0,20000,-20000,-20000
7939,087979,新光金凱基12購01,0,0,0,0,0,0,0,0,0,-20000,0,0,0,0,20000,-20000,-20000
7940,087342,可成凱基0B購01,0,0,0,0,0,0,0,0,0,-20000,0,0,0,10000,30000,-20000,-20000
7941,087660,A50正2兆豐0A購01,0,0,0,0,0,0,0,0,0,-20000,0,0,0,0,20000,-20000,-20000
7942,088062,TPK元大09購02,0,0,0,0,0,0,0,0,0,-20000,0,0,0,10000,30000,-20000,-20000
7943,087991,聚陽群益0A購01,0,0,0,0,0,0,0,0,0,-20000,0,0,0,0,20000,-20000,-20000
7944,088585,華碩統一0B購02,0,0,0,0,0,0,0,0,0,-20000,0,0,0,0,20000,-20000,-20000
7945,088318,上証2X元大0C購01,0,0,0,0,0,0,0,0,0,-20000,0,0,0,0,20000,-20000,-20000
7946,036273,台玻元大0C購04,0,0,0,0,0,0,0,0,0,-20000,0,0,0,11000,31000,-20000,-20000
7947,034677,玉晶光凱基0B購04,0,0,0,0,0,0,0,0,0,-20000,0,0,0,0,20000,-20000,-20000
7948,037140,智原統一0C購03,0,0,0,0,0,0,0,0,0,-20000,0,0,0,0,20000,-20000,-20000
7949,033616,富邦金群益11購02,0,0,0,0,0,0,0,0,0,-20000,0,0,0,201000,221000,-20000,-20000
7950,033570,東鋼第一15購01,0,0,0,0,0,0,0,0,0,-20000,0,0,0,0,20000,-20000,-20000
7951,034978,華新科富邦0B購01,0,0,0,0,0,0,0,0,0,-20000,0,0,0,0,20000,-20000,-20000
7952,034871,華東元大0C購01,0,0,0,0,0,0,0,0,0,-20000,0,0,0,10000,30000,-20000,-20000
7953,034752,南電元大11購01,0,0,0,0,0,0,0,0,0,-20000,0,0,0,0,20000,-20000,-20000
7954,033372,滬深2X元大13購02,0,0,0,0,0,0,0,0,0,-20000,0,0,0,10000,30000,-20000,-20000
7955,033458,聯發科群益0B購06,0,0,0,0,0,0,0,0,0,-20000,0,0,0,0,20000,-20000,-20000
7956,033647,台玻統一15購01,0,0,0,0,0,0,0,0,0,-20000,0,0,0,0,20000,-20000,-20000
7957,035273,台灣50國票0B購01,0,0,0,0,0,0,0,0,0,-20000,0,0,0,0,20000,-20000,-20000
7958,035000,聯電元大0C購09,0,0,0,0,0,0,0,0,0,-20000,0,0,0,94000,114000,-20000,-20000
7959,034991,長榮航群益0C購01,0,0,0,0,0,0,0,0,0,-20000,0,0,0,14000,34000,-20000,-20000
7960,035437,創意元大0B購02,0,0,0,0,0,0,0,0,0,-20000,0,0,0,0,20000,-20000,-20000
7961,033314,欣興元富12購02,0,0,0,0,0,0,0,0,0,-20000,0,0,0,49000,69000,-20000,-20000
7962,036336,台達電元富12購01,0,0,0,0,0,0,0,0,0,-20000,0,0,0,0,20000,-20000,-20000
7963,036407,台達電群益12購01,0,0,0,0,0,0,0,0,0,-20000,0,0,0,29000,49000,-20000,-20000
7964,036474,友達元大0C購17,0,0,0,0,0,0,0,0,0,-20000,0,0,0,0,20000,-20000,-20000
7965,036430,技嘉凱基0C購02,0,0,0,0,0,0,0,0,0,-20000,0,0,0,0,20000,-20000,-20000
7966,036643,聯電統一0C購11,0,0,0,0,0,0,0,0,0,-20000,0,0,0,190000,210000,-20000,-20000
7967,036119,群光群益11購01,0,0,0,0,0,0,0,0,0,-20000,0,0,0,0,20000,-20000,-20000
7968,034194,鴻準元大11購01,0,0,0,0,0,0,0,0,0,-20000,0,0,0,0,20000,-20000,-20000
7969,037427,華擎國票11購01,0,0,0,0,0,0,0,0,0,-20000,0,0,0,0,20000,-20000,-20000
7970,036704,正隆群益0C購02,0,0,0,0,0,0,0,0,0,-20000,0,0,0,0,20000,-20000,-20000
7971,037000,技嘉台新0C購01,0,0,0,0,0,0,0,0,0,-20000,0,0,0,0,20000,-20000,-20000
7972,037024,上銀元大12購02,0,0,0,0,0,0,0,0,0,-20000,0,0,0,0,20000,-20000,-20000
7973,037056,台光電國票11購02,0,0,0,0,0,0,0,0,0,-20000,0,0,0,0,20000,-20000,-20000
7974,037680,SGBR2X元大0C購06,0,0,0,0,0,0,0,0,0,-20000,0,0,0,0,20000,-20000,-20000
7975,037681,東鋼元大0C購06,0,0,0,0,0,0,0,0,0,-20000,0,0,0,15000,35000,-20000,-20000
7976,040666,億光統一12購01,0,0,0,0,0,0,0,0,0,-20000,0,0,0,2000,22000,-20000,-20000
7977,06249P,T50反1元富12售02,0,0,0,0,0,0,0,0,0,-20000,0,0,0,0,20000,-20000,-20000
7978,06067P,聯發科凱基0C售04,0,0,0,0,0,0,0,0,0,-20000,0,0,0,40000,60000,-20000,-20000
7979,05668P,台積電中信0B售04,0,0,0,0,0,0,0,0,0,-20000,0,0,0,0,20000,-20000,-20000
7980,05669P,台積電中信0B售05,0,0,0,0,0,0,0,0,0,-20000,0,0,0,0,20000,-20000,-20000
7981,06714P,聯詠中信09售04,0,0,0,0,0,0,0,0,0,-20000,0,0,0,0,20000,-20000,-20000
7982,06686P,聯電元大09售09,0,0,0,0,0,0,0,0,0,-20000,0,0,0,0,20000,-20000,-20000
7983,039812,緯創元大11購01,0,0,0,0,0,0,0,0,0,-20000,0,0,0,0,20000,-20000,-20000
7984,039758,群創群益11購09,0,0,0,0,0,0,0,0,0,-20000,0,0,0,96000,116000,-20000,-20000
7985,039476,訊芯富邦13購01,0,0,0,0,0,0,0,0,0,-20000,0,0,0,0,20000,-20000,-20000
7986,039582,旺宏國票11購02,0,0,0,0,0,0,0,0,0,-20000,0,0,0,0,20000,-20000,-20000
7987,039578,台達化國票12購01,0,0,0,0,0,0,0,0,0,-20000,0,0,0,0,20000,-20000,-20000
7988,040227,台積電國泰15購01,0,0,0,0,0,0,0,0,0,-20000,0,0,0,55000,75000,-20000,-20000
7989,040084,旺宏國票11購03,0,0,0,0,0,0,0,0,0,-20000,0,0,0,0,20000,-20000,-20000
7990,040085,旺宏國票12購02,0,0,0,0,0,0,0,0,0,-20000,0,0,0,0,20000,-20000,-20000
7991,040137,凌陽群益11購03,0,0,0,0,0,0,0,0,0,-20000,0,0,0,11000,31000,-20000,-20000
7992,040059,台光電元大12購02,0,0,0,0,0,0,0,0,0,-20000,0,0,0,53000,73000,-20000,-20000
7993,040035,和潤凱基11購01,0,0,0,0,0,0,0,0,0,-20000,0,0,0,0,20000,-20000,-20000
7994,038798,晶技群益11購01,0,0,0,0,0,0,0,0,0,-20000,0,0,0,0,20000,-20000,-20000
7995,038737,台聚元富14購03,0,0,0,0,0,0,0,0,0,-20000,0,0,0,10000,30000,-20000,-20000
7996,038738,台聚元富14購04,0,0,0,0,0,0,0,0,0,-20000,0,0,0,0,20000,-20000,-20000
7997,038969,臺股指元大13購21,0,0,0,0,0,0,0,0,0,-20000,0,0,0,20000,40000,-20000,-20000
7998,039364,微星富邦13購01,0,0,0,0,0,0,0,0,0,-20000,0,0,0,0,20000,-20000,-20000
7999,039435,國泰金元大14購01,0,0,0,0,0,0,0,0,0,-20000,0,0,0,46000,66000,-20000,-20000
8000,038371,大成鋼元大15購01,0,0,0,0,0,0,0,0,0,-20000,0,0,0,40000,60000,-20000,-20000
8001,038381,大立光元大11購05,0,0,0,0,0,0,0,0,0,-20000,0,0,0,0,20000,-20000,-20000
8002,038682,順德群益13購02,0,0,0,0,0,0,0,0,0,-20000,0,0,0,274000,294000,-20000,-20000
8003,037965,南電元大0C購08,0,0,0,0,0,0,0,0,0,-20000,0,0,0,0,20000,-20000,-20000
8004,038030,亞光富邦0C購01,0,0,0,0,0,0,0,0,0,-20000,0,0,0,0,20000,-20000,-20000
8005,07041P,中鋼台新0B售02,0,0,0,0,0,0,0,0,0,-20000,0,0,0,0,20000,-20000,-20000
8006,07057P,友達元大0C售11,0,0,0,0,0,0,0,0,0,-20000,0,0,0,23000,43000,-20000,-20000
8007,07188P,長榮凱基11售06,0,0,0,0,0,0,0,0,0,-20000,0,0,0,0,20000,-20000,-20000
8008,06743P,台灣50元大0A售13,0,0,0,0,0,0,0,0,0,-20000,0,0,0,0,20000,-20000,-20000
8009,089709,T50反1中信13購01,0,0,0,0,0,0,0,0,0,-20000,0,0,0,0,20000,-20000,-20000
8010,088827,台表科元大09購04,0,0,0,0,0,0,0,0,0,-20000,0,0,0,77000,97000,-20000,-20000
8011,089110,英業達國票0B購01,0,0,0,0,0,0,0,0,0,-20000,0,0,0,0,20000,-20000,-20000
8012,089137,華碩元大09購05,0,0,0,0,0,0,0,0,0,-20000,0,0,0,20000,40000,-20000,-20000
8013,089410,大立光凱基13購02,0,0,0,0,0,0,0,0,0,-20000,0,0,0,10000,30000,-20000,-20000
8014,2929,淘帝-KY,22000,42000,-20000,0,0,0,0,0,0,0,0,0,0,0,0,0,-20000
8015,1445,大宇,0,20000,-20000,0,0,0,0,0,0,0,0,0,0,0,0,0,-20000
8016,4999,鑫禾,9000,29000,-20000,0,0,0,0,0,0,0,0,0,0,0,0,0,-20000
8017,9908,大台北,1000,21000,-20000,0,0,0,0,0,0,0,0,0,0,0,0,0,-20000
8018,032965,華邦電元大0A購13,0,0,0,0,0,0,0,0,0,-21000,0,0,0,19000,40000,-21000,-21000
8019,031620,中鋼統一12購01,0,0,0,0,0,0,0,0,0,-21000,0,0,0,0,21000,-21000,-21000
8020,032567,玉晶光群益12購01,0,0,0,0,0,0,0,0,0,-21000,0,0,0,2000,23000,-21000,-21000
8021,032106,裕民永豐0A購02,0,0,0,0,0,0,0,0,0,-21000,0,0,0,0,21000,-21000,-21000
8022,031703,台橡永豐0A購02,0,0,0,0,0,0,0,0,0,-21000,0,0,0,0,21000,-21000,-21000
8023,031390,信邦統一0C購01,0,0,0,0,0,0,0,0,0,-21000,0,0,0,0,21000,-21000,-21000
8024,030054,群創元大0A購05,0,0,0,0,0,0,0,0,0,-21000,0,0,0,0,21000,-21000,-21000
8025,030513,益登群益0A購01,0,0,0,0,0,0,0,0,0,-21000,0,0,0,0,21000,-21000,-21000
8026,030774,凌陽麥證0A購02,0,0,0,0,22000,-22000,0,0,0,-21000,0,0,0,1000,22000,-21000,-21000
8027,035840,台驊控元大0B購02,0,0,0,0,0,0,0,0,0,-21000,0,0,0,0,21000,-21000,-21000
8028,087280,中鋼元大0B購01,0,0,0,0,0,0,0,0,0,-21000,0,0,0,0,21000,-21000,-21000
8029,086679,友達統一11購01,0,0,0,0,0,0,0,0,0,-21000,0,0,0,0,21000,-21000,-21000
8030,085868,台郡統一0A購01,0,0,0,0,0,0,0,0,0,-21000,0,0,0,0,21000,-21000,-21000
8031,086458,義隆群益0B購01,0,0,0,0,0,0,0,0,0,-21000,0,0,0,119000,140000,-21000,-21000
8032,086282,友達群益09購10,0,0,0,0,0,0,0,0,0,-21000,0,0,0,0,21000,-21000,-21000
8033,07637P,裕民元富14售03,0,0,0,0,0,0,0,0,0,-21000,0,0,0,0,21000,-21000,-21000
8034,080728,台積電第一0C購01,0,0,0,0,0,0,0,0,0,-21000,0,0,0,10000,31000,-21000,-21000
8035,03766C,T50反1元大15牛01,0,0,0,0,0,0,0,0,0,-21000,0,0,0,200000,221000,-21000,-21000
8036,036908,玉晶光元大0C購07,0,0,0,0,0,0,0,0,0,-21000,0,0,0,0,21000,-21000,-21000
8037,037344,偉詮電國泰12購01,0,0,0,0,0,0,0,0,0,-21000,0,0,0,324000,345000,-21000,-21000
8038,037119,瑞昱元大0C購01,0,0,0,0,0,0,0,0,0,-21000,0,0,0,180000,201000,-21000,-21000
8039,034813,台積電群益0B購09,0,0,0,0,0,0,0,0,0,-21000,0,0,0,20000,41000,-21000,-21000
8040,038137,台達電群益11購01,0,0,0,0,0,0,0,0,0,-21000,0,0,0,12000,33000,-21000,-21000
8041,038914,南茂群益11購01,0,0,0,0,0,0,0,0,0,-21000,0,0,0,9000,30000,-21000,-21000
8042,038755,王品國泰13購02,0,0,0,0,0,0,0,0,0,-21000,0,0,0,33000,54000,-21000,-21000
8043,038767,聯電康和11購02,0,0,0,0,0,0,0,0,0,-21000,0,0,0,73000,94000,-21000,-21000
8044,040201,華擎凱基11購01,0,0,0,0,0,0,0,0,0,-21000,0,0,0,6000,27000,-21000,-21000
8045,039699,電子類群益11購01,0,0,0,0,0,0,0,0,0,-21000,0,0,0,0,21000,-21000,-21000
8046,040515,日月光元富14購01,0,0,0,0,0,0,0,0,0,-21000,0,0,0,0,21000,-21000,-21000
8047,040387,欣興元大13購02,0,0,0,0,0,0,0,0,0,-21000,0,0,0,15000,36000,-21000,-21000
8048,3032,偉訓,31000,52000,-21000,0,0,0,0,0,0,0,0,0,0,0,0,0,-21000
8049,089459,京鼎統一0B購02,0,0,0,0,0,0,0,0,0,-21000,0,0,0,4000,25000,-21000,-21000
8050,088963,聯詠國票0A購03,0,0,0,0,0,0,0,0,0,-21000,0,0,0,83000,104000,-21000,-21000
8051,4164,承業醫,5000,26000,-21000,0,0,0,0,0,0,-139,2000,2139,-139,0,0,0,-21139
8052,035807,國巨凱基0B購10,0,0,0,0,0,0,0,0,0,-22000,0,0,0,0,22000,-22000,-22000
8053,035988,新唐國票11購02,0,0,0,0,0,0,0,0,0,-22000,0,0,0,0,22000,-22000,-22000
8054,032052,友達國票0B購02,0,0,0,0,0,0,0,0,0,-22000,0,0,0,63000,85000,-22000,-22000
8055,030560,長榮統一0C購03,0,0,0,0,0,0,0,0,0,-22000,0,0,0,40000,62000,-22000,-22000
8056,030587,T50正2元大11購02,0,0,0,0,0,0,0,0,0,-22000,0,0,0,31000,53000,-22000,-22000
8057,030392,鴻海元大0C購11,0,0,0,0,0,0,0,0,0,-22000,0,0,0,95000,117000,-22000,-22000
8058,031801,長榮航國票0A購03,0,0,0,0,0,0,0,0,0,-22000,0,0,0,106000,128000,-22000,-22000
8059,032910,南亞國票0A購01,0,0,0,0,0,0,0,0,0,-22000,0,0,0,10000,32000,-22000,-22000
8060,032967,宏達電元大0A購05,0,0,0,0,0,0,0,0,0,-22000,0,0,0,0,22000,-22000,-22000
8061,080179,長榮統一08購04,0,0,0,0,0,0,0,0,0,-22000,0,0,0,3004000,3026000,-22000,-22000
8062,085871,華邦電元富0A購08,0,0,0,0,0,0,0,0,0,-22000,0,0,0,100000,122000,-22000,-22000
8063,085977,臺股指凱基0B購04,0,0,0,0,0,0,0,0,0,-22000,0,0,0,0,22000,-22000,-22000
8064,085508,台表科凱基08購02,0,0,0,0,0,0,0,0,0,-22000,0,0,0,18000,40000,-22000,-22000
8065,087687,金像電元大09購02,0,0,0,0,0,0,0,0,0,-22000,0,0,0,9000,31000,-22000,-22000
8066,034486,裕民元大0B購04,0,0,0,0,0,0,0,0,0,-22000,0,0,0,28000,50000,-22000,-22000
8067,037400,玉晶光凱基11購03,0,0,0,0,0,0,0,0,0,-22000,0,0,0,22000,44000,-22000,-22000
8068,037742,第一銅麥證0C購01,0,0,0,0,22000,-22000,0,0,0,-22000,0,0,0,0,22000,-22000,-22000
8069,037541,祥碩元大0C購02,0,0,0,0,0,0,0,0,0,-22000,0,0,0,134000,156000,-22000,-22000
8070,040469,滬深2X國泰13購02,0,0,0,0,0,0,0,0,0,-22000,0,0,0,0,22000,-22000,-22000
8071,040643,滬深2X凱基13購05,0,0,0,0,0,0,0,0,0,-22000,0,0,0,0,22000,-22000,-22000
8072,039295,岱宇元富11購01,0,0,0,0,0,0,0,0,0,-22000,0,0,0,0,22000,-22000,-22000
8073,038104,亞光元富12購01,0,0,0,0,0,0,0,0,0,-22000,0,0,0,0,22000,-22000,-22000
8074,07215P,大立光元富0B售04,0,0,0,0,0,0,0,0,0,-22000,0,0,0,0,22000,-22000,-22000
8075,4930,燦星網,26000,48000,-22000,0,0,0,0,0,0,0,0,0,0,0,0,0,-22000
8076,6205,詮欣,5000,27000,-22000,0,0,0,0,0,0,0,0,0,0,0,0,0,-22000
8077,089627,鴻海凱基0B購08,0,0,0,0,0,0,0,0,0,-22000,0,0,0,0,22000,-22000,-22000
8078,3054,立萬利,9000,31000,-22000,0,0,0,0,0,0,0,0,0,0,0,0,0,-22000
8079,1736,喬山,20000,42000,-22000,0,0,0,0,0,0,0,0,0,0,0,0,0,-22000
8080,032960,聯電元大0A購16,0,0,0,0,0,0,0,0,0,-23000,0,0,0,100000,123000,-23000,-23000
8081,031615,中鋼麥證0B購01,0,0,0,63000,84000,-21000,0,0,0,-23000,0,0,0,63000,86000,-23000,-23000
8082,034288,富邦金兆豐0B購03,0,0,0,0,0,0,0,0,0,-23000,0,0,0,0,23000,-23000,-23000
8083,032920,聯電國票0B購04,0,0,0,0,0,0,0,0,0,-23000,0,0,0,39000,62000,-23000,-23000
8084,031825,彩晶元大0A購09,0,0,0,0,0,0,0,0,0,-23000,0,0,0,0,23000,-23000,-23000
8085,031845,臻鼎兆豐0B購01,0,0,0,0,0,0,0,0,0,-23000,0,0,0,0,23000,-23000,-23000
8086,030152,台積電富邦0C購02,0,0,0,0,0,0,0,0,0,-23000,0,0,0,0,23000,-23000,-23000
8087,030881,中鋼麥證0A購01,0,0,0,5000,26000,-21000,0,0,0,-23000,0,0,0,5000,28000,-23000,-23000
8088,036006,大成鋼凱基13購04,0,0,0,0,0,0,0,0,0,-23000,0,0,0,0,23000,-23000,-23000
8089,087918,日月光群益09購02,0,0,0,0,0,0,0,0,0,-23000,0,0,0,115000,138000,-23000,-23000
8090,085122,明基材元大08購01,0,0,0,0,0,0,0,0,0,-23000,0,0,0,0,23000,-23000,-23000
8091,085817,華邦電群益08購05,0,0,0,0,0,0,0,0,0,-23000,0,0,0,61000,84000,-23000,-23000
8092,07456P,華邦電中信11售01,0,0,0,0,0,0,0,0,0,-23000,0,0,0,70000,93000,-23000,-23000
8093,07376P,友達元富0C售05,0,0,0,0,0,0,0,0,0,-23000,0,0,0,5000,28000,-23000,-23000
8094,083742,聯發科國票09購03,0,0,0,0,0,0,0,0,0,-23000,0,0,0,2000,25000,-23000,-23000
8095,082763,嘉晶統一09購01,0,0,0,0,0,0,0,0,0,-23000,0,0,0,19000,42000,-23000,-23000
8096,088441,聯陽凱基09購03,0,0,0,0,0,0,0,0,0,-23000,0,0,0,0,23000,-23000,-23000
8097,037397,瑞昱凱基0C購02,0,0,0,0,0,0,0,0,0,-23000,0,0,0,108000,131000,-23000,-23000
8098,037117,金像電元大11購02,0,0,0,0,0,0,0,0,0,-23000,0,0,0,0,23000,-23000,-23000
8099,036828,滬深2X群益11購01,0,0,0,0,0,0,0,0,0,-23000,0,0,0,0,23000,-23000,-23000
8100,033605,燁輝群益0C購01,0,0,0,0,0,0,0,0,0,-23000,0,0,0,0,23000,-23000,-23000
8101,033589,台驊控凱基13購01,0,0,0,0,0,0,0,0,0,-23000,0,0,0,12000,35000,-23000,-23000
8102,036268,臺股指群益0C購03,0,0,0,0,0,0,0,0,0,-23000,0,0,0,0,23000,-23000,-23000
8103,035033,遠東新麥證0C購01,0,0,0,0,23000,-23000,0,0,0,-23000,0,0,0,0,23000,-23000,-23000
8104,033436,京元電元大0B購02,0,0,0,0,0,0,0,0,0,-23000,0,0,0,0,23000,-23000,-23000
8105,07059P,台灣50台新0B售02,0,0,0,0,0,0,0,0,0,-23000,0,0,0,0,23000,-23000,-23000
8106,038691,健策群益11購01,10000,0,10000,0,0,0,0,0,0,-33000,0,0,0,41000,74000,-33000,-23000
8107,038347,強茂元富12購02,0,0,0,0,0,0,0,0,0,-23000,0,0,0,2000,25000,-23000,-23000
8108,038759,光罩中信11購01,0,0,0,0,0,0,0,0,0,-23000,0,0,0,1564000,1587000,-23000,-23000
8109,038797,欣興群益13購01,0,0,0,0,0,0,0,0,0,-23000,0,0,0,208000,231000,-23000,-23000
8110,038802,統一實群益12購01,0,0,0,0,0,0,0,0,0,-23000,0,0,0,27000,50000,-23000,-23000
8111,06692P,聯發科凱基13售02,0,0,0,0,0,0,0,0,0,-23000,0,0,0,0,23000,-23000,-23000
8112,06730P,台灣50群益09售12,0,0,0,0,0,0,0,0,0,-23000,0,0,0,22000,45000,-23000,-23000
8113,06724P,友達中信0B售01,0,0,0,0,0,0,0,0,0,-23000,0,0,0,0,23000,-23000,-23000
8114,1529,樂士,2000,25000,-23000,0,0,0,0,0,0,0,0,0,0,0,0,0,-23000
8115,089754,晶碩統一0B購02,0,0,0,0,0,0,0,0,0,-23000,0,0,0,5000,28000,-23000,-23000
8116,088938,立積統一0B購01,0,0,0,0,0,0,0,0,0,-23000,0,0,0,0,23000,-23000,-23000
8117,030790,鴻海凱基11購03,0,0,0,0,0,0,0,0,0,-24000,0,0,0,8000,32000,-24000,-24000
8118,030832,長榮中信0C購02,0,0,0,0,0,0,0,0,0,-24000,0,0,0,26000,50000,-24000,-24000
8119,030351,華新科群益0A購01,0,0,0,0,0,0,0,0,0,-24000,0,0,0,78000,102000,-24000,-24000
8120,032009,臺股指群益0A購11,0,0,0,0,0,0,0,0,0,-24000,0,0,0,580000,604000,-24000,-24000
8121,032013,台玻統一0C購01,0,0,0,0,0,0,0,0,0,-24000,0,0,0,0,24000,-24000,-24000
8122,00661,元大日經225,0,0,0,0,0,0,0,0,0,-24000,0,0,0,0,24000,-24000,-24000
8123,031338,聯陽元大0A購02,0,0,0,0,0,0,0,0,0,-24000,0,0,0,51000,75000,-24000,-24000
8124,032654,台泥麥證0B購01,0,0,0,95000,69000,26000,0,0,0,-24000,0,0,0,95000,119000,-24000,-24000
8125,088696,惠特元富0C購01,0,0,0,0,0,0,0,0,0,-24000,0,0,0,169000,193000,-24000,-24000
8126,081824,億光凱基09購01,0,0,0,0,0,0,0,0,0,-24000,0,0,0,10000,34000,-24000,-24000
8127,035422,聯電元大0B購05,0,0,0,0,0,0,0,0,0,-24000,0,0,0,108000,132000,-24000,-24000
8128,036900,王品元大0C購02,0,0,0,0,0,0,0,0,0,-24000,0,0,0,2000,26000,-24000,-24000
8129,033755,力山凱基0B購02,0,0,0,0,0,0,0,0,0,-24000,0,0,0,26000,50000,-24000,-24000
8130,033995,奇鋐兆豐0B購01,0,0,0,0,0,0,0,0,0,-24000,0,0,0,1000,25000,-24000,-24000
8131,034121,聯詠國泰11購01,0,0,0,0,0,0,0,0,0,-24000,0,0,0,729000,753000,-24000,-24000
8132,037705,致新群益0C購02,0,0,0,0,0,0,0,0,0,-24000,0,0,0,1000,25000,-24000,-24000
8133,040639,長華群益13購02,0,0,0,0,0,0,0,0,0,-24000,0,0,0,0,24000,-24000,-24000
8134,040694,滬深2X元大13購09,0,0,0,0,0,0,0,0,0,-24000,0,0,0,0,24000,-24000,-24000
8135,039609,聯詠中信12購01,0,0,0,0,0,0,0,0,0,-24000,0,0,0,51000,75000,-24000,-24000
8136,040225,台積電國泰13購03,0,0,0,0,0,0,0,0,0,-24000,0,0,0,39000,63000,-24000,-24000
8137,039907,元晶永豐11購02,0,0,0,0,0,0,0,0,0,-24000,0,0,0,0,24000,-24000,-24000
8138,039218,智原元富12購05,0,0,0,0,0,0,0,0,0,-24000,0,0,0,43000,67000,-24000,-24000
8139,07064P,大亞群益0B售03,0,0,0,0,0,0,0,0,0,-24000,0,0,0,0,24000,-24000,-24000
8140,07266P,聯發科凱基12售02,0,0,0,0,0,0,0,0,0,-24000,0,0,0,0,24000,-24000,-24000
8141,089645,松翰凱基09購02,0,0,0,0,0,0,0,0,0,-24000,0,0,0,31000,55000,-24000,-24000
8142,1234,黑松,0,24000,-24000,0,0,0,0,0,0,0,0,0,0,0,0,0,-24000
8143,1537,廣隆,46000,65000,-19000,0,0,0,0,0,0,-5000,0,0,0,0,5000,-5000,-24000
8144,1762,中化生,30000,71000,-41000,0,0,0,0,0,0,17000,17000,0,17000,0,0,0,-24000
8145,2908,特力,18000,42000,-24000,0,0,0,0,0,0,0,0,0,0,0,0,0,-24000
8146,8422,可寧衛,39000,62000,-23000,0,0,0,0,1000,-1000,0,0,0,0,0,0,0,-24000
8147,4958,臻鼎-KY,3489843,3485316,4527,0,0,0,0,0,0,-28560,25000,20560,4440,10000,43000,-33000,-24033
8148,2227,裕日車,4816,29000,-24184,0,0,0,0,0,0,0,0,0,0,0,0,0,-24184
8149,032630,正新統一12購01,0,0,0,0,0,0,0,0,0,-25000,0,0,0,0,25000,-25000,-25000
8150,032500,台船永豐0A購03,0,0,0,0,0,0,0,0,0,-25000,0,0,0,0,25000,-25000,-25000
8151,031834,和碩富邦0B購01,0,0,0,0,0,0,0,0,0,-25000,0,0,0,20000,45000,-25000,-25000
8152,030190,大成凱基0A購01,0,0,0,0,0,0,0,0,0,-25000,0,0,0,25000,50000,-25000,-25000
8153,03022Q,恒指麥證0C售02,0,0,0,0,25000,-25000,0,0,0,-25000,0,0,0,0,25000,-25000,-25000
8154,030137,聯詠凱基0A購03,0,0,0,0,0,0,0,0,0,-25000,0,0,0,0,25000,-25000,-25000
8155,033133,義隆元大0C購01,0,0,0,0,0,0,0,0,0,-25000,0,0,0,0,25000,-25000,-25000
8156,031066,嘉晶元大0B購01,0,0,0,0,0,0,0,0,0,-25000,0,0,0,0,25000,-25000,-25000
8157,083629,友達凱基0B購02,0,0,0,0,0,0,0,0,0,-25000,0,0,0,0,25000,-25000,-25000
8158,07442P,華碩元大0C售07,0,0,0,0,0,0,0,0,0,-25000,0,0,0,159000,184000,-25000,-25000
8159,07559P,台灣50國票11售01,0,0,0,0,0,0,0,0,0,-25000,0,0,0,0,25000,-25000,-25000
8160,07511P,國巨元富14售04,0,0,0,0,0,0,0,0,0,-25000,0,0,0,7000,32000,-25000,-25000
8161,080198,台積電元富0A購01,0,0,0,0,0,0,0,0,0,-25000,0,0,0,0,25000,-25000,-25000
8162,080541,全新統一09購02,0,0,0,0,0,0,0,0,0,-25000,0,0,0,204000,229000,-25000,-25000
8163,077221,國巨凱基09購02,0,0,0,0,0,0,0,0,0,-25000,0,0,0,38000,63000,-25000,-25000
8164,077003,世芯國票08購01,0,0,0,0,0,0,0,0,0,-25000,0,0,0,20000,45000,-25000,-25000
8165,079871,長榮統一08購03,0,0,0,0,0,0,0,0,0,-25000,0,0,0,416000,441000,-25000,-25000
8166,086033,嘉晶永豐08購02,0,0,0,0,0,0,0,0,0,-25000,0,0,0,0,25000,-25000,-25000
8167,085110,鴻海元大08購13,0,0,0,0,0,0,0,0,0,-25000,0,0,0,5000,30000,-25000,-25000
8168,085195,宏碁群益0A購02,0,0,0,0,0,0,0,0,0,-25000,0,0,0,0,25000,-25000,-25000
8169,087498,GIS群益09購02,0,0,0,0,0,0,0,0,0,-25000,0,0,0,0,25000,-25000,-25000
8170,087520,聯發科凱基11購02,0,0,0,0,0,0,0,0,0,-25000,0,0,0,0,25000,-25000,-25000
8171,086797,義隆統一0B購04,0,0,0,0,0,0,0,0,0,-25000,0,0,0,0,25000,-25000,-25000
8172,088753,華碩統一0B購03,0,0,0,0,0,0,0,0,0,-25000,0,0,0,0,25000,-25000,-25000
8173,088253,中工富邦0A購01,0,0,0,0,0,0,0,0,0,-25000,0,0,0,0,25000,-25000,-25000
8174,037864,合勤控元富0C購01,0,0,0,0,0,0,0,0,0,-25000,0,0,0,0,25000,-25000,-25000
8175,037490,王品凱基11購01,0,0,0,0,0,0,0,0,0,-25000,0,0,0,0,25000,-25000,-25000
8176,036659,華新國票0C購03,15000,7000,8000,0,0,0,0,0,0,-33000,0,0,0,55000,88000,-33000,-25000
8177,037454,群創元大12購08,0,0,0,0,0,0,0,0,0,-25000,0,0,0,0,25000,-25000,-25000
8178,033889,華新統一13購02,0,0,0,0,0,0,0,0,0,-25000,0,0,0,0,25000,-25000,-25000
8179,035198,長榮元富0C購03,0,0,0,0,0,0,0,0,0,-25000,0,0,0,0,25000,-25000,-25000
8180,035199,長榮元富12購02,0,0,0,0,0,0,0,0,0,-25000,0,0,0,0,25000,-25000,-25000
8181,034382,台揚元大0C購02,0,0,0,0,0,0,0,0,0,-25000,0,0,0,0,25000,-25000,-25000
8182,034225,台表科元富12購01,0,0,0,0,0,0,0,0,0,-25000,0,0,0,25000,50000,-25000,-25000
8183,039419,愛普永豐11購02,0,0,0,0,0,0,0,0,0,-25000,0,0,0,25000,50000,-25000,-25000
8184,039391,裕民群益11購01,0,0,0,0,0,0,0,0,0,-25000,0,0,0,0,25000,-25000,-25000
8185,038320,恆大凱基14購01,0,0,0,0,0,0,0,0,0,-25000,0,0,0,0,25000,-25000,-25000
8186,038704,偉詮電凱基11購01,0,0,0,0,0,0,0,0,0,-25000,0,0,0,40000,65000,-25000,-25000
8187,038041,聯電群益13購02,0,0,0,0,0,0,0,0,0,-25000,0,0,0,92000,117000,-25000,-25000
8188,040017,晶技兆豐11購01,0,0,0,0,0,0,0,0,0,-25000,0,0,0,0,25000,-25000,-25000
8189,039507,盛餘群益13購01,0,0,0,0,0,0,0,0,0,-25000,0,0,0,8000,33000,-25000,-25000
8190,040736,華通國票13購01,0,0,0,0,0,0,0,0,0,-25000,0,0,0,0,25000,-25000,-25000
8191,040528,華通凱基13購01,0,0,0,0,0,0,0,0,0,-25000,0,0,0,0,25000,-25000,-25000
8192,040593,滬深2X國票13購01,0,0,0,0,0,0,0,0,0,-25000,0,0,0,0,25000,-25000,-25000
8193,06235P,臺股指中信0C售04,0,0,0,0,0,0,0,0,0,-25000,0,0,0,0,25000,-25000,-25000
8194,06414P,大立光元大09售07,0,0,0,0,0,0,0,0,0,-25000,0,0,0,0,25000,-25000,-25000
8195,1587,吉茂,9000,34000,-25000,0,0,0,0,0,0,0,0,0,0,0,0,0,-25000
8196,2849,安泰銀,5000,20000,-15000,0,0,0,0,0,0,-10000,0,10000,-10000,0,0,0,-25000
8197,089792,潤泰新凱基0B購01,0,0,0,0,0,0,0,0,0,-25000,0,0,0,0,25000,-25000,-25000
8198,089793,友達麥證0B購03,0,0,0,87000,112000,-25000,0,0,0,-25000,0,0,0,87000,112000,-25000,-25000
8199,089706,申豐元富09購01,0,0,0,0,0,0,0,0,0,-25000,0,0,0,0,25000,-25000,-25000
8200,088914,立積群益0C購01,0,0,0,0,0,0,0,0,0,-25000,0,0,0,5000,30000,-25000,-25000
8201,6206,飛捷,2000,27000,-25000,0,0,0,0,0,0,0,0,0,0,0,0,0,-25000
8202,2379,瑞昱,2046717,2028447,18270,0,0,0,8000,39000,-31000,-12523,52637,48689,3948,22530,39001,-16471,-25253
8203,2385,群光,3313485,3157000,156485,0,0,0,1000,3000,-2000,-180000,13000,16000,-3000,5000,182000,-177000,-25515
8204,2413,環科,18000,44000,-26000,0,0,0,0,0,0,1,1,0,1,0,0,0,-25999
8205,031270,長榮統一12購01,0,0,0,0,0,0,0,0,0,-26000,0,0,0,0,26000,-26000,-26000
8206,031752,上緯控凱基11購01,0,0,0,0,0,0,0,0,0,-26000,0,0,0,0,26000,-26000,-26000
8207,032612,臻鼎元大0A購02,0,0,0,0,0,0,0,0,0,-26000,0,0,0,0,26000,-26000,-26000
8208,088267,聯陽永豐09購01,0,0,0,0,0,0,0,0,0,-26000,0,0,0,0,26000,-26000,-26000
8209,088526,智易國泰0B購01,0,0,0,0,0,0,0,0,0,-26000,0,0,0,0,26000,-26000,-26000
8210,085530,南電中信0A購02,0,0,0,0,0,0,0,0,0,-26000,0,0,0,75000,101000,-26000,-26000
8211,080459,群光凱基09購01,0,0,0,0,0,0,0,0,0,-26000,0,0,0,0,26000,-26000,-26000
8212,084577,明基材國票08購01,0,0,0,0,0,0,0,0,0,-26000,0,0,0,17000,43000,-26000,-26000
8213,034624,宏達電元富0B購02,0,0,0,0,0,0,0,0,0,-26000,0,0,0,756000,782000,-26000,-26000
8214,035024,鴻海凱基0C購04,0,0,0,0,0,0,0,0,0,-26000,0,0,0,8000,34000,-26000,-26000
8215,035255,中鋼凱基11購04,0,0,0,0,0,0,0,0,0,-26000,0,0,0,0,26000,-26000,-26000
8216,036963,台積電國泰13購01,0,0,0,0,0,0,0,0,0,-26000,0,0,0,75000,101000,-26000,-26000
8217,034592,中鋼統一0B購03,0,0,0,0,0,0,0,0,0,-26000,0,0,0,158000,184000,-26000,-26000
8218,040274,台達電元大11購04,0,0,0,0,0,0,0,0,0,-26000,0,0,0,200000,226000,-26000,-26000
8219,039710,國巨國票12購04,0,0,0,0,0,0,0,0,0,-26000,0,0,0,0,26000,-26000,-26000
8220,039894,南電康和11購02,0,0,0,0,0,0,0,0,0,-26000,0,0,0,84000,110000,-26000,-26000
8221,038283,佳格永豐11購01,0,0,0,0,0,0,0,0,0,-26000,0,0,0,0,26000,-26000,-26000
8222,039208,台表科元大11購03,0,0,0,0,0,0,0,0,0,-26000,0,0,0,80000,106000,-26000,-26000
8223,038849,友達富邦13購02,0,0,0,0,0,0,0,0,0,-26000,0,0,0,0,26000,-26000,-26000
8224,06954P,大亞國票0A售02,0,0,0,0,0,0,0,0,0,-26000,0,0,0,0,26000,-26000,-26000
8225,089897,國巨凱基13購02,0,0,0,0,0,0,0,0,0,-26000,0,0,0,0,26000,-26000,-26000
8226,6165,浪凡,12000,38000,-26000,0,0,0,0,0,0,0,0,0,0,0,0,0,-26000
8227,032728,台泥凱基0A購01,0,0,0,0,0,0,0,0,0,-27000,0,0,0,0,27000,-27000,-27000
8228,033522,凌陽國票0C購01,0,0,0,0,0,0,0,0,0,-27000,0,0,0,35000,62000,-27000,-27000
8229,033190,矽統凱基11購01,0,0,0,0,0,0,0,0,0,-27000,0,0,0,130000,157000,-27000,-27000
8230,035972,愛普元大0C購03,0,0,0,0,0,0,0,0,0,-27000,0,0,0,0,27000,-27000,-27000
8231,035864,新光鋼元富0B購02,0,0,0,0,0,0,0,0,0,-27000,0,0,0,270000,297000,-27000,-27000
8232,083979,香港反群益0A購01,0,0,0,0,0,0,0,0,0,-27000,0,0,0,48000,75000,-27000,-27000
8233,078245,達方元富09購02,0,0,0,0,0,0,0,0,0,-27000,0,0,0,0,27000,-27000,-27000
8234,085608,華邦電元大08購04,0,0,0,0,0,0,0,0,0,-27000,0,0,0,0,27000,-27000,-27000
8235,085761,凌陽日盛08購01,0,0,0,0,0,0,0,0,0,-27000,0,0,0,0,27000,-27000,-27000
8236,086575,台郡元大0B購01,0,0,0,0,0,0,0,0,0,-27000,0,0,0,119000,146000,-27000,-27000
8237,087577,中石化元大11購01,0,0,0,0,0,0,0,0,0,-27000,0,0,0,0,27000,-27000,-27000
8238,088360,矽創統一0B購05,0,0,0,0,0,0,0,0,0,-27000,0,0,0,13000,40000,-27000,-27000
8239,036609,大成鋼元大14購01,0,0,0,0,0,0,0,0,0,-27000,0,0,0,20000,47000,-27000,-27000
8240,033574,中石化凱基15購01,0,0,0,0,0,0,0,0,0,-27000,0,0,0,0,27000,-27000,-27000
8241,07100P,長榮凱基0B售13,0,0,0,0,0,0,0,0,0,-27000,0,0,0,0,27000,-27000,-27000
8242,07282P,長榮航凱基11售02,0,0,0,0,0,0,0,0,0,-27000,0,0,0,0,27000,-27000,-27000
8243,038783,A50正2群益11購01,0,0,0,0,0,0,0,0,0,-27000,0,0,0,6000,33000,-27000,-27000
8244,039730,智易富邦13購01,0,0,0,0,0,0,0,0,0,-27000,0,0,0,5000,32000,-27000,-27000
8245,040344,天鈺中信12購01,0,0,0,0,0,0,0,0,0,-27000,0,0,0,29000,56000,-27000,-27000
8246,6133,金橋,0,27000,-27000,0,0,0,0,0,0,0,0,0,0,0,0,0,-27000
8247,089952,台灣50元大0A購19,0,0,0,0,0,0,0,0,0,-27000,0,0,0,23000,50000,-27000,-27000
8248,089750,華新科統一0B購02,0,0,0,0,0,0,0,0,0,-27000,0,0,0,1000,28000,-27000,-27000
8249,089005,廣宇元大09購05,0,0,0,0,0,0,0,0,0,-27000,0,0,0,3000,30000,-27000,-27000
8250,2731,雄獅,22000,46000,-24000,0,0,0,0,0,0,-3000,0,3000,-3000,0,0,0,-27000
8251,033530,開發金國票0C購01,0,0,0,0,0,0,0,0,0,-28000,0,0,0,0,28000,-28000,-28000
8252,032311,新興永豐0A購03,0,0,0,0,0,0,0,0,0,-28000,0,0,0,4000,32000,-28000,-28000
8253,032762,亞聚元大0A購04,0,0,0,0,0,0,0,0,0,-28000,0,0,0,100000,128000,-28000,-28000
8254,032244,國喬元大0C購03,0,0,0,0,0,0,0,0,0,-28000,0,0,0,12000,40000,-28000,-28000
8255,031253,玉晶光群益14購01,0,0,0,0,0,0,0,0,0,-28000,0,0,0,3000,31000,-28000,-28000
8256,030383,大成元大0A購01,0,0,0,0,0,0,0,0,0,-28000,0,0,0,0,28000,-28000,-28000
8257,031014,聯陽永豐0A購02,0,0,0,0,0,0,0,0,0,-28000,0,0,0,0,28000,-28000,-28000
8258,033086,台化元富0A購01,0,0,0,0,0,0,0,0,0,-28000,0,0,0,0,28000,-28000,-28000
8259,033047,矽創兆豐0B購02,0,0,0,0,0,0,0,0,0,-28000,0,0,0,92000,120000,-28000,-28000
8260,030707,華晶科群益11購01,0,0,0,0,0,0,0,0,0,-28000,0,0,0,48000,76000,-28000,-28000
8261,088367,華擎元富09購01,0,0,0,0,0,0,0,0,0,-28000,0,0,0,50000,78000,-28000,-28000
8262,085659,奇力新統一0A購01,0,0,0,0,0,0,0,0,0,-28000,0,0,0,52000,80000,-28000,-28000
8263,085890,華邦電國票09購01,0,0,0,0,0,0,0,0,0,-28000,0,0,0,0,28000,-28000,-28000
8264,07655P,滬深2X國票13售02,0,0,0,0,0,0,0,0,0,-28000,0,0,0,13000,41000,-28000,-28000
8265,033617,奇鋐群益0B購01,0,0,0,0,0,0,0,0,0,-28000,0,0,0,2000,30000,-28000,-28000
8266,036033,聯發科統一12購01,0,0,0,0,0,0,0,0,0,-28000,0,0,0,12000,40000,-28000,-28000
8267,034400,新纖國票0C購02,0,0,0,0,0,0,0,0,0,-28000,0,0,0,0,28000,-28000,-28000
8268,033829,南亞國泰11購01,0,0,0,0,0,0,0,0,0,-28000,0,0,0,68000,96000,-28000,-28000
8269,036433,強茂凱基11購01,0,0,0,0,0,0,0,0,0,-28000,0,0,0,0,28000,-28000,-28000
8270,033797,同欣電元大0B購01,0,0,0,0,0,0,0,0,0,-28000,0,0,0,0,28000,-28000,-28000
8271,036788,景碩統一12購01,0,0,0,0,0,0,0,0,0,-28000,0,0,0,82000,110000,-28000,-28000
8272,037323,奇力新富邦13購01,0,0,0,0,0,0,0,0,0,-28000,0,0,0,0,28000,-28000,-28000
8273,037817,臺股指元大13購09,0,0,0,0,0,0,0,0,0,-28000,0,0,0,4000,32000,-28000,-28000
8274,040361,廣宇永豐12購01,0,0,0,0,0,0,0,0,0,-28000,0,0,0,0,28000,-28000,-28000
8275,06596P,國巨中信09售03,0,0,0,0,0,0,0,0,0,-28000,0,0,0,0,28000,-28000,-28000
8276,038638,鴻海元富14購02,0,0,0,0,0,0,0,0,0,-28000,0,0,0,0,28000,-28000,-28000
8277,5533,皇鼎,2000,30000,-28000,0,0,0,0,0,0,0,0,0,0,0,0,0,-28000
8278,030319,台積電麥證11購02,0,0,0,6000,35000,-29000,0,0,0,-29000,0,0,0,6000,35000,-29000,-29000
8279,030953,惠特富邦0C購01,0,0,0,0,0,0,0,0,0,-29000,0,0,0,0,29000,-29000,-29000
8280,032250,春源元大0B購01,0,0,0,0,0,0,0,0,0,-29000,0,0,0,1000,30000,-29000,-29000
8281,032773,燁輝元大0C購02,0,0,0,0,0,0,0,0,0,-29000,0,0,0,23000,52000,-29000,-29000
8282,032589,聯電元大0A購14,0,0,0,0,0,0,0,0,0,-29000,0,0,0,55000,84000,-29000,-29000
8283,032072,裕民中信0A購02,0,0,0,0,0,0,0,0,0,-29000,0,0,0,12000,41000,-29000,-29000
8284,07620P,儒鴻凱基11售02,0,0,0,0,0,0,0,0,0,-29000,0,0,0,18000,47000,-29000,-29000
8285,07480P,景碩元富14售02,0,0,0,0,0,0,0,0,0,-29000,0,0,0,282000,311000,-29000,-29000
8286,07381P,聯發科國泰12售04,0,0,0,0,0,0,0,0,0,-29000,0,0,0,35000,64000,-29000,-29000
8287,086873,緯創國票0A購01,0,0,0,0,0,0,0,0,0,-29000,0,0,0,0,29000,-29000,-29000
8288,088440,晶豪科凱基0C購03,0,0,0,0,0,0,0,0,0,-29000,0,0,0,0,29000,-29000,-29000
8289,088022,技嘉永豐09購01,0,0,0,0,0,0,0,0,0,-29000,0,0,0,0,29000,-29000,-29000
8290,037813,同欣電元大13購01,0,0,0,0,0,0,0,0,0,-29000,0,0,0,0,29000,-29000,-29000
8291,036435,裕民凱基11購02,0,0,0,0,0,0,0,0,0,-29000,0,0,0,1000,30000,-29000,-29000
8292,033415,智邦永豐0B購01,0,0,0,0,0,0,0,0,0,-29000,0,0,0,10000,39000,-29000,-29000
8293,036059,允強群益0C購01,3000,0,3000,0,0,0,0,0,0,-32000,0,0,0,85000,117000,-32000,-29000
8294,034631,中石化元大0B購03,0,0,0,0,0,0,0,0,0,-29000,0,0,0,201000,230000,-29000,-29000
8295,038586,上証2X群益12購01,0,0,0,0,0,0,0,0,0,-29000,0,0,0,26000,55000,-29000,-29000
8296,038346,強茂元富12購01,0,0,0,0,0,0,0,0,0,-29000,0,0,0,15000,44000,-29000,-29000
8297,038126,聯德凱基13購01,0,0,0,0,0,0,0,0,0,-29000,0,0,0,61000,90000,-29000,-29000
8298,038010,健策兆豐0C購02,0,0,0,0,0,0,0,0,0,-29000,0,0,0,137000,166000,-29000,-29000
8299,038871,矽統凱基11購02,0,0,0,0,0,0,0,0,0,-29000,0,0,0,109000,138000,-29000,-29000
8300,06283P,鴻海元大0C售02,0,0,0,0,0,0,0,0,0,-29000,0,0,0,32000,61000,-29000,-29000
8301,039868,晶技富邦13購01,0,0,0,0,0,0,0,0,0,-29000,0,0,0,34000,63000,-29000,-29000
8302,040033,茂林凱基11購01,0,0,0,0,0,0,0,0,0,-29000,0,0,0,0,29000,-29000,-29000
8303,088967,祥碩國票0A購04,0,0,0,0,0,0,0,0,0,-29000,0,0,0,46000,75000,-29000,-29000
8304,6781,AES-KY,31489,60000,-28511,0,0,0,2000,0,2000,-3000,10000,13000,-3000,1000,1000,0,-29511
8305,032124,華榮凱基0A購02,0,0,0,0,0,0,0,0,0,-30000,0,0,0,20000,50000,-30000,-30000
8306,032885,矽創凱基0A購03,0,0,0,0,0,0,0,0,0,-30000,0,0,0,101000,131000,-30000,-30000
8307,032402,道瓊反元大11購02,0,0,0,0,0,0,0,0,0,-30000,0,0,0,0,30000,-30000,-30000
8308,031915,長榮永豐0A購08,0,0,0,0,0,0,0,0,0,-30000,0,0,0,9000,39000,-30000,-30000
8309,031387,友達統一0C購03,0,0,0,0,0,0,0,0,0,-30000,0,0,0,0,30000,-30000,-30000
8310,032631,台達電統一0B購02,0,0,0,0,0,0,0,0,0,-30000,0,0,0,0,30000,-30000,-30000
8311,032755,新光金日盛0A購01,0,0,0,0,0,0,0,0,0,-30000,0,0,0,0,30000,-30000,-30000
8312,031546,和桐中信0A購01,0,0,0,0,0,0,0,0,0,-30000,0,0,0,0,30000,-30000,-30000
8313,031556,中鋼群益0B購04,0,0,0,0,0,0,0,0,0,-30000,0,0,0,31000,61000,-30000,-30000
8314,034278,國巨富邦11購02,0,0,0,0,0,0,0,0,0,-30000,0,0,0,10000,40000,-30000,-30000
8315,034300,台玻永豐0B購03,0,0,0,0,0,0,0,0,0,-30000,0,0,0,0,30000,-30000,-30000
8316,030952,禾伸堂富邦0C購01,0,0,0,0,0,0,0,0,0,-30000,0,0,0,20000,50000,-30000,-30000
8317,030919,中鋼群益0A購02,0,0,0,0,0,0,0,0,0,-30000,0,0,0,0,30000,-30000,-30000
8318,030869,精成科永豐0A購01,0,0,0,0,0,0,0,0,0,-30000,0,0,0,99000,129000,-30000,-30000
8319,030748,和鑫元大0A購01,0,0,0,0,0,0,0,0,0,-30000,0,0,0,0,30000,-30000,-30000
8320,030315,台達電麥證11購01,0,0,0,101000,131000,-30000,0,0,0,-30000,0,0,0,101000,131000,-30000,-30000
8321,030350,立隆電群益0A購01,0,0,0,0,0,0,0,0,0,-30000,0,0,0,0,30000,-30000,-30000
8322,031097,旺宏群益0C購02,0,0,0,0,0,0,0,0,0,-30000,0,0,0,0,30000,-30000,-30000
8323,030625,立積元大0A購05,0,0,0,0,0,0,0,0,0,-30000,0,0,0,0,30000,-30000,-30000
8324,032811,國巨國票0B購02,0,0,0,0,0,0,0,0,0,-30000,0,0,0,0,30000,-30000,-30000
8325,030397,台積電元大0A購07,0,0,0,0,0,0,0,0,0,-30000,0,0,0,25000,55000,-30000,-30000
8326,031222,群創凱基12購01,0,0,0,0,0,0,0,0,0,-30000,0,0,0,0,30000,-30000,-30000
8327,031317,聯成元大0B購01,0,0,0,0,0,0,0,0,0,-30000,0,0,0,0,30000,-30000,-30000
8328,031293,華邦電康和11購01,0,0,0,0,0,0,0,0,0,-30000,0,0,0,0,30000,-30000,-30000
8329,030488,群創永豐0A購03,0,0,0,0,0,0,0,0,0,-30000,0,0,0,0,30000,-30000,-30000
8330,030059,松翰元大0B購02,0,0,0,0,0,0,0,0,0,-30000,0,0,0,30000,60000,-30000,-30000
8331,00851,台新全球AI,0,0,0,0,0,0,0,0,0,-30000,0,0,0,20000,50000,-30000,-30000
8332,035843,奇鋐元大0B購03,0,0,0,0,0,0,0,0,0,-30000,0,0,0,0,30000,-30000,-30000
8333,035545,國巨統一0C購02,0,0,0,0,0,0,0,0,0,-30000,0,0,0,0,30000,-30000,-30000
8334,035737,華邦電國票0C購02,0,0,0,0,0,0,0,0,0,-30000,0,0,0,0,30000,-30000,-30000
8335,088231,滬深2X國票0A購08,0,0,0,0,0,0,0,0,0,-30000,0,0,0,0,30000,-30000,-30000
8336,088477,瑞軒國票0A購01,0,0,0,0,0,0,0,0,0,-30000,0,0,0,0,30000,-30000,-30000
8337,088610,宏碁永豐09購01,0,0,0,0,0,0,0,0,0,-30000,0,0,0,0,30000,-30000,-30000
8338,088647,聯發科富邦0A購03,0,0,0,0,0,0,0,0,0,-30000,0,0,0,0,30000,-30000,-30000
8339,086783,鴻海兆豐11購01,0,0,0,0,0,0,0,0,0,-30000,0,0,0,0,30000,-30000,-30000
8340,086723,南茂元大09購01,0,0,0,0,0,0,0,0,0,-30000,0,0,0,2000,32000,-30000,-30000
8341,087162,聯電永豐09購01,0,0,0,0,0,0,0,0,0,-30000,0,0,0,18000,48000,-30000,-30000
8342,086983,宏碁元富0C購03,0,0,0,0,0,0,0,0,0,-30000,0,0,0,0,30000,-30000,-30000
8343,087950,富邦金元富0C購03,0,0,0,0,0,0,0,0,0,-30000,0,0,0,1000,31000,-30000,-30000
8344,087727,A50正2元富0C購01,0,0,0,0,0,0,0,0,0,-30000,0,0,0,0,30000,-30000,-30000
8345,085961,友達凱基08購10,0,0,0,0,0,0,0,0,0,-30000,0,0,0,0,30000,-30000,-30000
8346,086190,大成鋼凱基0C購02,0,0,0,0,0,0,0,0,0,-30000,0,0,0,0,30000,-30000,-30000
8347,086281,友達群益09購09,0,0,0,0,0,0,0,0,0,-30000,0,0,0,10000,40000,-30000,-30000
8348,085586,松翰兆豐08購01,0,0,0,0,0,0,0,0,0,-30000,0,0,0,0,30000,-30000,-30000
8349,085199,華新科群益09購01,0,0,0,0,0,0,0,0,0,-30000,0,0,0,0,30000,-30000,-30000
8350,085336,元油反中信09購01,0,0,0,0,0,0,0,0,0,-30000,0,0,0,0,30000,-30000,-30000
8351,07361P,臺股指凱基0C售39,0,0,0,0,0,0,0,0,0,-30000,0,0,0,0,30000,-30000,-30000
8352,07362P,臺股指凱基0C售40,0,0,0,0,0,0,0,0,0,-30000,0,0,0,0,30000,-30000,-30000
8353,07463P,新光鋼元大13售02,0,0,0,0,0,0,0,0,0,-30000,0,0,0,3000,33000,-30000,-30000
8354,074462,奇力新元富0A購01,0,0,0,0,0,0,0,0,0,-30000,0,0,0,20000,50000,-30000,-30000
8355,07644P,臺股指元富12售03,0,0,0,0,0,0,0,0,0,-30000,0,0,0,0,30000,-30000,-30000
8356,083783,台積電中信0B購08,0,0,0,0,0,0,0,0,0,-30000,0,0,0,0,30000,-30000,-30000
8357,083451,美利達凱基08購01,0,0,0,0,0,0,0,0,0,-30000,0,0,0,10000,40000,-30000,-30000
8358,083383,台達電國泰09購01,0,0,0,0,0,0,0,0,0,-30000,0,0,0,0,30000,-30000,-30000
8359,082003,鴻海中信09購02,0,10000,-10000,0,0,0,0,0,0,-20000,0,0,0,0,20000,-20000,-30000
8360,081713,敬鵬統一09購02,0,0,0,0,0,0,0,0,0,-30000,0,0,0,0,30000,-30000,-30000
8361,036254,晶碩凱基11購01,0,0,0,0,0,0,0,0,0,-30000,0,0,0,30000,60000,-30000,-30000
8362,034970,玉晶光元大12購03,0,0,0,0,0,0,0,0,0,-30000,0,0,0,1000,31000,-30000,-30000
8363,035452,微星國票0C購02,0,0,0,0,0,0,0,0,0,-30000,0,0,0,100000,130000,-30000,-30000
8364,033924,國巨元大0B購07,0,0,0,0,0,0,0,0,0,-30000,0,0,0,3000,33000,-30000,-30000
8365,036416,聯發科第一16購01,0,0,0,0,0,0,0,0,0,-30000,0,0,0,0,30000,-30000,-30000
8366,036384,世紀鋼國票11購01,0,0,0,0,0,0,0,0,0,-30000,0,0,0,0,30000,-30000,-30000
8367,036510,義隆凱基11購01,0,0,0,0,0,0,0,0,0,-30000,0,0,0,0,30000,-30000,-30000
8368,034093,富邦金元大0B購04,0,0,0,0,0,0,0,0,0,-30000,0,0,0,11000,41000,-30000,-30000
8369,034026,富邦金中信0B購02,0,0,0,0,0,0,0,0,0,-30000,0,0,0,20000,50000,-30000,-30000
8370,034050,鴻海麥證11購02,0,0,0,1000,34000,-33000,0,0,0,-30000,0,0,0,5000,35000,-30000,-30000
8371,036690,滬深2X國泰12購01,0,0,0,0,0,0,0,0,0,-30000,0,0,0,0,30000,-30000,-30000
8372,036954,臺股指群益0C購13,0,0,0,0,0,0,0,0,0,-30000,0,0,0,0,30000,-30000,-30000
8373,036947,道瓊反群益13購01,0,0,0,0,0,0,0,0,0,-30000,0,0,0,0,30000,-30000,-30000
8374,036936,群創富邦14購01,0,0,0,0,0,0,0,0,0,-30000,0,0,0,0,30000,-30000,-30000
8375,036972,創意兆豐0C購02,0,0,0,0,0,0,0,0,0,-30000,0,0,0,0,30000,-30000,-30000
8376,037768,創意兆豐12購01,0,0,0,0,0,0,0,0,0,-30000,0,0,0,0,30000,-30000,-30000
8377,037508,欣興群益12購04,0,0,0,0,0,0,0,0,0,-30000,0,0,0,196000,226000,-30000,-30000
8378,040041,台光電元富11購03,0,0,0,0,0,0,0,0,0,-30000,0,0,0,0,30000,-30000,-30000
8379,040236,光磊群益13購01,0,0,0,0,0,0,0,0,0,-30000,0,0,0,7000,37000,-30000,-30000
8380,039472,精成科國票12購01,0,0,0,0,0,0,0,0,0,-30000,0,0,0,3000,33000,-30000,-30000
8381,06430P,友達凱基09售07,0,0,0,0,0,0,0,0,0,-30000,0,0,0,5000,35000,-30000,-30000
8382,05783P,臺股指中信0B售08,0,0,0,0,0,0,0,0,0,-30000,0,0,0,40000,70000,-30000,-30000
8383,06580P,日月光元富09售03,0,0,0,0,0,0,0,0,0,-30000,0,0,0,0,30000,-30000,-30000
8384,06726P,臺股指中信09售08,0,0,0,0,0,0,0,0,0,-30000,0,0,0,20000,50000,-30000,-30000
8385,040342,滬深2X中信13購02,0,0,0,0,0,0,0,0,0,-30000,0,0,0,0,30000,-30000,-30000
8386,040725,南茂元大12購01,0,0,0,0,0,0,0,0,0,-30000,0,0,0,0,30000,-30000,-30000
8387,038753,聯發科國泰13購04,0,0,0,0,0,0,0,0,0,-30000,0,0,0,0,30000,-30000,-30000
8388,039017,瑞儀永豐11購01,0,0,0,0,0,0,0,0,0,-30000,0,0,0,0,30000,-30000,-30000
8389,039155,新唐群益14購01,0,0,0,0,0,0,0,0,0,-30000,0,0,0,5000,35000,-30000,-30000
8390,038296,台積電台新11購01,0,0,0,0,0,0,0,0,0,-30000,0,0,0,0,30000,-30000,-30000
8391,038307,大成鋼群益15購01,0,0,0,0,0,0,0,0,0,-30000,0,0,0,0,30000,-30000,-30000
8392,07230P,萬海群益13售05,0,0,0,0,0,0,0,0,0,-30000,0,0,0,0,30000,-30000,-30000
8393,07194P,國巨元富12售11,0,0,0,0,0,0,0,0,0,-30000,0,0,0,0,30000,-30000,-30000
8394,07181P,臺股指凱基0C售29,0,0,0,0,0,0,0,0,0,-30000,0,0,0,0,30000,-30000,-30000
8395,07026P,台表科凱基0B售02,0,0,0,0,0,0,0,0,0,-30000,0,0,0,0,30000,-30000,-30000
8396,8033,雷虎,18000,35000,-17000,0,0,0,0,0,0,-13000,0,13000,-13000,0,0,0,-30000
8397,3645,達邁,39000,69000,-30000,0,0,0,0,0,0,0,2000,0,2000,0,2000,-2000,-30000
8398,088811,南亞科元大0B購01,0,0,0,0,0,0,0,0,0,-30000,0,0,0,0,30000,-30000,-30000
8399,089424,美食永豐09購01,0,0,0,0,0,0,0,0,0,-30000,0,0,0,0,30000,-30000,-30000
8400,089353,友達元大0C購06,0,0,0,0,0,0,0,0,0,-30000,0,0,0,10000,40000,-30000,-30000
8401,089717,聯詠兆豐0B購01,0,0,0,0,0,0,0,0,0,-30000,0,0,0,281000,311000,-30000,-30000
8402,089606,聯發科群益0C購04,0,0,0,0,0,0,0,0,0,-30000,0,0,0,0,30000,-30000,-30000
8403,089511,漢唐元大09購02,0,0,0,0,0,0,0,0,0,-30000,0,0,0,0,30000,-30000,-30000
8404,3051,力特,1000,31000,-30000,0,0,0,0,0,0,0,0,0,0,0,0,0,-30000
8405,2062,橋椿,33000,63000,-30000,0,0,0,0,0,0,0,0,0,0,0,0,0,-30000
8406,1589,永冠-KY,28000,54000,-26000,0,0,0,0,0,0,-4000,0,0,0,0,4000,-4000,-30000
8407,2359,所羅門,138000,169000,-31000,0,0,0,0,0,0,1,1,0,1,0,0,0,-30999
8408,036008,台達電凱基11購01,0,0,0,0,0,0,0,0,0,-31000,0,0,0,46000,77000,-31000,-31000
8409,030023,義隆日盛0B購01,0,0,0,0,0,0,0,0,0,-31000,0,0,0,0,31000,-31000,-31000
8410,030275,申豐統一0C購01,0,0,0,0,0,0,0,0,0,-31000,0,0,0,133000,164000,-31000,-31000
8411,032790,玉晶光元大13購01,0,0,0,0,0,0,0,0,0,-31000,0,0,0,1000,32000,-31000,-31000
8412,031458,宏碁群益0B購02,0,0,0,0,0,0,0,0,0,-31000,0,0,0,0,31000,-31000,-31000
8413,031750,宏達電凱基14購01,0,0,0,0,0,0,0,0,0,-31000,0,0,0,88000,119000,-31000,-31000
8414,07498P,景碩群益11售02,0,0,0,0,0,0,0,0,0,-31000,0,0,0,6000,37000,-31000,-31000
8415,07367P,燁輝元大0C售05,0,0,0,0,0,0,0,0,0,-31000,0,0,0,350000,381000,-31000,-31000
8416,076924,奇力新元富0B購01,0,0,0,0,0,0,0,0,0,-31000,0,0,0,20000,51000,-31000,-31000
8417,080360,國巨元富09購03,0,0,0,0,0,0,0,0,0,-31000,0,0,0,0,31000,-31000,-31000
8418,086431,鴻海第一13購01,0,0,0,0,0,0,0,0,0,-31000,0,0,0,0,31000,-31000,-31000
8419,086124,華邦電群益08購07,0,0,0,0,0,0,0,0,0,-31000,0,0,0,81000,112000,-31000,-31000
8420,087797,群創日盛0A購01,0,0,0,0,0,0,0,0,0,-31000,0,0,0,10000,41000,-31000,-31000
8421,088104,奇力新國票0A購02,0,0,0,0,0,0,0,0,0,-31000,0,0,0,9000,40000,-31000,-31000
8422,03743C,國泰金富邦13牛01,0,0,0,0,0,0,0,0,0,-31000,0,0,0,20000,51000,-31000,-31000
8423,037265,第一銅群益0C購01,0,0,0,0,0,0,0,0,0,-31000,0,0,0,19000,50000,-31000,-31000
8424,036560,長榮航元大13購02,0,0,0,0,0,0,0,0,0,-31000,0,0,0,0,31000,-31000,-31000
8425,033860,智伸科凱基0B購01,0,0,0,0,0,0,0,0,0,-31000,0,0,0,0,31000,-31000,-31000
8426,034823,友達富邦11購03,0,0,0,0,0,0,0,0,0,-31000,0,0,0,10000,41000,-31000,-31000
8427,034669,台積電凱基0C購13,0,0,0,0,0,0,0,0,0,-31000,0,0,0,42000,73000,-31000,-31000
8428,06893P,大成鋼統一0A售01,0,0,0,0,0,0,0,0,0,-31000,0,0,0,24000,55000,-31000,-31000
8429,037982,帆宣永豐0C購01,0,0,0,0,0,0,0,0,0,-31000,0,0,0,2000,33000,-31000,-31000
8430,038055,聯詠群益0C購04,0,0,0,0,0,0,0,0,0,-31000,0,0,0,322000,353000,-31000,-31000
8431,039182,聯電元大14購02,0,0,0,0,0,0,0,0,0,-31000,0,0,0,60000,91000,-31000,-31000
8432,039382,新唐國泰13購02,0,0,0,0,0,0,0,0,0,-31000,0,0,0,1000,32000,-31000,-31000
8433,038793,菱生群益11購01,0,0,0,0,0,0,0,0,0,-31000,0,0,0,0,31000,-31000,-31000
8434,040394,聯電元富12購02,0,0,0,0,0,0,0,0,0,-31000,0,0,0,27000,58000,-31000,-31000
8435,039813,祥碩元大12購02,0,0,0,0,0,0,0,0,0,-31000,0,0,0,57000,88000,-31000,-31000
8436,039908,愛普永豐11購04,0,0,0,0,0,0,0,0,0,-31000,0,0,0,13000,44000,-31000,-31000
8437,3432,台端,17000,48000,-31000,0,0,0,0,0,0,0,0,0,0,0,0,0,-31000
8438,2545,皇翔,13000,44000,-31000,0,0,0,0,0,0,0,0,0,0,0,0,0,-31000
8439,089727,華邦電永豐09購05,0,0,0,0,0,0,0,0,0,-31000,0,0,0,43000,74000,-31000,-31000
8440,032888,大成鋼統一0A購02,0,0,0,0,0,0,0,0,0,-32000,0,0,0,14000,46000,-32000,-32000
8441,033507,晶技統一11購02,0,0,0,0,0,0,0,0,0,-32000,0,0,0,0,32000,-32000,-32000
8442,030393,鴻海元大11購06,0,0,0,0,0,0,0,0,0,-32000,0,0,0,5000,37000,-32000,-32000
8443,031212,凌陽凱基0A購03,0,0,0,0,0,0,0,0,0,-32000,0,0,0,22000,54000,-32000,-32000
8444,035641,高股息中信12購01,0,0,0,0,0,0,0,0,0,-32000,0,0,0,0,32000,-32000,-32000
8445,085514,中興電國泰0A購01,0,0,0,0,0,0,0,0,0,-32000,0,0,0,8000,40000,-32000,-32000
8446,078043,彩晶凱基09購02,0,0,0,0,0,0,0,0,0,-32000,0,0,0,43000,75000,-32000,-32000
8447,07508P,聯發科群益11售02,0,0,0,0,0,0,0,0,0,-32000,0,0,0,6000,38000,-32000,-32000
8448,035169,長榮國票12購01,0,0,0,0,0,0,0,0,0,-32000,0,0,0,16000,48000,-32000,-32000
8449,034884,圓剛群益0B購01,0,0,0,0,0,0,0,0,0,-32000,0,0,0,0,32000,-32000,-32000
8450,036508,南亞科凱基14購02,0,0,0,0,0,0,0,0,0,-32000,0,0,0,0,32000,-32000,-32000
8451,037794,臺股指群益0C購15,0,0,0,0,0,0,0,0,0,-32000,0,0,0,23000,55000,-32000,-32000
8452,037711,貿聯永豐0C購01,0,0,0,0,0,0,0,0,0,-32000,0,0,0,0,32000,-32000,-32000
8453,039930,台積電凱基11購05,0,0,0,0,0,0,0,0,0,-32000,0,0,0,0,32000,-32000,-32000
8454,040025,聯電凱基11購03,0,0,0,0,0,0,0,0,0,-32000,0,0,0,97000,129000,-32000,-32000
8455,040252,聯詠永豐11購03,0,0,0,0,0,0,0,0,0,-32000,0,0,0,4252000,4284000,-32000,-32000
8456,039671,同欣電元富11購03,0,0,0,0,0,0,0,0,0,-32000,0,0,0,86000,118000,-32000,-32000
8457,040590,申豐元大13購01,0,0,0,0,0,0,0,0,0,-32000,0,0,0,0,32000,-32000,-32000
8458,06368P,台積電元大0C售08,0,0,0,0,0,0,0,0,0,-32000,0,0,0,3000,35000,-32000,-32000
8459,038984,景碩國票12購03,0,0,0,0,0,0,0,0,0,-32000,0,0,0,78000,110000,-32000,-32000
8460,038142,微星群益11購01,0,0,0,0,0,0,0,0,0,-32000,0,0,0,10000,42000,-32000,-32000
8461,089046,群創群益09購10,0,0,0,0,0,0,0,0,0,-32000,0,0,0,0,32000,-32000,-32000
8462,089082,臺股指凱基0C購18,0,0,0,0,0,0,0,0,0,-32000,0,0,0,0,32000,-32000,-32000
8463,3296,勝德,240000,272000,-32000,0,0,0,0,0,0,0,0,0,0,0,0,0,-32000
8464,4552,力達-KY,1000,33000,-32000,0,0,0,0,0,0,0,0,0,0,0,0,0,-32000
8465,910322,康師傅-DR,0,32000,-32000,0,0,0,0,0,0,0,0,0,0,0,0,0,-32000
8466,035111,中石化兆豐0C購03,0,0,0,0,0,0,0,0,0,-33000,0,0,0,63000,96000,-33000,-33000
8467,030072,國巨群益0A購01,0,0,0,0,0,0,0,0,0,-33000,0,0,0,0,33000,-33000,-33000
8468,030265,威鋒電永豐0A購01,0,0,0,0,0,0,0,0,0,-33000,0,0,0,25000,58000,-33000,-33000
8469,033007,矽創元富0C購01,0,0,0,0,0,0,0,0,0,-33000,0,0,0,38000,71000,-33000,-33000
8470,032545,慧洋凱基0C購02,0,0,0,0,0,0,0,0,0,-33000,0,0,0,22000,55000,-33000,-33000
8471,032515,長榮航永豐0A購02,0,0,0,0,0,0,0,0,0,-33000,0,0,0,82000,115000,-33000,-33000
8472,033292,日月光統一15購01,0,0,0,0,0,0,0,0,0,-33000,0,0,0,166000,199000,-33000,-33000
8473,07522P,臺股指元大13售18,0,0,0,0,0,0,0,0,0,-33000,0,0,0,3000,36000,-33000,-33000
8474,076069,亞德客元富0B購01,0,0,0,0,0,0,0,0,0,-33000,0,0,0,0,33000,-33000,-33000
8475,087267,嘉聯益國泰0B購01,0,0,0,0,0,0,0,0,0,-33000,0,0,0,0,33000,-33000,-33000
8476,088237,微星國票0A購01,0,0,0,0,0,0,0,0,0,-33000,0,0,0,48000,81000,-33000,-33000
8477,036652,南電統一0C購03,0,0,0,0,0,0,0,0,0,-33000,0,0,0,55000,88000,-33000,-33000
8478,035331,台表科元大0B購02,0,0,0,0,0,0,0,0,0,-33000,0,0,0,90000,123000,-33000,-33000
8479,037358,廣宇中信11購01,0,0,0,0,0,0,0,0,0,-33000,0,0,0,72000,105000,-33000,-33000
8480,034487,裕民元大0B購05,0,0,0,0,0,0,0,0,0,-33000,0,0,0,203000,236000,-33000,-33000
8481,033562,燁輝永豐0B購02,0,0,0,0,0,0,0,0,0,-33000,0,0,0,153000,186000,-33000,-33000
8482,035781,嘉聯益富邦0C購01,0,0,0,0,0,0,0,0,0,-33000,0,0,0,0,33000,-33000,-33000
8483,036247,南亞科凱基11購02,0,0,0,0,0,0,0,0,0,-33000,0,0,0,25000,58000,-33000,-33000
8484,033931,富邦金元大11購03,0,0,0,0,0,0,0,0,0,-33000,0,0,0,28000,61000,-33000,-33000
8485,033454,偉詮電群益12購01,0,0,0,0,0,0,0,0,0,-33000,0,0,0,4000,37000,-33000,-33000
8486,038204,全新群益11購02,0,0,0,0,0,0,0,0,0,-33000,0,0,0,70000,103000,-33000,-33000
8487,038209,台郡群益11購01,0,0,0,0,0,0,0,0,0,-33000,0,0,0,35000,68000,-33000,-33000
8488,038692,康普群益14購01,0,0,0,0,0,0,0,0,0,-33000,0,0,0,20000,53000,-33000,-33000
8489,039165,聯茂凱基12購01,0,0,0,0,0,0,0,0,0,-33000,0,0,0,17000,50000,-33000,-33000
8490,06514P,國巨兆豐09售03,0,0,0,0,0,0,0,0,0,-33000,0,0,0,0,33000,-33000,-33000
8491,040463,順德中信12購01,0,0,0,0,0,0,0,0,0,-33000,0,0,0,60000,93000,-33000,-33000
8492,039684,同欣電麥證11購01,0,0,0,77000,111000,-34000,0,0,0,-33000,0,0,0,93000,126000,-33000,-33000
8493,040202,盛群凱基12購01,0,0,0,0,0,0,0,0,0,-33000,0,0,0,17000,50000,-33000,-33000
8494,039992,群創國票12購03,0,0,0,0,0,0,0,0,0,-33000,0,0,0,0,33000,-33000,-33000
8495,089037,聲寶國泰0B購01,0,0,0,0,0,0,0,0,0,-33000,0,0,0,0,33000,-33000,-33000
8496,032394,榮運統一0C購01,0,0,0,0,0,0,0,0,0,-34000,0,0,0,84000,118000,-34000,-34000
8497,031426,華邦電凱基0C購02,0,0,0,0,0,0,0,0,0,-34000,0,0,0,1000,35000,-34000,-34000
8498,034274,中鋼富邦0C購01,0,0,0,0,0,0,0,0,0,-34000,0,0,0,0,34000,-34000,-34000
8499,00739,元大MSCI A股,24000,30000,-6000,0,0,0,0,0,0,-28000,0,0,0,128000,156000,-28000,-34000
8500,030705,華晶科群益0B購01,0,0,0,0,0,0,0,0,0,-34000,0,0,0,0,34000,-34000,-34000
8501,087779,南亞永豐09購01,0,0,0,0,0,0,0,0,0,-34000,0,0,0,1000,35000,-34000,-34000
8502,087518,旺宏凱基0B購01,0,0,0,0,0,0,0,0,0,-34000,0,0,0,2000,36000,-34000,-34000
8503,077466,旺宏國票08購01,0,0,0,0,0,0,0,0,0,-34000,0,0,0,51000,85000,-34000,-34000
8504,034531,大立光麥證0B購02,0,0,0,7000,41000,-34000,0,0,0,-34000,0,0,0,7000,41000,-34000,-34000
8505,03499B,臺股指凱基09熊33,0,0,0,0,0,0,0,0,0,-34000,0,0,0,1258000,1292000,-34000,-34000
8506,034352,富邦金元富12購07,0,0,0,0,0,0,0,0,0,-34000,0,0,0,6000,40000,-34000,-34000
8507,036933,國巨富邦13購01,0,0,0,0,0,0,0,0,0,-34000,0,0,0,38000,72000,-34000,-34000
8508,036923,群光國票11購01,0,0,0,0,0,0,0,0,0,-34000,0,0,0,7000,41000,-34000,-34000
8509,036852,聯陽凱基0C購01,0,0,0,0,0,0,0,0,0,-34000,0,0,0,285000,319000,-34000,-34000
8510,034006,友達群益0B購05,0,0,0,0,0,0,0,0,0,-34000,0,0,0,107000,141000,-34000,-34000
8511,037858,開發金元富13購03,0,0,0,0,0,0,0,0,0,-34000,0,0,0,0,34000,-34000,-34000
8512,037636,裕民元富13購09,0,0,0,0,0,0,0,0,0,-34000,0,0,0,21000,55000,-34000,-34000
8513,040106,康普中信11購02,0,0,0,0,0,0,0,0,0,-34000,0,0,0,10000,44000,-34000,-34000
8514,039629,新光鋼永豐11購01,0,0,0,0,0,0,0,0,0,-34000,0,0,0,39000,73000,-34000,-34000
8515,040514,日月光元富12購02,0,0,0,0,0,0,0,0,0,-34000,0,0,0,0,34000,-34000,-34000
8516,040418,惠特統一13購01,0,0,0,0,0,0,0,0,0,-34000,0,0,0,0,34000,-34000,-34000
8517,038795,南亞科群益11購02,0,0,0,0,0,0,0,0,0,-34000,0,0,0,10000,44000,-34000,-34000
8518,038857,國巨國泰13購03,0,0,0,0,0,0,0,0,0,-34000,0,0,0,12000,46000,-34000,-34000
8519,2897A,王道銀甲特,0,0,0,0,0,0,0,0,0,-34000,0,34000,-34000,0,0,0,-34000
8520,3004,豐達科,2000,36000,-34000,0,0,0,0,0,0,0,0,0,0,0,0,0,-34000
8521,4912,聯德控股-KY,27000,45000,-18000,0,0,0,0,0,0,-16000,0,0,0,3000,19000,-16000,-34000
8522,2059,川湖,8000,42000,-34000,0,0,0,0,0,0,-8,0,0,0,0,8,-8,-34008
8523,4551,智伸科,6000,39000,-33000,0,0,0,0,0,0,-1592,0,0,0,1000,2592,-1592,-34592
8524,030653,中鋼永豐0A購01,0,0,0,0,0,0,0,0,0,-35000,0,0,0,920000,955000,-35000,-35000
8525,030359,王品群益0A購01,0,0,0,0,0,0,0,0,0,-35000,0,0,0,20000,55000,-35000,-35000
8526,030624,玉晶光元大11購01,0,0,0,0,0,0,0,0,0,-35000,0,0,0,1000,36000,-35000,-35000
8527,03093X,永豐金元大61展01,0,0,0,0,0,0,0,0,0,-35000,0,0,0,30000,65000,-35000,-35000
8528,031303,彩晶麥證0A購01,0,0,0,41000,76000,-35000,0,0,0,-35000,0,0,0,41000,76000,-35000,-35000
8529,032988,大成鋼元富0A購07,0,0,0,0,0,0,0,0,0,-35000,0,0,0,99000,134000,-35000,-35000
8530,031727,彩晶群益0A購03,0,0,0,0,0,0,0,0,0,-35000,0,0,0,66000,101000,-35000,-35000
8531,07575P,聚鼎國票11售02,0,0,0,0,0,0,0,0,0,-35000,0,0,0,1000,36000,-35000,-35000
8532,082060,臺股指凱基0A購01,0,0,0,0,0,0,0,0,0,-35000,0,0,0,6000,41000,-35000,-35000
8533,087384,台積電元大11購03,0,0,0,0,0,0,0,0,0,-35000,0,0,0,115000,150000,-35000,-35000
8534,086970,聯詠統一0B購03,0,0,0,0,0,0,0,0,0,-35000,0,0,0,348000,383000,-35000,-35000
8535,086641,玉晶光凱基0B購01,0,0,0,0,0,0,0,0,0,-35000,0,0,0,2000,37000,-35000,-35000
8536,085499,聯詠凱基08購05,0,0,0,0,0,0,0,0,0,-35000,0,0,0,0,35000,-35000,-35000
8537,086319,盛群凱基0A購01,0,0,0,0,0,0,0,0,0,-35000,0,0,0,5000,40000,-35000,-35000
8538,086320,南電凱基09購05,0,0,0,0,0,0,0,0,0,-35000,0,0,0,0,35000,-35000,-35000
8539,088517,達方元大09購01,0,0,0,0,0,0,0,0,0,-35000,0,0,0,3000,38000,-35000,-35000
8540,088678,長華元大09購02,0,0,0,0,0,0,0,0,0,-35000,0,0,0,20000,55000,-35000,-35000
8541,037777,金像電凱基13購01,0,0,0,0,0,0,0,0,0,-35000,0,0,0,18000,53000,-35000,-35000
8542,034152,玉晶光凱基0C購02,0,0,0,0,0,0,0,0,0,-35000,0,0,0,155000,190000,-35000,-35000
8543,036674,健和興國票11購01,0,0,0,0,0,0,0,0,0,-35000,0,0,0,0,35000,-35000,-35000
8544,036689,上証2X國泰12購02,0,0,0,0,0,0,0,0,0,-35000,0,0,0,0,35000,-35000,-35000
8545,036898,可成元大11購02,0,0,0,0,0,0,0,0,0,-35000,0,0,0,20000,55000,-35000,-35000
8546,036743,南亞科元大0C購05,0,0,0,0,0,0,0,0,0,-35000,0,0,0,10000,45000,-35000,-35000
8547,034867,聯茂元大0B購02,0,0,0,0,0,0,0,0,0,-35000,0,0,0,518000,553000,-35000,-35000
8548,033925,國巨元大13購01,0,0,0,0,0,0,0,0,0,-35000,0,0,0,10000,45000,-35000,-35000
8549,038092,達方永豐11購01,0,0,0,0,0,0,0,0,0,-35000,0,0,0,0,35000,-35000,-35000
8550,037978,全新永豐0C購01,0,0,0,0,0,0,0,0,0,-35000,0,0,0,270000,305000,-35000,-35000
8551,040433,聯茂凱基14購01,0,0,0,0,0,0,0,0,0,-35000,0,0,0,15000,50000,-35000,-35000
8552,040495,矽創群益12購02,0,0,0,0,0,0,0,0,0,-35000,0,0,0,24000,59000,-35000,-35000
8553,06332P,創意元富0B售02,0,0,0,0,0,0,0,0,0,-35000,0,0,0,0,35000,-35000,-35000
8554,039624,嘉晶元大12購01,0,0,0,0,0,0,0,0,0,-35000,0,0,0,32000,67000,-35000,-35000
8555,039505,台虹永豐11購01,0,0,0,0,0,0,0,0,0,-35000,0,0,0,0,35000,-35000,-35000
8556,039506,致新永豐11購01,0,0,0,0,0,0,0,0,0,-35000,0,0,0,250000,285000,-35000,-35000
8557,040224,台積電中信17購02,0,0,0,0,0,0,0,0,0,-35000,0,0,0,0,35000,-35000,-35000
8558,06788P,聯詠凱基0A售04,0,0,0,0,0,0,0,0,0,-35000,0,0,0,0,35000,-35000,-35000
8559,06854P,滬深2X元大12售01,0,0,0,0,0,0,0,0,0,-35000,0,0,0,34000,69000,-35000,-35000
8560,3622,洋華,70000,105000,-35000,0,0,0,0,0,0,0,0,0,0,0,0,0,-35000
8561,089892,彩晶統一0C購01,0,0,0,0,0,0,0,0,0,-35000,0,0,0,0,35000,-35000,-35000
8562,030771,群創康和0A購02,0,0,0,0,0,0,0,0,0,-36000,0,0,0,51000,87000,-36000,-36000
8563,033096,聯發科元富12購03,0,0,0,0,0,0,0,0,0,-36000,0,0,0,0,36000,-36000,-36000
8564,035080,萬海第一15購02,0,0,0,0,0,0,0,0,0,-36000,0,0,0,0,36000,-36000,-36000
8565,088703,京元電國泰0B購01,0,0,0,0,0,0,0,0,0,-36000,0,0,0,0,36000,-36000,-36000
8566,087478,國巨永豐09購02,0,0,0,0,0,0,0,0,0,-36000,0,0,0,50000,86000,-36000,-36000
8567,07626P,大成鋼元富11售04,0,0,0,0,0,0,0,0,0,-36000,0,0,0,0,36000,-36000,-36000
8568,07542P,智原元富12售06,0,0,0,0,0,0,0,0,0,-36000,0,0,0,165000,201000,-36000,-36000
8569,07396P,群創元富0C售07,0,0,0,0,0,0,0,0,0,-36000,0,0,0,34000,70000,-36000,-36000
8570,077671,台積電凱基0A購01,0,0,0,0,0,0,0,0,0,-36000,0,0,0,0,36000,-36000,-36000
8571,033690,台新金元大0C購01,0,0,0,0,0,0,0,0,0,-36000,0,0,0,204000,240000,-36000,-36000
8572,033683,台光電元大0B購01,0,0,0,0,0,0,0,0,0,-36000,0,0,0,51000,87000,-36000,-36000
8573,036205,矽創統一12購02,0,0,0,0,0,0,0,0,0,-36000,0,0,0,418000,454000,-36000,-36000
8574,036842,聯電凱基12購01,0,0,0,0,0,0,0,0,0,-36000,0,0,0,29000,65000,-36000,-36000
8575,037458,儒鴻兆豐13購01,0,0,0,0,0,0,0,0,0,-36000,0,0,0,6000,42000,-36000,-36000
8576,036153,旺宏元大0C購04,0,0,0,0,0,0,0,0,0,-36000,0,0,0,24000,60000,-36000,-36000
8577,036174,南亞科麥證0C購01,0,0,0,0,36000,-36000,0,0,0,-36000,0,0,0,0,36000,-36000,-36000
8578,037698,晶技群益0C購02,0,0,0,0,0,0,0,0,0,-36000,0,0,0,10000,46000,-36000,-36000
8579,037881,貿聯中信0C購02,0,0,0,0,0,0,0,0,0,-36000,0,0,0,0,36000,-36000,-36000
8580,06846P,台灣50凱基11售01,0,0,0,0,0,0,0,0,0,-36000,0,0,0,12000,48000,-36000,-36000
8581,07252P,南電元富0B售02,0,0,0,0,0,0,0,0,0,-36000,0,0,0,263000,299000,-36000,-36000
8582,039679,鄉林康和11購01,0,0,0,0,0,0,0,0,0,-36000,0,0,0,0,36000,-36000,-36000
8583,039818,康舒元大11購01,0,0,0,0,0,0,0,0,0,-36000,0,0,0,65000,101000,-36000,-36000
8584,05677P,臺股指中信0C售03,0,0,0,0,0,0,0,0,0,-36000,0,0,0,165000,201000,-36000,-36000
8585,040613,淳安國票12購01,0,0,0,0,0,0,0,0,0,-36000,0,0,0,0,36000,-36000,-36000
8586,040402,惠特元富12購01,0,0,0,0,0,0,0,0,0,-36000,0,0,0,0,36000,-36000,-36000
8587,039189,順德元大11購06,0,0,0,0,0,0,0,0,0,-36000,0,0,0,66000,102000,-36000,-36000
8588,039333,健和興元大12購01,0,0,0,0,0,0,0,0,0,-36000,0,0,0,104000,140000,-36000,-36000
8589,089948,群創富邦0B購02,0,0,0,0,0,0,0,0,0,-36000,0,0,0,0,36000,-36000,-36000
8590,089966,台積電元大0A購04,0,0,0,0,0,0,0,0,0,-36000,0,0,0,4000,40000,-36000,-36000
8591,1307,三芳,11000,47000,-36000,0,0,0,0,0,0,0,0,0,0,0,0,0,-36000
8592,2107,厚生,104000,100000,4000,0,0,0,0,0,0,-40000,0,40000,-40000,0,0,0,-36000
8593,2838A,聯邦銀甲特,0,0,0,0,0,0,0,0,0,-36000,4000,40000,-36000,0,0,0,-36000
8594,2231,為升,56000,89000,-33000,0,0,0,0,0,0,-3872,1000,1236,-236,0,3636,-3636,-36872
8595,030139,玉晶光凱基12購01,0,0,0,0,0,0,0,0,0,-37000,0,0,0,3000,40000,-37000,-37000
8596,032100,台船永豐0A購02,0,0,0,0,0,0,0,0,0,-37000,0,0,0,110000,147000,-37000,-37000
8597,031459,矽統群益0B購02,0,0,0,0,0,0,0,0,0,-37000,0,0,0,23000,60000,-37000,-37000
8598,07385P,上銀元富0C售01,0,0,0,0,0,0,0,0,0,-37000,0,0,0,11000,48000,-37000,-37000
8599,083822,華通凱基08購01,0,0,0,0,0,0,0,0,0,-37000,0,0,0,168000,205000,-37000,-37000
8600,088188,鴻海群益0A購04,0,0,0,0,0,0,0,0,0,-37000,0,0,0,5000,42000,-37000,-37000
8601,03760C,中鋼富邦13牛02,0,0,0,0,0,0,0,0,0,-37000,0,0,0,65000,102000,-37000,-37000
8602,034097,臻鼎元大0C購01,0,0,0,0,0,0,0,0,0,-37000,0,0,0,0,37000,-37000,-37000
8603,036732,臺股指凱基12購03,0,0,0,0,0,0,0,0,0,-37000,0,0,0,13000,50000,-37000,-37000
8604,036774,光罩統一11購01,0,0,0,0,0,0,0,0,0,-37000,0,0,0,16000,53000,-37000,-37000
8605,034496,大立光元大0C購08,0,0,0,0,0,0,0,0,0,-37000,0,0,0,1000,38000,-37000,-37000
8606,039378,聯詠國泰13購02,0,0,0,0,0,0,0,0,0,-37000,0,0,0,297000,334000,-37000,-37000
8607,040444,惠特國票13購01,0,0,0,0,0,0,0,0,0,-37000,0,0,0,0,37000,-37000,-37000
8608,040322,菱生國票11購02,0,0,0,0,0,0,0,0,0,-37000,0,0,0,0,37000,-37000,-37000
8609,040611,祥碩國票12購02,0,0,0,0,0,0,0,0,0,-37000,0,0,0,23000,60000,-37000,-37000
8610,06120P,台灣50元大0A售01,0,0,0,0,0,0,0,0,0,-37000,0,0,0,200000,237000,-37000,-37000
8611,039827,祥碩元富11購03,0,0,0,0,0,0,0,0,0,-37000,0,0,0,44000,81000,-37000,-37000
8612,039866,中鋼富邦13購04,0,0,0,0,0,0,0,0,0,-37000,0,0,0,59000,96000,-37000,-37000
8613,07051P,國巨元大0B售08,0,0,0,0,0,0,0,0,0,-37000,0,0,0,22000,59000,-37000,-37000
8614,2414,精技,0,37000,-37000,0,0,0,0,0,0,0,0,0,0,0,0,0,-37000
8615,3311,閎暉,6000,43000,-37000,0,0,0,0,0,0,0,0,0,0,0,0,0,-37000
8616,1312A,國喬特,0,0,0,0,0,0,0,0,0,-37000,4000,41000,-37000,0,0,0,-37000
8617,088901,臺股指凱基0C購17,0,0,0,0,0,0,0,0,0,-37000,0,0,0,99000,136000,-37000,-37000
8618,9941A,裕融甲特,0,0,0,0,0,0,0,0,0,-37000,13000,50000,-37000,0,0,0,-37000
8619,032608,玉晶光元大11購03,0,0,0,0,0,0,0,0,0,-38000,0,0,0,1000,39000,-38000,-38000
8620,033021,聯電中信0B購03,0,0,0,0,0,0,0,0,0,-38000,0,0,0,17000,55000,-38000,-38000
8621,031665,聯發科元大0A購15,0,0,0,0,0,0,0,0,0,-38000,0,0,0,40000,78000,-38000,-38000
8622,032930,聯陽國票0B購01,0,0,0,0,0,0,0,0,0,-38000,0,0,0,20000,58000,-38000,-38000
8623,030269,台積電統一0A購11,0,0,0,0,0,0,0,0,0,-38000,0,0,0,0,38000,-38000,-38000
8624,030946,致新群益0B購02,0,0,0,0,0,0,0,0,0,-38000,0,0,0,59000,97000,-38000,-38000
8625,088297,聯陽麥證0B購01,0,0,0,0,38000,-38000,0,0,0,-38000,0,0,0,0,38000,-38000,-38000
8626,088533,鴻海中信0C購02,0,0,0,0,0,0,0,0,0,-38000,0,0,0,0,38000,-38000,-38000
8627,07425P,臺股指元大13售02,0,0,0,0,0,0,0,0,0,-38000,0,0,0,15000,53000,-38000,-38000
8628,086476,台郡兆豐09購01,0,0,0,0,0,0,0,0,0,-38000,0,0,0,0,38000,-38000,-38000
8629,035029,南電凱基0B購02,0,0,0,0,0,0,0,0,0,-38000,0,0,0,57000,95000,-38000,-38000
8630,036742,南亞科元大0C購04,0,0,0,0,0,0,0,0,0,-38000,0,0,0,0,38000,-38000,-38000
8631,034145,友訊凱基0B購01,0,0,0,0,0,0,0,0,0,-38000,0,0,0,65000,103000,-38000,-38000
8632,037493,亞光凱基0C購01,0,0,0,0,0,0,0,0,0,-38000,0,0,0,55000,93000,-38000,-38000
8633,037523,TPK富邦13購01,0,0,0,0,0,0,0,0,0,-38000,0,0,0,18000,56000,-38000,-38000
8634,06620P,國巨元富0C售09,0,0,0,0,0,0,0,0,0,-38000,0,0,0,0,38000,-38000,-38000
8635,040292,台表科元大11購04,0,0,0,0,0,0,0,0,0,-38000,0,0,0,0,38000,-38000,-38000
8636,038211,昇陽半群益14購01,0,0,0,0,0,0,0,0,0,-38000,0,0,0,6000,44000,-38000,-38000
8637,038259,致茂凱基14購01,0,0,0,0,0,0,0,0,0,-38000,0,0,0,2000,40000,-38000,-38000
8638,038379,強茂元大12購02,0,0,0,0,0,0,0,0,0,-38000,0,0,0,33000,71000,-38000,-38000
8639,032874,國巨凱基0A購05,0,0,0,0,0,0,0,0,0,-39000,0,0,0,42000,81000,-39000,-39000
8640,030696,南帝群益0B購05,0,0,0,0,0,0,0,0,0,-39000,0,0,0,133000,172000,-39000,-39000
8641,031324,台達電元大11購01,0,0,0,0,0,0,0,0,0,-39000,0,0,0,1000,40000,-39000,-39000
8642,030136,威健凱基11購01,0,0,0,0,0,0,0,0,0,-39000,0,0,0,5000,44000,-39000,-39000
8643,006207,FH滬深,46000,41000,5000,0,0,0,0,0,0,-44000,0,0,0,67998,111998,-44000,-39000
8644,032359,瑞昱凱基0A購03,0,0,0,0,0,0,0,0,0,-39000,0,0,0,67000,106000,-39000,-39000
8645,035655,新光鋼國泰12購01,0,0,0,0,0,0,0,0,0,-39000,0,0,0,46000,85000,-39000,-39000
8646,087581,微星元大0B購01,0,0,0,0,0,0,0,0,0,-39000,0,0,0,19000,58000,-39000,-39000
8647,087330,玉晶光永豐09購01,0,0,0,0,0,0,0,0,0,-39000,0,0,0,0,39000,-39000,-39000
8648,087076,友達統一0A購05,0,0,0,0,0,0,0,0,0,-39000,0,0,0,291000,330000,-39000,-39000
8649,087133,聯電國票09購04,0,0,0,0,0,0,0,0,0,-39000,0,0,0,7000,46000,-39000,-39000
8650,07513P,景碩元富14售05,0,0,0,0,0,0,0,0,0,-39000,0,0,0,37000,76000,-39000,-39000
8651,083367,聯電國票09購01,0,0,0,0,0,0,0,0,0,-39000,0,0,0,8000,47000,-39000,-39000
8652,084594,臺股指中信0B購10,0,0,0,0,0,0,0,0,0,-39000,0,0,0,300000,339000,-39000,-39000
8653,037180,晶技永豐0C購01,0,0,0,0,0,0,0,0,0,-39000,0,0,0,11000,50000,-39000,-39000
8654,038657,康普中信11購01,0,0,0,0,0,0,0,0,0,-39000,0,0,0,46000,85000,-39000,-39000
8655,038859,聯詠國泰13購01,0,0,0,0,0,0,0,0,0,-39000,0,0,0,161000,200000,-39000,-39000
8656,06269P,國巨凱基09售06,0,0,0,0,0,0,0,0,0,-39000,0,0,0,6000,45000,-39000,-39000
8657,039744,矽創兆豐13購01,0,0,0,0,0,0,0,0,0,-39000,0,0,0,542000,581000,-39000,-39000
8658,039663,新光鋼元富11購01,0,0,0,0,0,0,0,0,0,-39000,0,0,0,86000,125000,-39000,-39000
8659,039927,允強凱基11購02,0,0,0,0,0,0,0,0,0,-39000,0,0,0,75000,114000,-39000,-39000
8660,07311P,國巨元大0C售16,0,0,0,0,0,0,0,0,0,-39000,0,0,0,0,39000,-39000,-39000
8661,089603,華邦電群益0B購01,0,0,0,0,0,0,0,0,0,-39000,0,0,0,102000,141000,-39000,-39000
8662,6670,復盛應用,13000,56000,-43000,0,0,0,0,0,0,3719,4000,0,4000,0,281,-281,-39281
8663,035837,凌陽元大0B購01,0,0,0,0,0,0,0,0,0,-40000,0,0,0,22000,62000,-40000,-40000
8664,032080,華邦電兆豐0C購01,0,0,0,0,0,0,0,0,0,-40000,0,0,0,0,40000,-40000,-40000
8665,032076,中石化兆豐0B購02,0,0,0,0,0,0,0,0,0,-40000,0,0,0,0,40000,-40000,-40000
8666,032147,裕民凱基0A購02,0,0,0,0,0,0,0,0,0,-40000,0,0,0,0,40000,-40000,-40000
8667,031386,友達統一0B購05,0,0,0,0,0,0,0,0,0,-40000,0,0,0,0,40000,-40000,-40000
8668,031956,金寶元大0A購01,0,0,0,0,0,0,0,0,0,-40000,0,0,0,10000,50000,-40000,-40000
8669,031950,榮成元大0C購01,0,0,0,0,0,0,0,0,0,-40000,0,0,0,0,40000,-40000,-40000
8670,032950,中纖元大0C購01,0,0,0,0,0,0,0,0,0,-40000,0,0,0,0,40000,-40000,-40000
8671,030002,晶技中信0A購01,0,0,0,0,0,0,0,0,0,-40000,0,0,0,0,40000,-40000,-40000
8672,030109,明泰永豐0A購01,0,0,0,0,0,0,0,0,0,-40000,0,0,0,0,40000,-40000,-40000
8673,033125,金寶元大0C購01,0,0,0,0,0,0,0,0,0,-40000,0,0,0,0,40000,-40000,-40000
8674,030934,聯陽群益0A購02,0,0,0,0,0,0,0,0,0,-40000,0,0,0,0,40000,-40000,-40000
8675,030990,申豐元大0B購01,0,0,0,0,0,0,0,0,0,-40000,0,0,0,0,40000,-40000,-40000
8676,083464,台積電統一09購09,0,0,0,0,0,0,0,0,0,-40000,0,0,0,0,40000,-40000,-40000
8677,083611,台積電日盛0C購01,0,0,0,0,0,0,0,0,0,-40000,0,0,0,0,40000,-40000,-40000
8678,07494P,台灣50凱基13售01,0,0,0,0,0,0,0,0,0,-40000,0,0,0,0,40000,-40000,-40000
8679,081149,神基凱基0A購01,0,0,0,0,0,0,0,0,0,-40000,0,0,0,10000,50000,-40000,-40000
8680,087239,台積電兆豐0A購03,0,0,0,0,0,0,0,0,0,-40000,0,0,0,0,40000,-40000,-40000
8681,087232,台達化兆豐09購01,0,0,0,0,0,0,0,0,0,-40000,0,0,0,0,40000,-40000,-40000
8682,086779,臺股指凱基09購21,0,0,0,0,0,0,0,0,0,-40000,0,0,0,0,40000,-40000,-40000
8683,087350,台灣50麥證0C購01,0,0,0,0,40000,-40000,0,0,0,-40000,0,0,0,0,40000,-40000,-40000
8684,087450,台虹群益0C購01,0,0,0,0,0,0,0,0,0,-40000,0,0,0,0,40000,-40000,-40000
8685,085685,同欣電元富09購01,0,0,0,0,0,0,0,0,0,-40000,0,0,0,0,40000,-40000,-40000
8686,085381,松翰群益08購03,0,0,0,0,0,0,0,0,0,-40000,0,0,0,0,40000,-40000,-40000
8687,085270,信邦統一0A購02,0,0,0,0,0,0,0,0,0,-40000,0,0,0,0,40000,-40000,-40000
8688,085218,群創國票0A購01,0,0,0,0,0,0,0,0,0,-40000,0,0,0,0,40000,-40000,-40000
8689,088487,上証2X元大0C購02,0,0,0,0,0,0,0,0,0,-40000,0,0,0,0,40000,-40000,-40000
8690,088300,鴻海凱基13購03,0,0,0,0,0,0,0,0,0,-40000,0,0,0,30000,70000,-40000,-40000
8691,037164,大立光富邦13購04,0,0,0,0,0,0,0,0,0,-40000,0,0,0,10000,50000,-40000,-40000
8692,036949,旺宏群益12購01,0,0,0,0,0,0,0,0,0,-40000,0,0,0,0,40000,-40000,-40000
8693,034197,友達元大0C購12,0,0,0,0,0,0,0,0,0,-40000,0,0,0,0,40000,-40000,-40000
8694,036138,國巨兆豐11購02,0,0,0,0,0,0,0,0,0,-40000,0,0,0,25000,65000,-40000,-40000
8695,036607,正隆元大0C購01,0,0,0,0,0,0,0,0,0,-40000,0,0,0,10000,50000,-40000,-40000
8696,033688,富邦金元大0B購02,0,0,0,0,0,0,0,0,0,-40000,0,0,0,6000,46000,-40000,-40000
8697,033833,聯發科國泰11購01,0,0,0,0,0,0,0,0,0,-40000,0,0,0,30000,70000,-40000,-40000
8698,034847,道瓊反元大13購01,0,0,0,0,0,0,0,0,0,-40000,0,0,0,0,40000,-40000,-40000
8699,037932,順德元富12購01,0,0,0,0,0,0,0,0,0,-40000,0,0,0,262000,302000,-40000,-40000
8700,07066P,臺股指麥證0B售02,0,0,0,0,40000,-40000,0,0,0,-40000,0,0,0,0,40000,-40000,-40000
8701,07104P,臺股指凱基0B售18,0,0,0,0,0,0,0,0,0,-40000,0,0,0,0,40000,-40000,-40000
8702,06911P,中鋼凱基0B售03,0,0,0,0,0,0,0,0,0,-40000,0,0,0,0,40000,-40000,-40000
8703,040049,直得元大11購01,0,0,0,0,0,0,0,0,0,-40000,0,0,0,0,40000,-40000,-40000
8704,040078,華新國票11購01,0,0,0,0,0,0,0,0,0,-40000,0,0,0,41000,81000,-40000,-40000
8705,040218,臺股指國票11購06,0,0,0,0,0,0,0,0,0,-40000,0,0,0,0,40000,-40000,-40000
8706,039611,愛普中信13購01,0,0,0,0,0,0,0,0,0,-40000,0,0,0,0,40000,-40000,-40000
8707,039479,台達電國泰13購01,0,0,0,0,0,0,0,0,0,-40000,0,0,0,90000,130000,-40000,-40000
8708,039823,臺股指元大11購17,0,0,0,0,0,0,0,0,0,-40000,0,0,0,10000,50000,-40000,-40000
8709,039801,華通元大13購02,0,0,0,0,0,0,0,0,0,-40000,0,0,0,0,40000,-40000,-40000
8710,06459P,台灣50兆豐09售02,0,0,0,0,0,0,0,0,0,-40000,0,0,0,0,40000,-40000,-40000
8711,06499P,元石油元大09售01,0,0,0,0,0,0,0,0,0,-40000,0,0,0,0,40000,-40000,-40000
8712,040326,可成國票11購01,0,0,0,0,0,0,0,0,0,-40000,0,0,0,184000,224000,-40000,-40000
8713,038833,南紡麥證11購01,0,0,0,120000,160000,-40000,0,0,0,-40000,0,0,0,120000,160000,-40000,-40000
8714,039093,元晶元富11購01,0,0,0,0,0,0,0,0,0,-40000,0,0,0,113000,153000,-40000,-40000
8715,038486,華夏永豐11購01,0,0,0,0,0,0,0,0,0,-40000,0,0,0,0,40000,-40000,-40000
8716,038208,智易群益11購01,0,0,0,0,0,0,0,0,0,-40000,0,0,0,15000,55000,-40000,-40000
8717,037950,金像電元大0C購07,0,0,0,0,0,0,0,0,0,-40000,0,0,0,20000,60000,-40000,-40000
8718,038005,旺宏兆豐13購01,0,0,0,0,0,0,0,0,0,-40000,0,0,0,0,40000,-40000,-40000
8719,089319,群創國票0B購02,0,0,0,0,0,0,0,0,0,-40000,0,0,0,0,40000,-40000,-40000
8720,030739,全新元大0A購02,0,0,0,0,0,0,0,0,0,-41000,0,0,0,22000,63000,-41000,-41000
8721,030720,亞德客元大0B購01,0,0,0,0,0,0,0,0,0,-41000,0,0,0,9000,50000,-41000,-41000
8722,032977,TPK元大0A購01,0,0,0,0,0,0,0,0,0,-41000,0,0,0,0,41000,-41000,-41000
8723,034302,燁輝永豐0B購03,0,0,0,0,0,0,0,0,0,-41000,0,0,0,50000,91000,-41000,-41000
8724,033183,高股息凱基11購01,0,0,0,0,0,0,0,0,0,-41000,0,0,0,0,41000,-41000,-41000
8725,088380,臺股指國票0A購10,0,0,0,0,0,0,0,0,0,-41000,0,0,0,15000,56000,-41000,-41000
8726,085399,美指2X元大0B購01,0,0,0,0,0,0,0,0,0,-41000,0,0,0,30000,71000,-41000,-41000
8727,087634,鴻海凱基0A購12,0,0,0,0,0,0,0,0,0,-41000,0,0,0,9000,50000,-41000,-41000
8728,082551,臺股指凱基0C購05,0,0,0,0,0,0,0,0,0,-41000,0,0,0,119000,160000,-41000,-41000
8729,037885,國巨國泰13購02,0,0,0,0,0,0,0,0,0,-41000,0,0,0,95000,136000,-41000,-41000
8730,034602,聯發科統一0B購06,0,0,0,0,0,0,0,0,0,-41000,0,0,0,0,41000,-41000,-41000
8731,034541,萬海統一0C購05,0,0,0,0,0,0,0,0,0,-41000,0,0,0,22000,63000,-41000,-41000
8732,035036,南亞科麥證11購01,0,0,0,0,41000,-41000,0,0,0,-41000,0,0,0,0,41000,-41000,-41000
8733,036729,欣興凱基14購01,0,0,0,0,0,0,0,0,0,-41000,0,0,0,50000,91000,-41000,-41000
8734,038556,東聯凱基11購01,0,0,0,0,0,0,0,0,0,-41000,0,0,0,32000,73000,-41000,-41000
8735,039118,台達電富邦11購01,0,0,0,0,0,0,0,0,0,-41000,0,0,0,0,41000,-41000,-41000
8736,039138,王品國泰13購03,0,0,0,0,0,0,0,0,0,-41000,0,0,0,20000,61000,-41000,-41000
8737,039328,南亞科元大11購05,0,0,0,0,0,0,0,0,0,-41000,0,0,0,0,41000,-41000,-41000
8738,039346,順德國票12購01,0,0,0,0,0,0,0,0,0,-41000,0,0,0,10000,51000,-41000,-41000
8739,039691,威盛群益11購01,0,0,0,0,0,0,0,0,0,-41000,0,0,0,0,41000,-41000,-41000
8740,040233,GIS兆豐11購01,0,0,0,0,0,0,0,0,0,-41000,0,0,0,25000,66000,-41000,-41000
8741,040054,新光鋼元大12購02,0,0,0,0,0,0,0,0,0,-41000,0,0,0,264000,305000,-41000,-41000
8742,1808,潤隆,9000,50000,-41000,0,0,0,0,0,0,0,0,0,0,0,0,0,-41000
8743,6477,安集,93000,133000,-40000,0,0,0,0,0,0,-1000,0,0,0,1000,2000,-1000,-41000
8744,032890,光罩統一0C購01,0,0,0,0,0,0,0,0,0,-42000,0,0,0,176000,218000,-42000,-42000
8745,032392,新興統一12購01,0,0,0,0,0,0,0,0,0,-42000,0,0,0,46000,88000,-42000,-42000
8746,031631,長榮航統一0C購02,0,0,0,0,0,0,0,0,0,-42000,0,0,0,134000,176000,-42000,-42000
8747,030401,威盛元大0A購01,0,0,0,0,0,0,0,0,0,-42000,0,0,0,98000,140000,-42000,-42000
8748,00654R,富邦印度反1,0,14000,-14000,0,0,0,0,0,0,-28000,0,0,0,6000,34000,-28000,-42000
8749,030840,光磊兆豐0A購01,0,0,0,0,0,0,0,0,0,-42000,0,0,0,2000,44000,-42000,-42000
8750,07443P,金像電元大0C售06,0,0,0,0,0,0,0,0,0,-42000,0,0,0,22000,64000,-42000,-42000
8751,087183,台積電群益0A購04,0,0,0,0,0,0,0,0,0,-42000,0,0,0,0,42000,-42000,-42000
8752,085757,華邦電麥證08購01,0,0,0,0,42000,-42000,0,0,0,-42000,0,0,0,0,42000,-42000,-42000
8753,086361,臺股指元大0B購12,0,0,0,0,0,0,0,0,0,-42000,0,0,0,40000,82000,-42000,-42000
8754,036740,群光元大0C購02,0,0,0,0,0,0,0,0,0,-42000,0,0,0,64000,106000,-42000,-42000
8755,036632,富邦金凱基11購02,0,0,0,0,0,0,0,0,0,-42000,0,0,0,11000,53000,-42000,-42000
8756,035058,南亞科國泰11購02,0,0,0,0,0,0,0,0,0,-42000,0,0,0,31000,73000,-42000,-42000
8757,035507,富邦金凱基0C購01,0,0,0,0,0,0,0,0,0,-42000,0,0,0,0,42000,-42000,-42000
8758,034395,台郡元大0C購03,0,0,0,0,0,0,0,0,0,-42000,0,0,0,0,42000,-42000,-42000
8759,033623,鴻準元富0B購01,0,0,0,0,0,0,0,0,0,-42000,0,0,0,99000,141000,-42000,-42000
8760,040122,光罩永豐11購02,0,0,0,0,0,0,0,0,0,-42000,0,0,0,126000,168000,-42000,-42000
8761,040136,菱生群益11購02,0,0,0,0,0,0,0,0,0,-42000,0,0,0,0,42000,-42000,-42000
8762,039516,台郡群益12購01,0,0,0,0,0,0,0,0,0,-42000,0,0,0,35000,77000,-42000,-42000
8763,040456,新唐兆豐13購03,0,0,0,0,0,0,0,0,0,-42000,0,0,0,0,42000,-42000,-42000
8764,039245,台玻中信11購01,0,0,0,0,0,0,0,0,0,-42000,0,0,0,90000,132000,-42000,-42000
8765,038349,聯德元富11購01,0,0,0,0,0,0,0,0,0,-42000,0,0,0,41000,83000,-42000,-42000
8766,06901P,大成鋼元大0A售08,0,0,0,0,0,0,0,0,0,-42000,0,0,0,0,42000,-42000,-42000
8767,1442,名軒,12000,54000,-42000,0,0,0,0,0,0,0,0,0,0,0,0,0,-42000
8768,089169,華邦電國泰0B購01,0,0,0,0,0,0,0,0,0,-42000,0,0,0,0,42000,-42000,-42000
8769,088846,玉晶光兆豐0A購01,0,0,0,0,0,0,0,0,0,-42000,0,0,0,5000,47000,-42000,-42000
8770,089662,台達化元大0B購02,0,0,0,0,0,0,0,0,0,-42000,0,0,0,10000,52000,-42000,-42000
8771,8081,致新,262318,311003,-48685,0,0,0,46000,2000,44000,-38000,1000,20000,-19000,21000,40000,-19000,-42685
8772,030896,中鋼凱基0A購02,0,0,0,0,0,0,0,0,0,-43000,0,0,0,0,43000,-43000,-43000
8773,031347,精成科元大0A購01,0,0,0,0,0,0,0,0,0,-43000,0,0,0,0,43000,-43000,-43000
8774,032516,慧洋永豐0A購06,0,0,0,0,0,0,0,0,0,-43000,0,0,0,1000,44000,-43000,-43000
8775,032270,台泥富邦0B購01,0,0,0,0,0,0,0,0,0,-43000,0,0,0,57000,100000,-43000,-43000
8776,087942,達方統一0A購02,0,0,0,0,0,0,0,0,0,-43000,0,0,0,0,43000,-43000,-43000
8777,07517P,聯發科元大11售09,0,0,0,0,0,0,0,0,0,-43000,0,0,0,0,43000,-43000,-43000
8778,080984,台郡國泰09購01,0,0,0,0,0,0,0,0,0,-43000,0,0,0,143000,186000,-43000,-43000
8779,080185,世芯統一08購02,0,0,0,0,0,0,0,0,0,-43000,0,0,0,5000,48000,-43000,-43000
8780,088102,京元電國票0A購01,0,0,0,0,0,0,0,0,0,-43000,0,0,0,0,43000,-43000,-43000
8781,036048,矽創元富13購02,0,0,0,0,0,0,0,0,0,-43000,0,0,0,46000,89000,-43000,-43000
8782,037947,聯電元大13購01,0,0,0,0,0,0,0,0,0,-43000,0,0,0,184000,227000,-43000,-43000
8783,037775,順德凱基0C購03,0,0,0,0,0,0,0,0,0,-43000,0,0,0,127000,170000,-43000,-43000
8784,06834P,聯電凱基0B售03,0,0,0,0,0,0,0,0,0,-43000,0,0,0,20000,63000,-43000,-43000
8785,038904,聯電群益13購04,0,0,0,0,0,0,0,0,0,-43000,0,0,0,169000,212000,-43000,-43000
8786,039973,台表科元大13購01,0,0,0,0,0,0,0,0,0,-43000,0,0,0,44000,87000,-43000,-43000
8787,031502,旺宏元大0A購05,0,0,0,0,0,0,0,0,0,-44000,0,0,0,0,44000,-44000,-44000
8788,030448,臺股指元大11購05,0,0,0,0,0,0,0,0,0,-44000,0,0,0,31000,75000,-44000,-44000
8789,030310,王品康和0A購01,0,0,0,0,0,0,0,0,0,-44000,0,0,0,135000,179000,-44000,-44000
8790,031154,明基材兆豐0A購01,0,0,0,0,0,0,0,0,0,-44000,0,0,0,277000,321000,-44000,-44000
8791,035626,智原國票0C購02,0,0,0,0,0,0,0,0,0,-44000,0,0,0,52000,96000,-44000,-44000
8792,035563,愛普統一13購01,0,0,0,0,0,0,0,0,0,-44000,0,0,0,2000,46000,-44000,-44000
8793,088174,GIS元大0C購01,0,0,0,0,0,0,0,0,0,-44000,0,0,0,36000,80000,-44000,-44000
8794,088424,南茂群益09購03,0,0,0,0,0,0,0,0,0,-44000,0,0,0,0,44000,-44000,-44000
8795,07503P,聯詠元大11售05,0,0,0,0,0,0,0,0,0,-44000,0,0,0,12000,56000,-44000,-44000
8796,083003,聯電凱基0A購03,0,0,0,0,0,0,0,0,0,-44000,0,0,0,156000,200000,-44000,-44000
8797,087708,國巨統一09購15,0,0,0,0,0,0,0,0,0,-44000,0,0,0,40000,84000,-44000,-44000
8798,086473,健策兆豐09購01,0,0,0,0,0,0,0,0,0,-44000,0,0,0,10000,54000,-44000,-44000
8799,086397,華邦電統一0B購01,0,0,0,0,0,0,0,0,0,-44000,0,0,0,69000,113000,-44000,-44000
8800,086486,晶技統一0B購01,0,0,0,0,0,0,0,0,0,-44000,0,0,0,0,44000,-44000,-44000
8801,086096,技嘉永豐08購02,0,0,0,0,0,0,0,0,0,-44000,0,0,0,0,44000,-44000,-44000
8802,039796,愛普統一12購02,0,0,0,0,0,0,0,0,0,-44000,0,0,0,0,44000,-44000,-44000
8803,040372,南亞科兆豐13購01,0,0,0,0,0,0,0,0,0,-44000,0,0,0,0,44000,-44000,-44000
8804,040531,京元電凱基14購01,0,0,0,0,0,0,0,0,0,-44000,0,0,0,0,44000,-44000,-44000
8805,06693P,華新科凱基09售07,0,0,0,0,0,0,0,0,0,-44000,0,0,0,19000,63000,-44000,-44000
8806,039372,台玻國泰13購03,0,0,0,0,0,0,0,0,0,-44000,0,0,0,63000,107000,-44000,-44000
8807,038223,亞光國泰13購01,0,0,0,0,0,0,0,0,0,-44000,0,0,0,40000,84000,-44000,-44000
8808,07093P,聯發科元大0B售07,0,0,0,0,0,0,0,0,0,-44000,0,0,0,0,44000,-44000,-44000
8809,3686,達能,181000,225000,-44000,0,0,0,0,0,0,0,0,0,0,0,0,0,-44000
8810,4766,南寶,5000,41000,-36000,0,0,0,0,0,0,-8000,0,0,0,7000,15000,-8000,-44000
8811,088934,玉晶光統一0B購06,0,0,0,0,0,0,0,0,0,-44000,0,0,0,16000,60000,-44000,-44000
8812,1522,堤維西,26000,70000,-44000,0,0,0,0,0,0,0,0,0,0,0,0,0,-44000
8813,2888B,新光金乙特,11000,0,11000,0,0,0,0,0,0,-55000,148000,203000,-55000,0,0,0,-44000
8814,032799,達方元大0C購01,0,0,0,0,0,0,0,0,0,-45000,0,0,0,1000,46000,-45000,-45000
8815,030533,台達電凱基0A購01,0,0,0,0,0,0,0,0,0,-45000,0,0,0,0,45000,-45000,-45000
8816,032656,台塑麥證0B購01,0,0,0,0,45000,-45000,0,0,0,-45000,0,0,0,0,45000,-45000,-45000
8817,033512,南茂統一0C購01,0,0,0,0,0,0,0,0,0,-45000,0,0,0,103000,148000,-45000,-45000
8818,031694,華夏永豐0A購01,0,0,0,0,0,0,0,0,0,-45000,0,0,0,5000,50000,-45000,-45000
8819,032880,國泰金凱基0B購03,0,0,0,0,0,0,0,0,0,-45000,0,0,0,5000,50000,-45000,-45000
8820,032070,華碩中信0B購01,0,0,0,0,0,0,0,0,0,-45000,0,0,0,0,45000,-45000,-45000
8821,087392,友達元大0B購03,0,0,0,0,0,0,0,0,0,-45000,0,0,0,5000,50000,-45000,-45000
8822,07578P,臺股指群益11售15,0,0,0,0,0,0,0,0,0,-45000,0,0,0,0,45000,-45000,-45000
8823,088177,志超元大09購01,0,0,0,0,0,0,0,0,0,-45000,0,0,0,0,45000,-45000,-45000
8824,037532,華邦電元大0C購10,0,0,0,0,0,0,0,0,0,-45000,0,0,0,30000,75000,-45000,-45000
8825,036715,愛普群益13購01,0,0,0,0,0,0,0,0,0,-45000,0,0,0,109000,154000,-45000,-45000
8826,037469,南亞科國泰12購01,0,0,0,0,0,0,0,0,0,-45000,0,0,0,15000,60000,-45000,-45000
8827,06789P,群創凱基0A售03,0,0,0,0,0,0,0,0,0,-45000,0,0,0,21000,66000,-45000,-45000
8828,038253,中鋼凱基11購07,0,0,0,0,0,0,0,0,0,-45000,0,0,0,485000,530000,-45000,-45000
8829,038084,華新永豐11購01,0,0,0,0,0,0,0,0,0,-45000,0,0,0,0,45000,-45000,-45000
8830,038968,臺股指元大13購20,0,0,0,0,0,0,0,0,0,-45000,0,0,0,0,45000,-45000,-45000
8831,039064,元金2X元大11購02,0,0,0,0,0,0,0,0,0,-45000,0,0,0,0,45000,-45000,-45000
8832,040219,臺股指國票11購07,0,0,0,0,0,0,0,0,0,-45000,0,0,0,20000,65000,-45000,-45000
8833,088883,矽統凱基09購01,0,0,0,0,0,0,0,0,0,-45000,0,0,0,1000,46000,-45000,-45000
8834,089113,聯詠國票0B購03,0,0,0,0,0,0,0,0,0,-45000,0,0,0,60000,105000,-45000,-45000
8835,9905,大華,3000,48000,-45000,0,0,0,0,0,0,0,0,0,0,0,0,0,-45000
8836,032351,台泥凱基0B購01,0,0,0,0,0,0,0,0,0,-46000,0,0,0,0,46000,-46000,-46000
8837,032332,國巨群益0A購03,0,0,0,0,0,0,0,0,0,-46000,0,0,0,0,46000,-46000,-46000
8838,031710,宏達電永豐0A購01,0,0,0,0,0,0,0,0,0,-46000,0,0,0,0,46000,-46000,-46000
8839,032285,華新中信0C購01,0,0,0,0,0,0,0,0,0,-46000,0,0,0,153000,199000,-46000,-46000
8840,032247,大亞元大0C購01,0,0,0,0,0,0,0,0,0,-46000,0,0,0,20000,66000,-46000,-46000
8841,087227,緯穎凱基0A購02,0,0,0,0,0,0,0,0,0,-46000,0,0,0,50000,96000,-46000,-46000
8842,087268,帆宣富邦0B購01,0,0,0,0,0,0,0,0,0,-46000,0,0,0,4000,50000,-46000,-46000
8843,086121,光寶科群益08購01,0,0,0,0,0,0,0,0,0,-46000,0,0,0,50000,96000,-46000,-46000
8844,086472,群創兆豐09購01,0,0,0,0,0,0,0,0,0,-46000,0,0,0,0,46000,-46000,-46000
8845,036856,精成科永豐0C購01,0,0,0,0,0,0,0,0,0,-46000,0,0,0,0,46000,-46000,-46000
8846,036507,廣達凱基0C購01,0,0,0,0,0,0,0,0,0,-46000,0,0,0,69000,115000,-46000,-46000
8847,036455,南亞科台新0C購01,0,0,0,0,0,0,0,0,0,-46000,0,0,0,0,46000,-46000,-46000
8848,033316,GIS元富0B購01,0,0,0,0,0,0,0,0,0,-46000,0,0,0,4000,50000,-46000,-46000
8849,038377,微星元大12購01,0,0,0,0,0,0,0,0,0,-46000,0,0,0,20000,66000,-46000,-46000
8850,089111,瑞昱國票0A購03,0,0,0,0,0,0,0,0,0,-46000,0,0,0,5000,51000,-46000,-46000
8851,1416,廣豐,1000,47000,-46000,0,0,0,0,0,0,0,0,0,0,0,0,0,-46000
8852,1535,中宇,36000,82000,-46000,0,0,0,0,0,0,0,0,0,0,0,0,0,-46000
8853,033471,偉詮電凱基0C購01,0,0,0,0,0,0,0,0,0,-47000,0,0,0,230000,277000,-47000,-47000
8854,032088,聯成永豐0A購04,0,0,0,0,0,0,0,0,0,-47000,0,0,0,0,47000,-47000,-47000
8855,032233,友達台新0A購04,0,0,0,0,0,0,0,0,0,-47000,0,0,0,100000,147000,-47000,-47000
8856,031120,大成鋼統一0C購01,0,0,0,0,0,0,0,0,0,-47000,0,0,0,0,47000,-47000,-47000
8857,030892,南紡凱基0A購01,0,0,0,0,0,0,0,0,0,-47000,0,0,0,181000,228000,-47000,-47000
8858,035638,玉晶光富邦13購01,0,0,0,0,0,0,0,0,0,-47000,0,0,0,0,47000,-47000,-47000
8859,035888,聯陽國票11購01,0,0,0,0,0,0,0,0,0,-47000,0,0,0,212000,259000,-47000,-47000
8860,035923,台表科統一12購01,0,0,0,0,0,0,0,0,0,-47000,0,0,0,5000,52000,-47000,-47000
8861,085972,群創凱基08購10,0,0,0,0,0,0,0,0,0,-47000,0,0,0,3000,50000,-47000,-47000
8862,080362,國巨元富09購05,0,0,0,0,0,0,0,0,0,-47000,0,0,0,23000,70000,-47000,-47000
8863,078231,智邦元富09購03,0,0,0,0,0,0,0,0,0,-47000,0,0,0,18000,65000,-47000,-47000
8864,035467,健策國票0C購02,0,0,0,0,0,0,0,0,0,-47000,0,0,0,98000,145000,-47000,-47000
8865,033828,GIS康和0B購01,0,0,0,0,0,0,0,0,0,-47000,0,0,0,69000,116000,-47000,-47000
8866,033648,中鋼統一15購01,0,0,0,0,0,0,0,0,0,-47000,0,0,0,41000,88000,-47000,-47000
8867,037574,美食永豐0C購01,0,0,0,0,0,0,0,0,0,-47000,0,0,0,8000,55000,-47000,-47000
8868,038292,國光生永豐11購01,0,0,0,0,0,0,0,0,0,-47000,0,0,0,24000,71000,-47000,-47000
8869,039305,台郡元富12購03,0,0,0,0,0,0,0,0,0,-47000,0,0,0,69000,116000,-47000,-47000
8870,040247,凌陽永豐11購04,0,0,0,0,0,0,0,0,0,-47000,0,0,0,0,47000,-47000,-47000
8871,06565P,寶成元富09售02,0,0,0,0,0,0,0,0,0,-47000,0,0,0,25000,72000,-47000,-47000
8872,040614,淳安國票13購01,0,0,0,0,0,0,0,0,0,-47000,0,0,0,0,47000,-47000,-47000
8873,040470,台積電國泰17購01,0,0,0,0,0,0,0,0,0,-47000,0,0,0,1000,48000,-47000,-47000
8874,031633,彩晶統一0C購05,0,0,0,0,0,0,0,0,0,-48000,0,0,0,0,48000,-48000,-48000
8875,031566,華榮凱基0A購01,0,0,0,0,0,0,0,0,0,-48000,0,0,0,2000,50000,-48000,-48000
8876,083572,致伸群益08購02,0,0,0,0,0,0,0,0,0,-48000,0,0,0,1000,49000,-48000,-48000
8877,085994,友達元大0B購01,0,0,0,0,0,0,0,0,0,-48000,0,0,0,0,48000,-48000,-48000
8878,087526,玉晶光凱基09購04,0,0,0,0,0,0,0,0,0,-48000,0,0,0,20000,68000,-48000,-48000
8879,037593,創意群益0C購02,0,0,0,0,0,0,0,0,0,-48000,0,0,0,82000,130000,-48000,-48000
8880,037638,華擎元富0C購01,0,0,0,0,0,0,0,0,0,-48000,0,0,0,16000,64000,-48000,-48000
8881,037659,和碩凱基11購01,0,0,0,0,0,0,0,0,0,-48000,0,0,0,20000,68000,-48000,-48000
8882,034429,香港2X凱基14購01,0,0,0,0,0,0,0,0,0,-48000,0,0,0,34000,82000,-48000,-48000
8883,034670,旺宏凱基0B購05,0,0,0,0,0,0,0,0,0,-48000,0,0,0,535000,583000,-48000,-48000
8884,040066,創意元大11購06,0,0,0,0,0,0,0,0,0,-48000,0,0,0,42000,90000,-48000,-48000
8885,039861,茂林國票11購01,0,0,0,0,0,0,0,0,0,-48000,0,0,0,0,48000,-48000,-48000
8886,06948P,大成鋼凱基0A售04,0,0,0,0,0,0,0,0,0,-48000,0,0,0,0,48000,-48000,-48000
8887,07016P,富邦金元富12售04,0,0,0,0,0,0,0,0,0,-48000,0,0,0,14000,62000,-48000,-48000
8888,6112,聚碩,0,48000,-48000,0,0,0,0,0,0,0,0,0,0,0,0,0,-48000
8889,035870,亞光元富13購01,0,0,0,0,0,0,0,0,0,-49000,0,0,0,260000,309000,-49000,-49000
8890,087369,南亞元大09購01,0,0,0,0,0,0,0,0,0,-49000,0,0,0,285000,334000,-49000,-49000
8891,086791,和碩兆豐09購01,0,0,0,0,0,0,0,0,0,-49000,0,0,0,0,49000,-49000,-49000
8892,085228,台積電元大0C購04,0,0,0,0,0,0,0,0,0,-49000,0,0,0,31000,80000,-49000,-49000
8893,083630,友達凱基0C購01,0,0,0,0,0,0,0,0,0,-49000,0,0,0,31000,80000,-49000,-49000
8894,088935,玉晶光統一0C購01,0,0,0,0,0,0,0,0,0,-49000,0,0,0,0,49000,-49000,-49000
8895,089221,群創群益0B購03,0,0,0,0,0,0,0,0,0,-49000,0,0,0,0,49000,-49000,-49000
8896,035908,GIS群益0C購01,0,0,0,0,0,0,0,0,0,-50000,0,0,0,3000,53000,-50000,-50000
8897,035953,儒鴻元大0C購02,0,0,0,0,0,0,0,0,0,-50000,0,0,0,0,50000,-50000,-50000
8898,035676,微星永豐0B購02,0,0,0,0,0,0,0,0,0,-50000,0,0,0,0,50000,-50000,-50000
8899,031590,力成凱基0A購01,0,0,0,0,0,0,0,0,0,-50000,0,0,0,55000,105000,-50000,-50000
8900,032975,群創元大0A購22,0,0,0,0,0,0,0,0,0,-50000,0,0,0,0,50000,-50000,-50000
8901,033482,華新統一0C購02,0,0,0,0,0,0,0,0,0,-50000,0,0,0,100000,150000,-50000,-50000
8902,034304,新光鋼永豐0B購03,0,0,0,0,0,0,0,0,0,-50000,0,0,0,1000,51000,-50000,-50000
8903,034311,玉晶光永豐0B購04,0,0,0,0,0,0,0,0,0,-50000,0,0,0,2000,52000,-50000,-50000
8904,032643,玉晶光統一0B購07,0,0,0,0,0,0,0,0,0,-50000,0,0,0,0,50000,-50000,-50000
8905,031796,中環國票0B購01,0,0,0,0,0,0,0,0,0,-50000,0,0,0,0,50000,-50000,-50000
8906,031861,亞泥凱基11購01,0,0,0,0,0,0,0,0,0,-50000,0,0,0,36000,86000,-50000,-50000
8907,031859,滬深2X凱基0C購02,0,0,0,0,0,0,0,0,0,-50000,0,0,0,0,50000,-50000,-50000
8908,031699,華新永豐0A購01,0,0,0,0,0,0,0,0,0,-50000,0,0,0,212000,262000,-50000,-50000
8909,032374,聯成統一0C購01,0,0,0,0,0,0,0,0,0,-50000,0,0,0,0,50000,-50000,-50000
8910,032878,可成凱基0A購02,0,0,0,0,0,0,0,0,0,-50000,0,0,0,0,50000,-50000,-50000
8911,030326,大立光麥證0C購02,0,0,0,0,50000,-50000,0,0,0,-50000,0,0,0,0,50000,-50000,-50000
8912,032045,旺宏國票0A購03,0,0,0,0,0,0,0,0,0,-50000,0,0,0,0,50000,-50000,-50000
8913,030638,滬深2X中信0B購02,0,0,0,0,0,0,0,0,0,-50000,0,0,0,0,50000,-50000,-50000
8914,031287,群創日盛0B購02,0,0,0,0,0,0,0,0,0,-50000,0,0,0,0,50000,-50000,-50000
8915,030402,威盛元大0B購01,0,0,0,0,0,0,0,0,0,-50000,0,0,0,0,50000,-50000,-50000
8916,030293,聯德元富0A購01,0,0,0,0,0,0,0,0,0,-50000,0,0,0,0,50000,-50000,-50000
8917,030142,圓展凱基12購01,0,0,0,0,0,0,0,0,0,-50000,0,0,0,0,50000,-50000,-50000
8918,083468,華邦電統一09購07,0,0,0,0,0,0,0,0,0,-50000,0,0,0,100000,150000,-50000,-50000
8919,083437,京元電凱基08購01,0,0,0,0,0,0,0,0,0,-50000,0,0,0,0,50000,-50000,-50000
8920,083213,聯發科統一09購10,0,0,0,0,0,0,0,0,0,-50000,0,0,0,0,50000,-50000,-50000
8921,084323,祥碩凱基09購01,0,0,0,0,0,0,0,0,0,-50000,0,0,0,0,50000,-50000,-50000
8922,078243,康舒元富0C購01,0,0,0,0,0,0,0,0,0,-50000,0,0,0,0,50000,-50000,-50000
8923,078466,台積電統一0A購01,0,0,0,0,0,0,0,0,0,-50000,0,0,0,0,50000,-50000,-50000
8924,079992,台積電元富09購04,0,0,0,0,0,0,0,0,0,-50000,0,0,0,50000,100000,-50000,-50000
8925,080878,聯電中信08購01,0,0,0,0,0,0,0,0,0,-50000,0,0,0,0,50000,-50000,-50000
8926,075534,台積電國票0B購01,0,0,0,0,0,0,0,0,0,-50000,0,0,0,0,50000,-50000,-50000
8927,07459P,友達元大11售04,0,0,0,0,0,0,0,0,0,-50000,0,0,0,0,50000,-50000,-50000
8928,085697,創意國泰0A購01,0,0,0,0,0,0,0,0,0,-50000,0,0,0,7000,57000,-50000,-50000
8929,085426,台郡元大08購02,0,0,0,0,0,0,0,0,0,-50000,0,0,0,9000,59000,-50000,-50000
8930,085536,華邦電永豐08購01,0,0,0,0,0,0,0,0,0,-50000,0,0,0,0,50000,-50000,-50000
8931,085969,聯陽凱基08購02,0,0,0,0,0,0,0,0,0,-50000,0,0,0,0,50000,-50000,-50000
8932,086879,鴻海富邦0B購01,0,0,0,0,0,0,0,0,0,-50000,0,0,0,0,50000,-50000,-50000
8933,086649,T50反1兆豐13購01,0,0,0,0,0,0,0,0,0,-50000,0,0,0,0,50000,-50000,-50000
8934,087138,鴻海國票0B購05,0,0,0,0,0,0,0,0,0,-50000,0,0,0,0,50000,-50000,-50000
8935,087288,華新科元大09購09,0,0,0,0,0,0,0,0,0,-50000,0,0,0,0,50000,-50000,-50000
8936,087438,友達元富09購10,0,0,0,0,0,0,0,0,0,-50000,0,0,0,0,50000,-50000,-50000
8937,088234,精英國票0A購03,0,0,0,0,0,0,0,0,0,-50000,0,0,0,0,50000,-50000,-50000
8938,088243,新日興國票0A購01,0,0,0,0,0,0,0,0,0,-50000,0,0,0,0,50000,-50000,-50000
8939,088480,南茂國票0A購03,0,0,0,0,0,0,0,0,0,-50000,0,0,0,0,50000,-50000,-50000
8940,088566,友達凱基0A購02,0,0,0,0,0,0,0,0,0,-50000,0,0,0,12000,62000,-50000,-50000
8941,088739,瑞軒永豐09購02,0,0,0,0,0,0,0,0,0,-50000,0,0,0,0,50000,-50000,-50000
8942,034247,新光鋼統一12購02,0,0,0,0,0,0,0,0,0,-50000,0,0,0,133000,183000,-50000,-50000
8943,036087,威盛元大0C購01,0,0,0,0,0,0,0,0,0,-50000,0,0,0,58000,108000,-50000,-50000
8944,033904,禾伸堂統一13購01,0,0,0,0,0,0,0,0,0,-50000,0,0,0,10000,60000,-50000,-50000
8945,035502,聯電凱基0B購05,0,0,0,0,0,0,0,0,0,-50000,0,0,0,104000,154000,-50000,-50000
8946,036479,長榮航元大13購01,0,0,0,0,0,0,0,0,0,-50000,0,0,0,0,50000,-50000,-50000
8947,036307,世紀鋼元大0C購05,0,0,0,0,0,0,0,0,0,-50000,0,0,0,10000,60000,-50000,-50000
8948,036569,安集元大0C購01,0,0,0,0,0,0,0,0,0,-50000,0,0,0,0,50000,-50000,-50000
8949,036596,順德永豐0C購01,0,0,0,0,0,0,0,0,0,-50000,0,0,0,30000,80000,-50000,-50000
8950,033758,智邦凱基0B購01,0,0,0,0,0,0,0,0,0,-50000,0,0,0,0,50000,-50000,-50000
8951,033759,敬鵬凱基0B購01,0,0,0,0,0,0,0,0,0,-50000,0,0,0,10000,60000,-50000,-50000
8952,033753,禾伸堂永豐0B購01,0,0,0,0,0,0,0,0,0,-50000,0,0,0,0,50000,-50000,-50000
8953,033772,華擎群益0C購01,0,0,0,0,0,0,0,0,0,-50000,0,0,0,25000,75000,-50000,-50000
8954,034143,鴻海凱基14購01,0,0,0,0,0,0,0,0,0,-50000,0,0,0,0,50000,-50000,-50000
8955,034028,T50反1元富12購06,0,0,0,0,0,0,0,0,0,-50000,0,0,0,0,50000,-50000,-50000
8956,036718,華新科兆豐13購01,0,0,0,0,0,0,0,0,0,-50000,0,0,0,0,50000,-50000,-50000
8957,036746,大立光元大0C購10,0,0,0,0,0,0,0,0,0,-50000,0,0,0,0,50000,-50000,-50000
8958,036797,世紀鋼統一11購02,0,0,0,0,0,0,0,0,0,-50000,0,0,0,0,50000,-50000,-50000
8959,037437,美指2X元大0C購03,0,0,0,0,0,0,0,0,0,-50000,0,0,0,0,50000,-50000,-50000
8960,037326,世紀鋼富邦13購01,0,0,0,0,0,0,0,0,0,-50000,0,0,0,0,50000,-50000,-50000
8961,037352,華新中信0C購03,0,0,0,0,0,0,0,0,0,-50000,0,0,0,17000,67000,-50000,-50000
8962,037329,貿聯元富13購01,0,0,0,0,0,0,0,0,0,-50000,0,0,0,4000,54000,-50000,-50000
8963,037248,欣興元大11購04,0,0,0,0,0,0,0,0,0,-50000,0,0,0,65000,115000,-50000,-50000
8964,037660,GIS凱基12購01,0,0,0,0,0,0,0,0,0,-50000,0,0,0,0,50000,-50000,-50000
8965,07147P,台灣50元大0C售08,0,0,0,0,0,0,0,0,0,-50000,0,0,0,0,50000,-50000,-50000
8966,07209P,聯發科富邦11售02,0,0,0,0,0,0,0,0,0,-50000,0,0,0,50000,100000,-50000,-50000
8967,07211P,國巨元大0B售16,0,0,0,0,0,0,0,0,0,-50000,0,0,0,0,50000,-50000,-50000
8968,06792P,聯發科富邦0C售04,0,0,0,0,0,0,0,0,0,-50000,0,0,0,0,50000,-50000,-50000
8969,039883,台積電群益11購11,0,0,0,0,0,0,0,0,0,-50000,0,0,0,0,50000,-50000,-50000
8970,039911,滬深2X中信13購01,0,0,0,0,0,0,0,0,0,-50000,0,0,0,0,50000,-50000,-50000
8971,040139,嘉晶群益12購01,0,0,0,0,0,0,0,0,0,-50000,0,0,0,0,50000,-50000,-50000
8972,040369,崇越永豐12購01,0,0,0,0,0,0,0,0,0,-50000,0,0,0,0,50000,-50000,-50000
8973,04748P,亞德客元富0B售02,0,0,0,0,0,0,0,0,0,-50000,0,0,0,2000,52000,-50000,-50000
8974,040509,T50反1元富14購06,0,0,0,0,0,0,0,0,0,-50000,0,0,0,0,50000,-50000,-50000
8975,040562,上証2X元大13購03,0,0,0,0,0,0,0,0,0,-50000,0,0,0,4000,54000,-50000,-50000
8976,06626P,臺股指中信11售04,0,0,0,0,0,0,0,0,0,-50000,0,0,0,0,50000,-50000,-50000
8977,06627P,臺股指中信11售05,0,0,0,0,0,0,0,0,0,-50000,0,0,0,0,50000,-50000,-50000
8978,06629P,長榮航凱基09售03,0,0,0,0,0,0,0,0,0,-50000,0,0,0,0,50000,-50000,-50000
8979,06599P,南電群益0A售01,0,0,0,0,0,0,0,0,0,-50000,0,0,0,5000,55000,-50000,-50000
8980,06319P,聯電群益08售08,0,0,0,0,0,0,0,0,0,-50000,0,0,0,0,50000,-50000,-50000
8981,06380P,亞光群益08售03,0,0,0,0,0,0,0,0,0,-50000,0,0,0,0,50000,-50000,-50000
8982,06121P,台灣50元大0A售02,0,0,0,0,0,0,0,0,0,-50000,0,0,0,0,50000,-50000,-50000
8983,05816P,台積電中信09售06,0,0,0,0,0,0,0,0,0,-50000,0,0,0,0,50000,-50000,-50000
8984,039394,裕民群益13購01,0,0,0,0,0,0,0,0,0,-50000,0,0,0,0,50000,-50000,-50000
8985,039187,華邦電元大14購01,0,0,0,0,0,0,0,0,0,-50000,0,0,0,120000,170000,-50000,-50000
8986,038741,國巨元富14購03,0,0,0,0,0,0,0,0,0,-50000,0,0,0,0,50000,-50000,-50000
8987,038310,致茂群益14購01,0,0,0,0,0,0,0,0,0,-50000,0,0,0,18000,68000,-50000,-50000
8988,037993,義隆元大0C購02,0,0,0,0,0,0,0,0,0,-50000,0,0,0,74000,124000,-50000,-50000
8989,038469,康普元富12購02,0,0,0,0,0,0,0,0,0,-50000,0,0,0,180000,230000,-50000,-50000
8990,089229,台積電永豐0C購01,0,0,0,0,0,0,0,0,0,-50000,0,0,0,0,50000,-50000,-50000
8991,089928,仁寶永豐0A購01,0,0,0,0,0,0,0,0,0,-50000,0,0,0,0,50000,-50000,-50000
8992,030038,長興元大11購01,0,0,0,0,0,0,0,0,0,-51000,0,0,0,24000,75000,-51000,-51000
8993,030581,聯發科元富11購09,0,0,0,0,0,0,0,0,0,-51000,0,0,0,30000,81000,-51000,-51000
8994,030948,國巨富邦0C購01,0,0,0,0,0,0,0,0,0,-51000,0,0,0,20000,71000,-51000,-51000
8995,032901,矽創統一0B購10,0,0,0,0,0,0,0,0,0,-51000,0,0,0,73000,124000,-51000,-51000
8996,032693,長榮永豐0A購12,0,0,0,0,0,0,0,0,0,-51000,0,0,0,0,51000,-51000,-51000
8997,033493,京元電統一11購01,0,0,0,0,0,0,0,0,0,-51000,0,0,0,59000,110000,-51000,-51000
8998,035685,瑞昱凱基0B購03,0,0,0,0,0,0,0,0,0,-51000,0,0,0,115000,166000,-51000,-51000
8999,088340,聯詠元大09購07,0,0,0,0,0,0,0,0,0,-51000,0,0,0,0,51000,-51000,-51000
9000,087264,GIS國票0A購01,0,0,0,0,0,0,0,0,0,-51000,0,0,0,25000,76000,-51000,-51000
9001,086801,群創統一0A購03,0,0,0,0,0,0,0,0,0,-51000,0,0,0,0,51000,-51000,-51000
9002,086276,T50正2群益09購05,0,0,0,0,0,0,0,0,0,-51000,0,0,0,0,51000,-51000,-51000
9003,083398,同欣電中信09購01,0,0,0,0,0,0,0,0,0,-51000,0,0,0,0,51000,-51000,-51000
9004,037632,A50正2元富16購01,0,0,0,0,0,0,0,0,0,-51000,0,0,0,0,51000,-51000,-51000
9005,037417,榮運康和0C購01,0,0,0,0,0,0,0,0,0,-51000,0,0,0,0,51000,-51000,-51000
9006,034590,台玻統一0C購03,0,0,0,0,0,0,0,0,0,-51000,0,0,0,56000,107000,-51000,-51000
9007,033819,金寶統一11購01,0,0,0,0,0,0,0,0,0,-51000,0,0,0,0,51000,-51000,-51000
9008,035770,GIS元富15購01,0,0,0,0,0,0,0,0,0,-51000,0,0,0,0,51000,-51000,-51000
9009,038698,瑞儀兆豐13購01,0,0,0,0,0,0,0,0,0,-51000,0,0,0,9000,60000,-51000,-51000
9010,038735,祥碩元大14購01,0,0,0,0,0,0,0,0,0,-51000,0,0,0,16000,67000,-51000,-51000
9011,039401,中鋼元富11購01,0,0,0,0,0,0,0,0,0,-51000,0,0,0,50000,101000,-51000,-51000
9012,039725,台郡國票13購01,0,0,0,0,0,0,0,0,0,-51000,0,0,0,0,51000,-51000,-51000
9013,039783,美食凱基11購01,0,0,0,0,0,0,0,0,0,-51000,0,0,0,0,51000,-51000,-51000
9014,07310P,中鋼元大0C售11,0,0,0,0,0,0,0,0,0,-51000,0,0,0,0,51000,-51000,-51000
9015,3583,辛耘,52000,103000,-51000,0,0,0,0,0,0,0,0,0,0,0,0,0,-51000
9016,6525,捷敏-KY,664000,1107000,-443000,0,0,0,392000,0,392000,0,8000,0,8000,44000,52000,-8000,-51000
9017,1218,泰山,63000,105000,-42000,0,0,0,0,0,0,-9073,0,73,-73,0,9000,-9000,-51073
9018,035670,愛普統一0B購01,0,0,0,0,0,0,0,0,0,-52000,0,0,0,0,52000,-52000,-52000
9019,033514,聯電日盛11購01,0,0,0,0,0,0,0,0,0,-52000,0,0,0,88000,140000,-52000,-52000
9020,030391,南帝元大11購01,0,0,0,0,0,0,0,0,0,-52000,0,0,0,90000,142000,-52000,-52000
9021,030431,揚明光元大0A購01,0,0,0,0,0,0,0,0,0,-52000,0,0,0,2000,54000,-52000,-52000
9022,085207,GIS群益09購01,0,0,0,0,0,0,0,0,0,-52000,0,0,0,38000,90000,-52000,-52000
9023,087469,台郡國票0A購02,0,0,0,0,0,0,0,0,0,-52000,0,0,0,0,52000,-52000,-52000
9024,03517B,臺股指凱基11熊17,0,0,0,0,0,0,0,0,0,-52000,0,0,0,0,52000,-52000,-52000
9025,034107,國巨群益0B購02,0,0,0,0,0,0,0,0,0,-52000,0,0,0,110000,162000,-52000,-52000
9026,036434,國揚凱基0C購01,0,0,0,0,0,0,0,0,0,-52000,0,0,0,34000,86000,-52000,-52000
9027,036412,欣興群益12購02,0,0,0,0,0,0,0,0,0,-52000,0,0,0,122000,174000,-52000,-52000
9028,036866,愛普兆豐0C購01,0,0,0,0,0,0,0,0,0,-52000,0,0,0,0,52000,-52000,-52000
9029,036992,金像電統一11購02,0,0,0,0,0,0,0,0,0,-52000,0,0,0,75000,127000,-52000,-52000
9030,06542P,臺股指凱基09售28,0,0,0,0,0,0,0,0,0,-52000,0,0,0,0,52000,-52000,-52000
9031,06719P,友達凱基09售12,0,0,0,0,0,0,0,0,0,-52000,0,0,0,56000,108000,-52000,-52000
9032,039421,南茂永豐11購02,0,0,0,0,0,0,0,0,0,-52000,0,0,0,7000,59000,-52000,-52000
9033,038130,世紀鋼凱基11購01,0,0,0,0,0,0,0,0,0,-52000,0,0,0,0,52000,-52000,-52000
9034,038078,台郡元富12購02,0,0,0,0,0,0,0,0,0,-52000,0,0,0,0,52000,-52000,-52000
9035,2911,麗嬰房,20000,72000,-52000,0,0,0,0,0,0,0,0,0,0,0,0,0,-52000
9036,030405,鼎元元大0C購01,0,0,0,0,0,0,0,0,0,-53000,0,0,0,103000,156000,-53000,-53000
9037,030399,矽統元大0A購01,0,0,0,0,0,0,0,0,0,-53000,0,0,0,39000,92000,-53000,-53000
9038,031176,榮成永豐0A購01,0,0,0,0,0,0,0,0,0,-53000,0,0,0,21000,74000,-53000,-53000
9039,032660,中鋼麥證0C購01,0,0,0,0,53000,-53000,0,0,0,-53000,0,0,0,0,53000,-53000,-53000
9040,035698,華夏元大0B購04,0,0,0,0,0,0,0,0,0,-53000,0,0,0,10000,63000,-53000,-53000
9041,035813,台驊控凱基13購02,0,0,0,0,0,0,0,0,0,-53000,0,0,0,33000,86000,-53000,-53000
9042,087004,和碩國泰0B購01,0,0,0,0,0,0,0,0,0,-53000,0,0,0,0,53000,-53000,-53000
9043,085714,聯發科第一12購01,0,0,0,0,0,0,0,0,0,-53000,0,0,0,0,53000,-53000,-53000
9044,085897,日月光國票0A購02,0,0,0,0,0,0,0,0,0,-53000,0,0,0,0,53000,-53000,-53000
9045,079504,聯電麥證09購01,0,0,0,60000,108000,-48000,0,0,0,-53000,0,0,0,60000,113000,-53000,-53000
9046,033642,亞德客統一0C購01,0,0,0,0,0,0,0,0,0,-53000,0,0,0,135000,188000,-53000,-53000
9047,037527,台灣50元大13購03,0,0,0,0,0,0,0,0,0,-53000,0,0,0,0,53000,-53000,-53000
9048,039288,聚鼎永豐11購02,0,0,0,0,0,0,0,0,0,-53000,0,0,0,5000,58000,-53000,-53000
9049,040591,矽創元大12購04,0,0,0,0,0,0,0,0,0,-53000,0,0,0,18000,71000,-53000,-53000
9050,039687,美時群益11購01,0,0,0,0,0,0,0,0,0,-53000,0,0,0,44000,97000,-53000,-53000
9051,040210,威健國票11購01,0,0,0,0,0,0,0,0,0,-53000,0,0,0,5000,58000,-53000,-53000
9052,040038,台達電元富11購01,0,0,0,0,0,0,0,0,0,-53000,0,0,0,0,53000,-53000,-53000
9053,3015,全漢,36000,89000,-53000,0,0,0,0,0,0,0,0,0,0,0,0,0,-53000
9054,089855,彩晶元大0B購02,0,0,0,0,0,0,0,0,0,-53000,0,0,0,0,53000,-53000,-53000
9055,089085,金寶統一0B購01,0,0,0,0,0,0,0,0,0,-53000,0,0,0,32000,85000,-53000,-53000
9056,035637,南亞科富邦13購01,0,0,0,0,0,0,0,0,0,-54000,0,0,0,0,54000,-54000,-54000
9057,031737,華榮凱基0C購01,0,0,0,0,0,0,0,0,0,-54000,0,0,0,25000,79000,-54000,-54000
9058,030246,威盛永豐0A購01,0,0,0,0,0,0,0,0,0,-54000,0,0,0,0,54000,-54000,-54000
9059,078275,亞光國票09購01,0,0,0,0,0,0,0,0,0,-54000,0,0,0,12000,66000,-54000,-54000
9060,07383P,第一銅元大0C售01,0,0,0,0,0,0,0,0,0,-54000,0,0,0,2000,56000,-54000,-54000
9061,086218,微星統一0A購01,0,0,0,0,0,0,0,0,0,-54000,0,0,0,0,54000,-54000,-54000
9062,087284,佳世達元大0B購01,0,0,0,0,0,0,0,0,0,-54000,0,0,0,13000,67000,-54000,-54000
9063,088457,玉晶光統一0B購05,0,0,0,0,0,0,0,0,0,-54000,0,0,0,346000,400000,-54000,-54000
9064,088171,國泰金元大09購04,0,0,0,0,0,0,0,0,0,-54000,0,0,0,6000,60000,-54000,-54000
9065,037725,裕民凱基0C購03,30000,0,30000,0,0,0,0,0,0,-84000,0,0,0,106000,190000,-84000,-54000
9066,034678,愛普凱基0B購01,0,0,0,0,0,0,0,0,0,-54000,0,0,0,208000,262000,-54000,-54000
9067,039824,A50正2元富17購01,0,0,0,0,0,0,0,0,0,-54000,0,0,0,0,54000,-54000,-54000
9068,040466,祥碩中信13購01,0,0,0,0,0,0,0,0,0,-54000,0,0,0,0,54000,-54000,-54000
9069,06493P,國巨凱基09售10,0,0,0,0,0,0,0,0,0,-54000,0,0,0,0,54000,-54000,-54000
9070,089969,凌陽元大0C購01,0,0,0,0,0,0,0,0,0,-54000,0,0,0,226000,280000,-54000,-54000
9071,6282,康舒,2321000,2362000,-41000,0,0,0,0,0,0,-13000,8000,0,8000,0,21000,-21000,-54000
9072,8021,尖點,1371000,1600000,-229000,0,0,0,0,0,0,175000,175000,0,175000,0,0,0,-54000
9073,5706,鳳凰,54000,108000,-54000,0,0,0,0,0,0,0,0,0,0,0,0,0,-54000
9074,8464,億豐,280203,330088,-49885,0,0,0,0,0,0,-5000,0,5000,-5000,0,0,0,-54885
9075,030382,元金2X元大11購01,0,0,0,0,0,0,0,0,0,-55000,0,0,0,20000,75000,-55000,-55000
9076,032038,華榮國票0B購01,0,0,0,0,0,0,0,0,0,-55000,0,0,0,0,55000,-55000,-55000
9077,032188,中橡群益0A購01,0,0,0,0,0,0,0,0,0,-55000,0,0,0,0,55000,-55000,-55000
9078,035527,聯電群益0C購03,0,0,0,0,0,0,0,0,0,-55000,0,0,0,30000,85000,-55000,-55000
9079,035896,京元電國泰12購01,0,0,0,0,0,0,0,0,0,-55000,0,0,0,0,55000,-55000,-55000
9080,088438,華碩凱基0C購01,2000,0,2000,0,0,0,0,0,0,-57000,0,0,0,130000,187000,-57000,-55000
9081,087781,聯電永豐09購03,0,0,0,0,0,0,0,0,0,-55000,0,0,0,0,55000,-55000,-55000
9082,086304,中鋼凱基11購01,0,0,0,0,0,0,0,0,0,-55000,0,0,0,0,55000,-55000,-55000
9083,07631P,滬深2X凱基13售03,0,0,0,0,0,0,0,0,0,-55000,0,0,0,131000,186000,-55000,-55000
9084,083072,台積電麥證0C購01,0,0,0,0,55000,-55000,0,0,0,-55000,0,0,0,0,55000,-55000,-55000
9085,034605,裕民統一0B購03,0,0,0,0,0,0,0,0,0,-55000,0,0,0,17000,72000,-55000,-55000
9086,033606,鴻海群益0B購06,0,0,0,0,0,0,0,0,0,-55000,0,0,0,0,55000,-55000,-55000
9087,033446,健策元大11購01,0,0,0,0,0,0,0,0,0,-55000,0,0,0,271000,326000,-55000,-55000
9088,037486,儒鴻凱基11購01,0,0,0,0,0,0,0,0,0,-55000,0,0,0,0,55000,-55000,-55000
9089,036476,聯發科元大11購08,0,0,0,0,0,0,0,0,0,-55000,0,0,0,0,55000,-55000,-55000
9090,036687,矽創國票11購01,0,0,0,0,0,0,0,0,0,-55000,0,0,0,40000,95000,-55000,-55000
9091,036549,臺指反元大13購01,0,0,0,0,0,0,0,0,0,-55000,0,0,0,0,55000,-55000,-55000
9092,037904,台郡兆豐0C購01,0,0,0,0,0,0,0,0,0,-55000,0,0,0,20000,75000,-55000,-55000
9093,040479,鴻海群益14購03,0,0,0,0,0,0,0,0,0,-55000,0,0,0,29000,84000,-55000,-55000
9094,040554,天鈺統一13購02,0,0,0,0,0,0,0,0,0,-55000,0,0,0,0,55000,-55000,-55000
9095,039816,聚鼎元大11購04,0,0,0,0,0,0,0,0,0,-55000,0,0,0,132000,187000,-55000,-55000
9096,038515,偉詮電永豐11購01,0,0,0,0,0,0,0,0,0,-55000,0,0,0,11000,66000,-55000,-55000
9097,035568,佳世達元富0C購02,0,0,0,0,0,0,0,0,0,-56000,0,0,0,0,56000,-56000,-56000
9098,033208,旺宏群益11購01,0,0,0,0,0,0,0,0,0,-56000,0,0,0,10000,66000,-56000,-56000
9099,030821,旺宏日盛0C購01,0,0,0,0,0,0,0,0,0,-56000,0,0,0,85000,141000,-56000,-56000
9100,030110,玉晶光永豐0A購02,0,0,0,0,0,0,0,0,0,-56000,0,0,0,237000,293000,-56000,-56000
9101,030013,聯發科元富11購08,0,0,0,0,0,0,0,0,0,-56000,0,0,0,0,56000,-56000,-56000
9102,084053,宏碁國泰09購01,0,0,0,0,0,0,0,0,0,-56000,0,0,0,0,56000,-56000,-56000
9103,086063,大立光統一0B購02,0,0,0,0,0,0,0,0,0,-56000,0,0,0,44000,100000,-56000,-56000
9104,088448,聯電統一09購10,0,0,0,0,0,0,0,0,0,-56000,0,0,0,25000,81000,-56000,-56000
9105,088238,聯發科國票0C購03,0,0,0,0,0,0,0,0,0,-56000,0,0,0,4000,60000,-56000,-56000
9106,088717,華通凱基0B購01,0,0,0,0,0,0,0,0,0,-56000,0,0,0,359000,415000,-56000,-56000
9107,036450,惠特元富11購01,0,0,0,0,0,0,0,0,0,-56000,0,0,0,104000,160000,-56000,-56000
9108,036323,華新科康和11購01,0,0,0,0,0,0,0,0,0,-56000,0,0,0,12000,68000,-56000,-56000
9109,034078,大成鋼元大0C購02,0,0,0,0,0,0,0,0,0,-56000,0,0,0,47000,103000,-56000,-56000
9110,034937,中鋼群益0C購07,0,0,0,0,0,0,0,0,0,-56000,0,0,0,11000,67000,-56000,-56000
9111,038953,友達元大11購05,0,0,0,0,0,0,0,0,0,-56000,0,0,0,300000,356000,-56000,-56000
9112,038934,宏達電麥證11購01,0,0,0,84000,140000,-56000,0,0,0,-56000,0,0,0,84000,140000,-56000,-56000
9113,040429,聯詠凱基13購02,0,0,0,0,0,0,0,0,0,-56000,0,0,0,131000,187000,-56000,-56000
9114,06781P,聯發科中信0A售06,0,0,0,0,0,0,0,0,0,-56000,0,0,0,0,56000,-56000,-56000
9115,2406,國碩,1799000,1854000,-55000,0,0,0,0,1000,-1000,0,0,0,0,0,0,0,-56000
9116,020016,統一MSCI美科技N,0,0,0,0,0,0,0,0,0,-57000,0,0,0,4000,61000,-57000,-57000
9117,030426,益登元大0A購01,0,0,0,0,0,0,0,0,0,-57000,0,0,0,0,57000,-57000,-57000
9118,034264,光罩國票0C購02,0,0,0,0,0,0,0,0,0,-57000,0,0,0,47000,104000,-57000,-57000
9119,07464P,榮運元大11售02,0,0,0,0,0,0,0,0,0,-57000,0,0,0,73000,130000,-57000,-57000
9120,080855,台郡元富08購01,0,0,0,0,0,0,0,0,0,-57000,0,0,0,0,57000,-57000,-57000
9121,040339,國巨富邦15購01,0,0,0,0,0,0,0,0,0,-57000,0,0,0,0,57000,-57000,-57000
9122,039302,康普元富12購04,0,0,0,0,0,0,0,0,0,-57000,0,0,0,200000,257000,-57000,-57000
9123,3321,同泰,39000,96000,-57000,0,0,0,0,0,0,0,0,0,0,0,0,0,-57000
9124,2841,台開,0,57000,-57000,0,0,0,0,0,0,0,0,0,0,0,0,0,-57000
9125,1108,幸福,125000,182000,-57000,0,0,0,0,0,0,0,0,0,0,0,0,0,-57000
9126,089791,巨大凱基09購01,0,0,0,0,0,0,0,0,0,-57000,0,0,0,225000,282000,-57000,-57000
9127,3010,華立,55000,112000,-57000,0,0,0,0,0,0,-30,0,30,-30,0,0,0,-57030
9128,031289,聯陽元富0C購02,0,0,0,0,0,0,0,0,0,-58000,0,0,0,0,58000,-58000,-58000
9129,030092,南帝永豐0A購01,0,0,0,0,0,0,0,0,0,-58000,0,0,0,0,58000,-58000,-58000
9130,032047,旺宏國票0B購04,0,0,0,0,0,0,0,0,0,-58000,0,0,0,32000,90000,-58000,-58000
9131,086012,日月光元大08購05,0,0,0,0,0,0,0,0,0,-58000,0,0,0,0,58000,-58000,-58000
9132,086313,奇力新凱基0A購01,0,0,0,0,0,0,0,0,0,-58000,0,0,0,27000,85000,-58000,-58000
9133,036376,欣興國票12購01,0,0,0,0,0,0,0,0,0,-58000,0,0,0,0,58000,-58000,-58000
9134,037872,新光鋼麥證0C購01,0,0,0,0,59000,-59000,0,0,0,-58000,0,0,0,1000,59000,-58000,-58000
9135,037760,聯發科第一16購02,0,0,0,0,0,0,0,0,0,-58000,0,0,0,10000,68000,-58000,-58000
9136,037657,欣興凱基11購01,0,0,0,0,0,0,0,0,0,-58000,0,0,0,183000,241000,-58000,-58000
9137,038637,燁輝元富17購01,0,0,0,0,0,0,0,0,0,-58000,0,0,0,216000,274000,-58000,-58000
9138,00645,富邦日本,0,0,0,0,0,0,0,0,0,-58052,0,0,0,131000,189052,-58052,-58052
9139,032540,裕民凱基12購01,0,20000,-20000,0,0,0,0,0,0,-39000,0,0,0,544000,583000,-39000,-59000
9140,031744,台揚凱基11購02,0,0,0,0,0,0,0,0,0,-59000,0,0,0,162000,221000,-59000,-59000
9141,032335,凌陽群益0B購01,0,0,0,0,0,0,0,0,0,-59000,0,0,0,446000,505000,-59000,-59000
9142,087837,智易凱基09購01,0,0,0,0,0,0,0,0,0,-59000,0,0,0,0,59000,-59000,-59000
9143,078744,訊芯元富0C購01,0,0,0,0,0,0,0,0,0,-59000,0,0,0,54000,113000,-59000,-59000
9144,083699,瑞昱元富0A購02,0,0,0,0,0,0,0,0,0,-59000,0,0,0,57000,116000,-59000,-59000
9145,037708,裕民永豐0C購02,0,0,0,0,0,0,0,0,0,-59000,0,0,0,11000,70000,-59000,-59000
9146,036553,群光元大0C購01,0,0,0,0,0,0,0,0,0,-59000,0,0,0,41000,100000,-59000,-59000
9147,037051,健策元大11購03,0,0,0,0,0,0,0,0,0,-59000,0,0,0,67000,126000,-59000,-59000
9148,037008,宏達電元富0C購02,0,0,0,0,0,0,0,0,0,-59000,0,0,0,81000,140000,-59000,-59000
9149,035440,群創元大11購02,0,0,0,0,0,0,0,0,0,-59000,0,0,0,0,59000,-59000,-59000
9150,034985,新光鋼群益0B購07,0,0,0,0,0,0,0,0,0,-59000,0,0,0,4000,63000,-59000,-59000
9151,038553,同欣電國泰13購01,0,0,0,0,0,0,0,0,0,-59000,0,0,0,19000,78000,-59000,-59000
9152,039091,智原元富12購03,0,0,0,0,0,0,0,0,0,-59000,0,0,0,79000,138000,-59000,-59000
9153,040248,南亞科永豐11購01,0,0,0,0,0,0,0,0,0,-59000,0,0,0,0,59000,-59000,-59000
9154,089115,祥碩國票0B購02,0,0,0,0,0,0,0,0,0,-59000,0,0,0,48000,107000,-59000,-59000
9155,6591,動力-KY,14000,73000,-59000,0,0,0,0,0,0,0,0,0,0,0,0,0,-59000
9156,032113,惠特永豐0A購03,0,0,0,0,0,0,0,0,0,-60000,0,0,0,188000,248000,-60000,-60000
9157,032877,友達凱基0A購09,0,0,0,0,0,0,0,0,0,-60000,0,0,0,0,60000,-60000,-60000
9158,031405,新光金兆豐0A購01,0,0,0,0,0,0,0,0,0,-60000,0,0,0,0,60000,-60000,-60000
9159,031864,台化凱基0A購01,0,0,0,0,0,0,0,0,0,-60000,0,0,0,0,60000,-60000,-60000
9160,031538,東鋼永豐0A購03,0,0,0,0,0,0,0,0,0,-60000,0,0,0,0,60000,-60000,-60000
9161,031153,同欣電兆豐0A購01,0,0,0,0,0,0,0,0,0,-60000,0,0,0,60000,120000,-60000,-60000
9162,033046,玉晶光兆豐0C購01,0,0,0,0,0,0,0,0,0,-60000,0,0,0,4000,64000,-60000,-60000
9163,030761,友達元富0A購01,0,0,0,0,0,0,0,0,0,-60000,0,0,0,0,60000,-60000,-60000
9164,035142,長榮統一0C購15,0,0,0,0,0,0,0,0,0,-60000,0,0,0,0,60000,-60000,-60000
9165,084693,廣宇統一0B購01,0,0,0,0,0,0,0,0,0,-60000,0,0,0,0,60000,-60000,-60000
9166,084803,南亞科群益09購01,0,0,0,0,0,0,0,0,0,-60000,0,0,0,0,60000,-60000,-60000
9167,082715,帆宣凱基09購01,0,0,0,0,0,0,0,0,0,-60000,0,0,0,0,60000,-60000,-60000
9168,082504,友達第一11購01,0,0,0,0,0,0,0,0,0,-60000,0,0,0,0,60000,-60000,-60000
9169,078337,旺宏凱基0A購01,0,0,0,0,0,0,0,0,0,-60000,0,0,0,0,60000,-60000,-60000
9170,080892,愛普中信09購01,0,0,0,0,0,0,0,0,0,-60000,0,0,0,30000,90000,-60000,-60000
9171,080789,勝一凱基09購01,0,0,0,0,0,0,0,0,0,-60000,0,0,0,8000,68000,-60000,-60000
9172,087653,致伸群益09購01,0,0,0,0,0,0,0,0,0,-60000,0,0,0,0,60000,-60000,-60000
9173,086774,總太凱基09購01,0,0,0,0,0,0,0,0,0,-60000,0,0,0,0,60000,-60000,-60000
9174,086638,長榮航凱基09購01,0,0,0,0,0,0,0,0,0,-60000,0,0,0,40000,100000,-60000,-60000
9175,086559,京鼎元大09購01,0,0,0,0,0,0,0,0,0,-60000,0,0,0,0,60000,-60000,-60000
9176,085934,旺宏群益0A購03,0,0,0,0,0,0,0,0,0,-60000,0,0,0,0,60000,-60000,-60000
9177,085804,日月光元大08購04,0,0,0,0,0,0,0,0,0,-60000,0,0,0,0,60000,-60000,-60000
9178,085439,創意統一0A購04,0,0,0,0,0,0,0,0,0,-60000,0,0,0,0,60000,-60000,-60000
9179,088127,全新凱基0A購01,0,0,0,0,0,0,0,0,0,-60000,0,0,0,10000,70000,-60000,-60000
9180,035283,國巨國票0C購03,0,0,0,0,0,0,0,0,0,-60000,0,0,0,0,60000,-60000,-60000
9181,035501,大成鋼凱基0B購08,0,0,0,0,0,0,0,0,0,-60000,0,0,0,42000,102000,-60000,-60000
9182,034238,台玻統一13購01,0,0,0,0,0,0,0,0,0,-60000,0,0,0,17000,77000,-60000,-60000
9183,037091,聯茂凱基0C購01,0,0,0,0,0,0,0,0,0,-60000,0,0,0,140000,200000,-60000,-60000
9184,036997,南電統一0C購04,0,0,0,0,0,0,0,0,0,-60000,0,0,0,508000,568000,-60000,-60000
9185,036977,和大凱基0C購01,0,0,0,0,0,0,0,0,0,-60000,0,0,0,40000,100000,-60000,-60000
9186,037410,友達元富16購01,0,0,0,0,0,0,0,0,0,-60000,0,0,0,20000,80000,-60000,-60000
9187,037387,T50反1凱基13購06,0,0,0,0,0,0,0,0,0,-60000,0,0,0,2000,62000,-60000,-60000
9188,034044,奇力新元富0B購02,0,0,0,0,0,0,0,0,0,-60000,0,0,0,0,60000,-60000,-60000
9189,034120,T50反1國泰11購01,0,0,0,0,0,0,0,0,0,-60000,0,0,0,0,60000,-60000,-60000
9190,036130,宏碁凱基11購02,0,0,0,0,0,0,0,0,0,-60000,0,0,0,0,60000,-60000,-60000
9191,037577,上証2X中信12購01,0,0,0,0,0,0,0,0,0,-60000,0,0,0,0,60000,-60000,-60000
9192,040256,捷敏永豐11購02,0,0,0,0,0,0,0,0,0,-60000,0,0,0,271000,331000,-60000,-60000
9193,040004,欣興永豐11購02,0,0,0,0,0,0,0,0,0,-60000,0,0,0,0,60000,-60000,-60000
9194,039860,新日興國票12購01,0,0,0,0,0,0,0,0,0,-60000,0,0,0,0,60000,-60000,-60000
9195,040335,台郡國票13購02,0,0,0,0,0,0,0,0,0,-60000,0,0,0,0,60000,-60000,-60000
9196,040461,道瓊反中信13購01,0,0,0,0,0,0,0,0,0,-60000,0,0,0,0,60000,-60000,-60000
9197,039201,亞光元大11購03,0,0,0,0,0,0,0,0,0,-60000,0,0,0,40000,100000,-60000,-60000
9198,038672,滬深2X群益11購02,0,0,0,0,0,0,0,0,0,-60000,0,0,0,86000,146000,-60000,-60000
9199,038181,大成鋼永豐11購02,0,0,0,0,0,0,0,0,0,-60000,0,0,0,0,60000,-60000,-60000
9200,06859P,臺股指凱基11售05,0,0,0,0,0,0,0,0,0,-60000,0,0,0,60000,120000,-60000,-60000
9201,07081P,國泰金凱基0B售05,0,0,0,0,0,0,0,0,0,-60000,0,0,0,0,60000,-60000,-60000
9202,07249P,南電凱基0B售03,0,0,0,0,0,0,0,0,0,-60000,0,0,0,6000,66000,-60000,-60000
9203,089018,群創元大0B購05,0,0,0,0,0,0,0,0,0,-60000,0,0,0,0,60000,-60000,-60000
9204,088944,立積統一12購01,0,0,0,0,0,0,0,0,0,-60000,0,0,0,0,60000,-60000,-60000
9205,1309,台達化,337500,400001,-62501,0,0,0,0,0,0,1800,4000,4200,-200,12000,10000,2000,-60701
9206,3533,嘉澤,229254,259000,-29746,0,0,0,8000,30000,-22000,-9000,0,2000,-2000,0,7000,-7000,-60746
9207,031637,聯電日盛0A購02,0,0,0,0,0,0,0,0,0,-61000,0,0,0,780000,841000,-61000,-61000
9208,086175,日月光元大08購08,0,0,0,0,0,0,0,0,0,-61000,0,0,0,1000,62000,-61000,-61000
9209,086279,金寶群益0A購01,0,0,0,0,0,0,0,0,0,-61000,0,0,0,44000,105000,-61000,-61000
9210,087609,聯電永豐09購02,0,0,0,0,0,0,0,0,0,-61000,0,0,0,136000,197000,-61000,-61000
9211,037381,聚鼎永豐0C購01,0,0,0,0,0,0,0,0,0,-61000,0,0,0,0,61000,-61000,-61000
9212,036871,京元電統一0C購02,0,0,0,0,0,0,0,0,0,-61000,0,0,0,2000,63000,-61000,-61000
9213,035446,華新國票0C購02,0,0,0,0,0,0,0,0,0,-61000,0,0,0,115000,176000,-61000,-61000
9214,035008,聯發科元大0C購10,0,0,0,0,0,0,0,0,0,-61000,0,0,0,0,61000,-61000,-61000
9215,033947,聯電國票0C購03,0,0,0,0,0,0,0,0,0,-61000,0,0,0,20000,81000,-61000,-61000
9216,06807P,國巨元大0B售04,0,0,0,0,0,0,0,0,0,-61000,0,0,0,0,61000,-61000,-61000
9217,039059,T50正2元大13購01,0,0,0,0,0,0,0,0,0,-61000,0,0,0,0,61000,-61000,-61000
9218,038893,全新永豐11購01,0,0,0,0,0,0,0,0,0,-61000,0,0,0,57000,118000,-61000,-61000
9219,040500,群光永豐12購01,0,0,0,0,0,0,0,0,0,-61000,0,0,0,0,61000,-61000,-61000
9220,032315,嘉晶永豐0A購02,0,0,0,0,0,0,0,0,0,-62000,0,0,0,15000,77000,-62000,-62000
9221,030728,聯電元大0A購05,0,0,0,0,0,0,0,0,0,-62000,0,0,0,1023000,1085000,-62000,-62000
9222,033066,華邦電凱基0B購04,0,0,0,0,0,0,0,0,0,-62000,0,0,0,0,62000,-62000,-62000
9223,035726,健策元大12購01,0,0,0,0,0,0,0,0,0,-62000,0,0,0,193000,255000,-62000,-62000
9224,087545,華夏元富0C購01,0,0,0,0,0,0,0,0,0,-62000,0,0,0,15000,77000,-62000,-62000
9225,087385,台積電元大11購04,0,0,0,0,0,0,0,0,0,-62000,0,0,0,10000,72000,-62000,-62000
9226,086284,興勤群益09購01,0,0,0,0,0,0,0,0,0,-62000,0,0,0,0,62000,-62000,-62000
9227,07477P,燁輝元大13售02,0,0,0,0,0,0,0,0,0,-62000,0,0,0,88000,150000,-62000,-62000
9228,07432P,光罩元富13售02,0,0,0,0,0,0,0,0,0,-62000,0,0,0,20000,82000,-62000,-62000
9229,083942,臺股指日盛09購02,0,0,0,0,0,0,0,0,0,-62000,0,0,0,0,62000,-62000,-62000
9230,035468,貿聯國票0C購01,0,0,0,0,0,0,0,0,0,-62000,0,0,0,9000,71000,-62000,-62000
9231,033321,台玻凱基0C購02,0,0,0,0,0,0,0,0,0,-62000,0,0,0,194000,256000,-62000,-62000
9232,036592,鴻海群益0C購09,0,0,0,0,0,0,0,0,0,-62000,0,0,0,30000,92000,-62000,-62000
9233,037583,貿聯中信0C購01,0,0,0,0,0,0,0,0,0,-62000,0,0,0,0,62000,-62000,-62000
9234,06989P,日月光元富0B售01,0,0,0,0,0,0,0,0,0,-62000,0,0,0,0,62000,-62000,-62000
9235,035660,台表科國泰12購01,0,0,0,0,0,0,0,0,0,-63000,0,0,0,930000,993000,-63000,-63000
9236,032789,王品元大0A購03,0,0,0,0,0,0,0,0,0,-63000,0,0,0,0,63000,-63000,-63000
9237,032780,義隆元大0B購02,0,0,0,0,0,0,0,0,0,-63000,0,0,0,0,63000,-63000,-63000
9238,081462,順德元富0A購02,0,0,0,0,0,0,0,0,0,-63000,0,0,0,117000,180000,-63000,-63000
9239,037585,矽創中信11購01,0,0,0,0,0,0,0,0,0,-63000,0,0,0,23000,86000,-63000,-63000
9240,06669P,南亞科凱基09售03,0,0,0,0,0,0,0,0,0,-63000,0,0,0,10000,73000,-63000,-63000
9241,039573,台聚康和11購02,0,0,0,0,0,0,0,0,0,-63000,0,0,0,118000,181000,-63000,-63000
9242,039904,合勤控永豐11購01,0,0,0,0,0,0,0,0,0,-63000,0,0,0,0,63000,-63000,-63000
9243,040226,台積電國泰13購04,0,0,0,0,0,0,0,0,0,-63000,0,0,0,0,63000,-63000,-63000
9244,038837,聯電麥證13購01,0,0,0,119000,141000,-22000,0,0,0,-63000,0,0,0,119000,182000,-63000,-63000
9245,089151,南茂元大09購03,0,0,0,0,0,0,0,0,0,-63000,0,0,0,62000,125000,-63000,-63000
9246,032240,華夏元大0C購01,0,0,0,0,0,0,0,0,0,-64000,0,0,0,0,64000,-64000,-64000
9247,032598,新興元大0A購02,0,0,0,0,0,0,0,0,0,-64000,0,0,0,0,64000,-64000,-64000
9248,031143,南茂富邦0A購02,0,0,0,0,0,0,0,0,0,-64000,0,0,0,59000,123000,-64000,-64000
9249,030130,聯發科凱基14購02,0,0,0,0,0,0,0,0,0,-64000,0,0,0,62000,126000,-64000,-64000
9250,035106,國泰金元大0B購04,0,0,0,0,0,0,0,0,0,-64000,0,0,0,0,64000,-64000,-64000
9251,036554,圓剛元大0C購01,0,0,0,0,0,0,0,0,0,-64000,0,0,0,0,64000,-64000,-64000
9252,037216,聯詠元富11購01,0,0,0,0,0,0,0,0,0,-64000,0,0,0,116000,180000,-64000,-64000
9253,033873,玉晶光群益0C購03,0,0,0,0,0,0,0,0,0,-64000,0,0,0,1000,65000,-64000,-64000
9254,034963,榮成元大0B購02,0,0,0,0,0,0,0,0,0,-64000,0,0,0,18000,82000,-64000,-64000
9255,038819,京元電元大11購03,0,0,0,0,0,0,0,0,0,-64000,0,0,0,100000,164000,-64000,-64000
9256,07214P,富邦金元富12售10,0,0,0,0,0,0,0,0,0,-64000,0,0,0,0,64000,-64000,-64000
9257,06966P,聯電國泰0C售04,0,0,0,0,0,0,0,0,0,-64000,0,0,0,0,64000,-64000,-64000
9258,1338,廣華-KY,3000,67000,-64000,0,0,0,0,0,0,0,0,0,0,0,0,0,-64000
9259,032026,台積電台新0B購01,0,0,0,0,0,0,0,0,0,-65000,0,0,0,35000,100000,-65000,-65000
9260,030337,聯電群益0B購04,0,0,0,0,0,0,0,0,0,-65000,0,0,0,97000,162000,-65000,-65000
9261,081720,創意統一09購06,0,0,0,0,0,0,0,0,0,-65000,0,0,0,10000,75000,-65000,-65000
9262,082049,新光金凱基0A購01,0,0,0,0,0,0,0,0,0,-65000,0,0,0,80000,145000,-65000,-65000
9263,083838,臺股指凱基09購12,0,0,0,0,0,0,0,0,0,-65000,0,0,0,0,65000,-65000,-65000
9264,07489P,景碩中信11售01,0,0,0,0,0,0,0,0,0,-65000,0,0,0,0,65000,-65000,-65000
9265,07562P,臺股指國票12售01,0,0,0,0,0,0,0,0,0,-65000,0,0,0,25000,90000,-65000,-65000
9266,088208,光寶科統一0A購01,0,0,0,0,0,0,0,0,0,-65000,0,0,0,268000,333000,-65000,-65000
9267,088395,亞德客中信09購01,0,0,0,0,0,0,0,0,0,-65000,0,0,0,0,65000,-65000,-65000
9268,033587,萬海凱基15購01,0,0,0,0,0,0,0,0,0,-65000,0,0,0,71000,136000,-65000,-65000
9269,033663,欣興統一15購02,0,0,0,0,0,0,0,0,0,-65000,0,0,0,32000,97000,-65000,-65000
9270,035242,國巨群益0B購06,0,0,0,0,0,0,0,0,0,-65000,0,0,0,0,65000,-65000,-65000
9271,036482,愛普元大0C購06,0,0,0,0,0,0,0,0,0,-65000,0,0,0,54000,119000,-65000,-65000
9272,036327,晶技麥證0C購01,0,0,0,5000,104000,-99000,0,0,0,-65000,0,0,0,39000,104000,-65000,-65000
9273,037894,上銀永豐0C購02,0,0,0,0,0,0,0,0,0,-65000,0,0,0,0,65000,-65000,-65000
9274,06828P,華邦電元大0A售04,0,0,0,0,0,0,0,0,0,-65000,0,0,0,55000,120000,-65000,-65000
9275,06839P,台灣50元大11售01,0,0,0,0,0,0,0,0,0,-65000,0,0,0,0,65000,-65000,-65000
9276,07063P,臺股指國票0B售17,0,0,0,0,0,0,0,0,0,-65000,0,0,0,35000,100000,-65000,-65000
9277,07314P,玉晶光元大11售05,0,0,0,0,0,0,0,0,0,-65000,0,0,0,0,65000,-65000,-65000
9278,039458,聚鼎凱基13購01,0,0,0,0,0,0,0,0,0,-65000,0,0,0,15000,80000,-65000,-65000
9279,040088,聯發科國票12購03,0,0,0,0,0,0,0,0,0,-65000,0,0,0,15000,80000,-65000,-65000
9280,088813,美律元大09購02,0,0,0,0,0,0,0,0,0,-65000,0,0,0,0,65000,-65000,-65000
9281,089877,美利達群益0A購01,0,0,0,0,0,0,0,0,0,-65000,0,0,0,0,65000,-65000,-65000
9282,9940,信義,15000,36000,-21000,0,0,0,0,0,0,-44000,0,44000,-44000,0,0,0,-65000
9283,033052,聯電永豐0A購06,0,0,0,0,0,0,0,0,0,-66000,0,0,0,658000,724000,-66000,-66000
9284,07633P,臺股指國票11售10,0,0,0,0,0,0,0,0,0,-66000,0,0,0,14000,80000,-66000,-66000
9285,076931,麗豐元富08購01,0,0,0,0,0,0,0,0,0,-66000,0,0,0,0,66000,-66000,-66000
9286,082977,億光元大08購01,0,0,0,0,0,0,0,0,0,-66000,0,0,0,125000,191000,-66000,-66000
9287,085936,佳世達群益0A購01,0,0,0,0,0,0,0,0,0,-66000,0,0,0,50000,116000,-66000,-66000
9288,036711,京元電群益0C購03,0,0,0,0,0,0,0,0,0,-66000,0,0,0,0,66000,-66000,-66000
9289,035496,聯發科國泰12購01,0,0,0,0,0,0,0,0,0,-66000,0,0,0,0,66000,-66000,-66000
9290,033613,華新科群益0B購02,0,0,0,0,0,0,0,0,0,-66000,0,0,0,0,66000,-66000,-66000
9291,039835,聯詠麥證11購02,0,0,0,38000,104000,-66000,0,0,0,-66000,0,0,0,38000,104000,-66000,-66000
9292,038681,聯強群益11購01,0,0,0,0,0,0,0,0,0,-66000,0,0,0,0,66000,-66000,-66000
9293,07296P,裕民元富13售08,0,0,0,0,0,0,0,0,0,-66000,0,0,0,70000,136000,-66000,-66000
9294,07092P,聯發科元大0B售06,0,0,0,0,0,0,0,0,0,-66000,0,0,0,0,66000,-66000,-66000
9295,089909,圓展凱基11購01,0,0,0,0,0,0,0,0,0,-66000,0,0,0,0,66000,-66000,-66000
9296,089619,鴻海第一13購02,0,0,0,0,0,0,0,0,0,-66000,0,0,0,0,66000,-66000,-66000
9297,2331,精英,436000,472000,-36000,0,0,0,0,0,0,-30219,2000,0,2000,448,32667,-32219,-66219
9298,033280,友達統一13購01,0,0,0,0,0,0,0,0,0,-67000,0,0,0,0,67000,-67000,-67000
9299,032337,聯發科群益0A購04,0,0,0,0,0,0,0,0,0,-67000,0,0,0,77000,144000,-67000,-67000
9300,032407,聯成元大0B購02,0,0,0,0,0,0,0,0,0,-67000,0,0,0,193000,260000,-67000,-67000
9301,035875,華新群益0B購04,0,0,0,0,0,0,0,0,0,-67000,0,0,0,58000,125000,-67000,-67000
9302,07461P,大立光元大13售01,0,0,0,0,0,0,0,0,0,-67000,0,0,0,0,67000,-67000,-67000
9303,07422P,臺股指群益0C售17,0,0,0,0,0,0,0,0,0,-67000,0,0,0,33000,100000,-67000,-67000
9304,088381,臺股指國票0A購11,0,0,0,0,0,0,0,0,0,-67000,0,0,0,0,67000,-67000,-67000
9305,036099,新唐元大13購01,0,0,0,0,0,0,0,0,0,-67000,0,0,0,30000,97000,-67000,-67000
9306,034582,美律凱基0B購01,0,0,0,0,0,0,0,0,0,-67000,0,0,0,9000,76000,-67000,-67000
9307,03764C,臺股指元大15牛02,0,0,0,0,0,0,0,0,0,-67000,0,0,0,143000,210000,-67000,-67000
9308,037499,惠特凱基12購01,0,0,0,0,0,0,0,0,0,-67000,0,0,0,335000,402000,-67000,-67000
9309,038388,日月光元大12購01,0,0,0,0,0,0,0,0,0,-67000,0,0,0,12000,79000,-67000,-67000
9310,040013,群創群益11購10,0,0,0,0,0,0,0,0,0,-67000,0,0,0,0,67000,-67000,-67000
9311,089965,台積電元大0A購03,0,0,0,0,0,0,0,0,0,-67000,0,0,0,85000,152000,-67000,-67000
9312,5519,隆大,39000,106000,-67000,0,0,0,0,0,0,0,0,0,0,0,0,0,-67000
9313,4526,東台,9000,76000,-67000,0,0,0,0,0,0,0,0,0,0,0,0,0,-67000
9314,6515,穎崴,20000,20000,0,0,0,0,0,0,0,-67164,0,67164,-67164,0,0,0,-67164
9315,035929,義隆康和0C購01,0,0,0,0,0,0,0,0,0,-68000,0,0,0,0,68000,-68000,-68000
9316,032850,聯茂永豐0A購01,0,0,0,0,0,0,0,0,0,-68000,0,0,0,100000,168000,-68000,-68000
9317,031151,京鼎兆豐0A購02,0,0,0,0,0,0,0,0,0,-68000,0,0,0,0,68000,-68000,-68000
9318,031129,聯詠統一0C購03,0,0,0,0,0,0,0,0,0,-68000,0,0,0,47000,115000,-68000,-68000
9319,031002,彩晶麥證0B購02,0,0,0,115000,183000,-68000,0,0,0,-68000,0,0,0,115000,183000,-68000,-68000
9320,033751,日月光兆豐0C購01,0,0,0,0,0,0,0,0,0,-68000,0,0,0,0,68000,-68000,-68000
9321,033794,帆宣元大0C購01,0,0,0,0,0,0,0,0,0,-68000,0,0,0,123000,191000,-68000,-68000
9322,036883,南茂元富0C購01,0,0,0,0,0,0,0,0,0,-68000,0,0,0,73000,141000,-68000,-68000
9323,033391,玉晶光元大12購02,0,0,0,0,0,0,0,0,0,-68000,0,0,0,1000,69000,-68000,-68000
9324,034358,富邦金康和11購01,0,0,0,0,0,0,0,0,0,-68000,0,0,0,0,68000,-68000,-68000
9325,040021,景碩台新11購01,0,0,0,0,0,0,0,0,0,-68000,0,0,0,89000,157000,-68000,-68000
9326,039574,華通康和11購01,0,0,0,0,0,0,0,0,0,-68000,0,0,0,0,68000,-68000,-68000
9327,038375,致茂元大14購01,0,0,0,0,0,0,0,0,0,-68000,0,0,0,2000,70000,-68000,-68000
9328,038337,麗豐凱基14購01,0,0,0,0,0,0,0,0,0,-68000,0,0,0,2000,70000,-68000,-68000
9329,8104,錸寶,54000,122000,-68000,0,0,0,0,0,0,0,0,0,0,0,0,0,-68000
9330,3052,夆典,7000,76000,-69000,0,0,0,0,0,0,1,1,0,1,0,0,0,-68999
9331,030801,華晶科凱基0B購01,0,0,0,0,0,0,0,0,0,-69000,0,0,0,0,69000,-69000,-69000
9332,00678,群益NBI生技,0,0,0,0,0,0,0,0,0,-69000,0,0,0,300000,369000,-69000,-69000
9333,034258,萬海統一17購01,0,0,0,0,0,0,0,0,0,-69000,0,0,0,6000,75000,-69000,-69000
9334,033487,華通統一0B購01,0,5000,-5000,0,0,0,0,0,0,-64000,0,0,0,71000,135000,-64000,-69000
9335,086143,光寶科元大08購01,0,0,0,0,0,0,0,0,0,-69000,0,0,0,76000,145000,-69000,-69000
9336,034774,聯電富邦12購01,0,0,0,0,0,0,0,0,0,-69000,0,0,0,954000,1023000,-69000,-69000
9337,036483,愛普元大11購01,0,0,0,0,0,0,0,0,0,-69000,0,0,0,130000,199000,-69000,-69000
9338,036647,裕民統一0C購06,0,0,0,0,0,0,0,0,0,-69000,0,0,0,31000,100000,-69000,-69000
9339,039446,華東元大15購01,0,0,0,0,0,0,0,0,0,-69000,0,0,0,10000,79000,-69000,-69000
9340,038896,欣興永豐11購01,0,0,0,0,0,0,0,0,0,-69000,0,0,0,30000,99000,-69000,-69000
9341,06941P,長榮航元大0A售05,0,0,0,0,0,0,0,0,0,-69000,0,0,0,0,69000,-69000,-69000
9342,2362,藍天,7000,76000,-69000,0,0,0,0,0,0,0,0,0,0,0,0,0,-69000
9343,089008,京元電元大09購02,0,0,0,0,0,0,0,0,0,-69000,0,0,0,24000,93000,-69000,-69000
9344,089393,南紡凱基12購01,0,0,0,0,0,0,0,0,0,-69000,0,0,0,171000,240000,-69000,-69000
9345,032633,聯發科統一14購01,0,0,0,0,0,0,0,0,0,-70000,0,0,0,0,70000,-70000,-70000
9346,032638,長榮統一16購01,0,0,0,0,0,0,0,0,0,-70000,0,0,0,0,70000,-70000,-70000
9347,033285,長榮統一15購01,0,0,0,0,0,0,0,0,0,-70000,0,0,0,0,70000,-70000,-70000
9348,030793,瑞昱凱基0A購01,0,0,0,0,0,0,0,0,0,-70000,0,0,0,227000,297000,-70000,-70000
9349,031988,中鋼群益11購01,0,0,0,0,0,0,0,0,0,-70000,0,0,0,105000,175000,-70000,-70000
9350,032846,光罩永豐0A購02,0,0,0,0,0,0,0,0,0,-70000,0,0,0,347000,417000,-70000,-70000
9351,035123,長榮永豐0B購06,0,0,0,0,0,0,0,0,0,-70000,0,0,0,0,70000,-70000,-70000
9352,086131,聯陽群益08購02,0,0,0,0,0,0,0,0,0,-70000,0,0,0,0,70000,-70000,-70000
9353,086071,台郡統一0A購03,0,0,0,0,0,0,0,0,0,-70000,0,0,0,472000,542000,-70000,-70000
9354,086345,華新科元大11購02,0,0,0,0,0,0,0,0,0,-70000,0,0,0,0,70000,-70000,-70000
9355,087570,大立光國泰11購01,0,0,0,0,0,0,0,0,0,-70000,0,0,0,0,70000,-70000,-70000
9356,087158,嘉聯益富邦0B購01,0,0,0,0,0,0,0,0,0,-70000,0,0,0,0,70000,-70000,-70000
9357,087056,GIS凱基09購01,0,0,0,0,0,0,0,0,0,-70000,0,0,0,0,70000,-70000,-70000
9358,083485,台達電元富0A購02,0,0,0,0,0,0,0,0,0,-70000,0,0,0,0,70000,-70000,-70000
9359,088224,聯發科元富09購09,0,0,0,0,0,0,0,0,0,-70000,0,0,0,30000,100000,-70000,-70000
9360,036315,友達統一11購06,0,0,0,0,0,0,0,0,0,-70000,0,0,0,0,70000,-70000,-70000
9361,034251,華邦電統一11購01,0,0,0,0,0,0,0,0,0,-70000,0,0,0,0,70000,-70000,-70000
9362,034472,聚陽元大0B購02,0,0,0,0,0,0,0,0,0,-70000,0,0,0,0,70000,-70000,-70000
9363,035750,中興電元富0B購02,0,0,0,0,0,0,0,0,0,-70000,0,0,0,30000,100000,-70000,-70000
9364,036093,大立光元大12購01,0,0,0,0,0,0,0,0,0,-70000,0,0,0,0,70000,-70000,-70000
9365,034538,中鋼統一11購05,0,0,0,0,0,0,0,0,0,-70000,0,0,0,0,70000,-70000,-70000
9366,037594,日月光群益0C購01,0,0,0,0,0,0,0,0,0,-70000,0,0,0,80000,150000,-70000,-70000
9367,037707,新光鋼永豐0C購01,0,0,0,0,0,0,0,0,0,-70000,0,0,0,0,70000,-70000,-70000
9368,038516,創見永豐11購01,0,0,0,0,0,0,0,0,0,-70000,0,0,0,0,70000,-70000,-70000
9369,038318,中鋼第一17購01,0,0,0,0,0,0,0,0,0,-70000,0,0,0,0,70000,-70000,-70000
9370,039533,晶技凱基12購01,0,0,0,0,0,0,0,0,0,-70000,0,0,0,37000,107000,-70000,-70000
9371,040113,晶心科國泰13購01,0,0,0,0,0,0,0,0,0,-70000,0,0,0,14000,84000,-70000,-70000
9372,06711P,聯電統一0B售11,0,0,0,0,0,0,0,0,0,-70000,0,0,0,0,70000,-70000,-70000
9373,06079P,聯電國票08售05,0,0,0,0,0,0,0,0,0,-70000,0,0,0,100000,170000,-70000,-70000
9374,04480P,金像電元富0A售01,0,0,0,0,0,0,0,0,0,-70000,0,0,0,0,70000,-70000,-70000
9375,088896,立積凱基0B購01,0,0,0,0,0,0,0,0,0,-70000,0,0,0,10000,80000,-70000,-70000
9376,1617,榮星,31000,101000,-70000,0,0,0,0,0,0,0,0,0,0,0,0,0,-70000
9377,3338,泰碩,52000,122000,-70000,0,0,0,0,0,0,0,0,0,0,0,0,0,-70000
9378,1722,台肥,1237000,1407000,-170000,0,0,0,0,0,0,99975,100000,25,99975,0,0,0,-70025
9379,3706,神達,432000,506000,-74000,0,0,0,0,0,0,3523,2000,1477,523,6000,3000,3000,-70477
9380,6196,帆宣,138100,210000,-71900,0,0,0,0,0,0,1084,1000,1916,-916,5000,3000,2000,-70816
9381,032852,滬深2X群益0A購04,0,0,0,0,0,0,0,0,0,-71000,0,0,0,30000,101000,-71000,-71000
9382,032011,南亞統一0B購02,0,0,0,0,0,0,0,0,0,-71000,0,0,0,61000,132000,-71000,-71000
9383,033291,群創統一15購01,0,0,0,0,0,0,0,0,0,-71000,0,0,0,499000,570000,-71000,-71000
9384,032465,台玻中信0A購01,0,0,0,0,0,0,0,0,0,-71000,0,0,0,0,71000,-71000,-71000
9385,032538,新興凱基0C購01,0,0,0,0,0,0,0,0,0,-71000,0,0,0,13000,84000,-71000,-71000
9386,088458,松翰統一0A購02,0,0,0,0,0,0,0,0,0,-71000,0,0,0,540000,611000,-71000,-71000
9387,088598,聯發科日盛13購01,0,0,0,0,0,0,0,0,0,-71000,0,0,0,0,71000,-71000,-71000
9388,035365,中鋼統一0B購10,0,0,0,0,0,0,0,0,0,-71000,0,0,0,66000,137000,-71000,-71000
9389,034396,樺漢元大0C購01,0,0,0,0,0,0,0,0,0,-71000,0,0,0,13000,84000,-71000,-71000
9390,037183,國巨群益0C購03,0,0,0,0,0,0,0,0,0,-71000,0,0,0,16000,87000,-71000,-71000
9391,037316,立隆電凱基0C購01,0,0,0,0,0,0,0,0,0,-71000,0,0,0,11000,82000,-71000,-71000
9392,040599,鴻海國票13購05,0,0,0,0,0,0,0,0,0,-71000,0,0,0,0,71000,-71000,-71000
9393,040144,新光鋼康和12購01,0,0,0,0,0,0,0,0,0,-71000,0,0,0,78000,149000,-71000,-71000
9394,038305,大成鋼群益12購05,0,0,0,0,0,0,0,0,0,-71000,0,0,0,5000,76000,-71000,-71000
9395,037972,王品國泰13購01,0,0,0,0,0,0,0,0,0,-71000,0,0,0,0,71000,-71000,-71000
9396,039040,南茂凱基12購01,0,0,0,0,0,0,0,0,0,-71000,0,0,0,0,71000,-71000,-71000
9397,3669,圓展,40000,109000,-69000,0,0,0,0,0,0,-2000,0,0,0,0,2000,-2000,-71000
9398,2374,佳能,25000,96000,-71000,0,0,0,0,0,0,0,0,0,0,0,0,0,-71000
9399,089200,玉晶光凱基0C購01,0,0,0,0,0,0,0,0,0,-71000,0,0,0,3000,74000,-71000,-71000
9400,1110,東泥,1000,72000,-71000,0,0,0,0,0,0,0,0,0,0,0,0,0,-71000
9401,089528,立積元大09購10,0,0,0,0,0,0,0,0,0,-71000,0,0,0,250000,321000,-71000,-71000
9402,033115,T50反1元大12購02,0,0,0,0,0,0,0,0,0,-72000,0,0,0,18000,90000,-72000,-72000
9403,035589,允強元大0B購03,0,0,0,0,0,0,0,0,0,-72000,0,0,0,7000,79000,-72000,-72000
9404,088156,華夏元大09購05,0,0,0,0,0,0,0,0,0,-72000,0,0,0,0,72000,-72000,-72000
9405,082393,金寶凱基09購01,0,0,0,0,0,0,0,0,0,-72000,0,0,0,10000,82000,-72000,-72000
9406,07505P,台玻凱基11售02,0,0,0,0,0,0,0,0,0,-72000,0,0,0,4000,76000,-72000,-72000
9407,087145,聯詠國票0A購01,0,0,0,0,0,0,0,0,0,-72000,0,0,0,696000,768000,-72000,-72000
9408,086322,致新凱基0A購01,0,0,0,0,0,0,0,0,0,-72000,0,0,0,78000,150000,-72000,-72000
9409,034547,開發金統一0C購01,0,0,0,0,0,0,0,0,0,-72000,0,0,0,48000,120000,-72000,-72000
9410,037803,金像電元大0C購05,0,0,0,0,0,0,0,0,0,-72000,0,0,0,120000,192000,-72000,-72000
9411,038713,華新富邦13購01,0,0,0,0,0,0,0,0,0,-72000,0,0,0,0,72000,-72000,-72000
9412,040568,聯電元大12購02,0,0,0,0,0,0,0,0,0,-72000,0,0,0,20000,92000,-72000,-72000
9413,1612,宏泰,623000,685000,-62000,0,0,0,0,0,0,-10000,0,0,0,0,10000,-10000,-72000
9414,3406,玉晶光,376000,402517,-26517,0,0,0,0,85000,-85000,38899,22000,11701,10299,46145,17545,28600,-72618
9415,030854,南紡永豐0A購01,0,0,0,0,0,0,0,0,0,-73000,0,0,0,10000,83000,-73000,-73000
9416,030030,立積統一13購01,0,0,0,0,0,0,0,0,0,-73000,0,0,0,0,73000,-73000,-73000
9417,031516,玉晶光元大11購02,0,0,0,0,0,0,0,0,0,-73000,0,0,0,1000,74000,-73000,-73000
9418,086299,群創日盛09購02,0,0,0,0,0,0,0,0,0,-73000,0,0,0,49000,122000,-73000,-73000
9419,085210,巨大群益09購01,0,0,0,0,0,0,0,0,0,-73000,0,0,0,70000,143000,-73000,-73000
9420,037747,台表科富邦0C購01,0,0,0,0,0,0,0,0,0,-73000,0,0,0,1238000,1311000,-73000,-73000
9421,037884,國巨國泰13購01,0,0,0,0,0,0,0,0,0,-73000,0,0,0,60000,133000,-73000,-73000
9422,033650,燁輝統一15購01,0,0,0,0,0,0,0,0,0,-73000,0,0,0,38000,111000,-73000,-73000
9423,033678,華邦電元大0B購03,0,0,0,0,0,0,0,0,0,-73000,0,0,0,21000,94000,-73000,-73000
9424,034825,群創富邦12購01,0,0,0,0,0,0,0,0,0,-73000,0,0,0,0,73000,-73000,-73000
9425,036915,中鋼麥證0C購04,0,0,0,7000,80000,-73000,0,0,0,-73000,0,0,0,7000,80000,-73000,-73000
9426,040660,愛普凱基13購02,0,0,0,0,0,0,0,0,0,-73000,0,0,0,0,73000,-73000,-73000
9427,038729,強茂元大14購01,0,0,0,0,0,0,0,0,0,-73000,0,0,0,235000,308000,-73000,-73000
9428,07080P,富邦金凱基0B售04,0,0,0,0,0,0,0,0,0,-73000,0,0,0,17000,90000,-73000,-73000
9429,07321P,榮成元富0C售02,0,0,0,0,0,0,0,0,0,-73000,0,0,0,31000,104000,-73000,-73000
9430,2881A,富邦特,0,0,0,0,0,0,0,0,0,-73000,87000,160000,-73000,0,0,0,-73000
9431,1464,得力,95000,168000,-73000,0,0,0,0,0,0,0,0,0,0,0,0,0,-73000
9432,030928,全新群益0C購01,0,0,0,0,0,0,0,0,0,-74000,0,0,0,242000,316000,-74000,-74000
9433,087102,台積電元大0B購03,0,0,0,0,0,0,0,0,0,-74000,0,0,0,1000,75000,-74000,-74000
9434,07424P,欣興元大0C售10,0,0,0,0,0,0,0,0,0,-74000,0,0,0,40000,114000,-74000,-74000
9435,06857P,上証2X群益0A售02,0,0,0,0,0,0,0,0,0,-74000,0,0,0,0,74000,-74000,-74000
9436,039249,凌陽國泰13購01,0,0,0,0,0,0,0,0,0,-74000,0,0,0,14000,88000,-74000,-74000
9437,038288,燁輝永豐11購03,0,0,0,0,0,0,0,0,0,-74000,0,0,0,0,74000,-74000,-74000
9438,06624P,惠特元富09售02,0,0,0,0,0,0,0,0,0,-74000,0,0,0,6000,80000,-74000,-74000
9439,039556,泰鼎元大12購01,0,0,0,0,0,0,0,0,0,-74000,0,0,0,0,74000,-74000,-74000
9440,1903,士紙,15000,89000,-74000,0,0,0,0,0,0,0,0,0,0,0,0,0,-74000
9441,2882A,國泰特,0,0,0,0,0,0,0,0,0,-74000,1000,75000,-74000,0,0,0,-74000
9442,3413,京鼎,145000,187000,-42000,0,0,0,0,3000,-3000,-29825,1732,14344,-12612,0,17213,-17213,-74825
9443,030749,華晶科元大0A購03,0,0,0,0,0,0,0,0,0,-75000,0,0,0,0,75000,-75000,-75000
9444,030982,宏達電元大11購01,0,0,0,0,0,0,0,0,0,-75000,0,0,0,5000,80000,-75000,-75000
9445,033178,欣興永豐0B購01,0,0,0,0,0,0,0,0,0,-75000,0,0,0,285000,360000,-75000,-75000
9446,030664,群創永豐0A購04,0,0,0,0,0,0,0,0,0,-75000,0,0,0,0,75000,-75000,-75000
9447,032154,慧洋凱基0A購02,0,0,0,0,0,0,0,0,0,-75000,0,0,0,0,75000,-75000,-75000
9448,032101,旺宏永豐0A購02,0,0,0,0,0,0,0,0,0,-75000,0,0,0,50000,125000,-75000,-75000
9449,07460P,大立光元大11售04,0,0,0,0,0,0,0,0,0,-75000,0,0,0,61000,136000,-75000,-75000
9450,036380,健策國票11購01,0,0,0,0,0,0,0,0,0,-75000,0,0,0,137000,212000,-75000,-75000
9451,036672,富邦金國票12購01,0,0,0,0,0,0,0,0,0,-75000,0,0,0,0,75000,-75000,-75000
9452,034188,新光鋼元大0B購04,0,0,0,0,0,0,0,0,0,-75000,0,0,0,192000,267000,-75000,-75000
9453,033983,泰鼎凱基0B購01,0,0,0,0,0,0,0,0,0,-75000,0,0,0,0,75000,-75000,-75000
9454,033590,富邦金凱基15購01,0,0,0,0,0,0,0,0,0,-75000,0,0,0,6000,81000,-75000,-75000
9455,03516B,臺股指元大13熊23,0,0,0,0,0,0,0,0,0,-75000,0,0,0,1000,76000,-75000,-75000
9456,036221,大成鋼中信0C購01,0,0,0,0,0,0,0,0,0,-75000,0,0,0,0,75000,-75000,-75000
9457,034690,鴻海群益0B購10,0,0,0,0,0,0,0,0,0,-75000,0,0,0,341000,416000,-75000,-75000
9458,036081,亞德客元大0C購01,0,0,0,0,0,0,0,0,0,-75000,0,0,0,40000,115000,-75000,-75000
9459,06021P,聯電凱基08售07,0,0,0,0,0,0,0,0,0,-75000,0,0,0,45000,120000,-75000,-75000
9460,039214,台玻元富11購01,0,0,0,0,0,0,0,0,0,-75000,0,0,0,131000,206000,-75000,-75000
9461,06770P,聯詠群益0A售02,0,0,0,0,0,0,0,0,0,-75000,0,0,0,40000,115000,-75000,-75000
9462,07216P,國喬國泰0C售01,0,0,0,0,0,0,0,0,0,-75000,0,0,0,0,75000,-75000,-75000
9463,2241,艾姆勒,116000,171000,-55000,0,0,0,0,0,0,-20000,0,20000,-20000,0,0,0,-75000
9464,089618,南電群益0B購02,0,0,0,0,0,0,0,0,0,-75000,0,0,0,30000,105000,-75000,-75000
9465,088892,群創凱基0C購03,0,0,0,0,0,0,0,0,0,-75000,0,0,0,350000,425000,-75000,-75000
9466,088900,臺股指凱基0C購16,0,0,0,0,0,0,0,0,0,-75000,0,0,0,11000,86000,-75000,-75000
9467,2449,京元電子,3373200,4626000,-1252800,0,0,0,1000,18000,-17000,1194740,159505,77765,81740,1526000,413000,1113000,-75060
9468,033124,聯電元大0A購17,0,0,0,0,0,0,0,0,0,-76000,0,0,0,40000,116000,-76000,-76000
9469,030806,臺股指凱基0A購10,0,0,0,0,0,0,0,0,0,-76000,0,0,0,102000,178000,-76000,-76000
9470,035740,華晶科國票0C購03,0,0,0,0,0,0,0,0,0,-76000,0,0,0,0,76000,-76000,-76000
9471,07434P,裕民元富13售17,0,0,0,0,0,0,0,0,0,-76000,0,0,0,3000,79000,-76000,-76000
9472,083469,億光統一09購03,0,0,0,0,0,0,0,0,0,-76000,0,0,0,194000,270000,-76000,-76000
9473,034549,矽創統一0C購03,0,0,0,0,0,0,0,0,0,-76000,0,0,0,348000,424000,-76000,-76000
9474,033901,聯發科統一15購06,0,0,0,0,0,0,0,0,0,-76000,0,0,0,0,76000,-76000,-76000
9475,040289,TPK元大14購01,0,0,0,0,0,0,0,0,0,-76000,0,0,0,30000,106000,-76000,-76000
9476,2440,太空梭,96000,172000,-76000,0,0,0,0,0,0,0,0,0,0,0,0,0,-76000
9477,3038,全台,76000,152000,-76000,0,0,0,0,0,0,0,0,0,0,0,0,0,-76000
9478,032217,大成鋼統一0B購05,0,0,0,0,0,0,0,0,0,-77000,0,0,0,675000,752000,-77000,-77000
9479,031588,玉晶光凱基0A購02,0,0,0,0,0,0,0,0,0,-77000,0,0,0,3000,80000,-77000,-77000
9480,07604P,愛普元大11售03,0,0,0,0,0,0,0,0,0,-77000,0,0,0,0,77000,-77000,-77000
9481,087050,華晶科凱基0A購01,0,0,0,0,0,0,0,0,0,-77000,0,0,0,26000,103000,-77000,-77000
9482,086849,祥碩元大09購03,0,0,0,0,0,0,0,0,0,-77000,0,0,0,10000,87000,-77000,-77000
9483,087685,旺宏元大11購03,0,0,0,0,0,0,0,0,0,-77000,0,0,0,45000,122000,-77000,-77000
9484,084952,華碩凱基09購02,0,0,0,0,0,0,0,0,0,-77000,0,0,0,73000,150000,-77000,-77000
9485,033571,聯電第一15購01,0,0,0,0,0,0,0,0,0,-77000,0,0,0,91000,168000,-77000,-77000
9486,034567,玉晶光國泰11購01,0,0,0,0,0,0,0,0,0,-77000,0,0,0,3000,80000,-77000,-77000
9487,039600,王品國泰13購04,0,0,0,0,0,0,0,0,0,-77000,0,0,0,30000,107000,-77000,-77000
9488,039270,凌陽凱基13購01,0,0,0,0,0,0,0,0,0,-77000,0,0,0,45000,122000,-77000,-77000
9489,037992,全新元大0C購02,0,0,0,0,0,0,0,0,0,-77000,0,0,0,66000,143000,-77000,-77000
9490,06873P,臺股指凱基0A售16,0,0,0,0,0,0,0,0,0,-77000,0,0,0,5000,82000,-77000,-77000
9491,088810,微星元大11購01,0,0,0,0,0,0,0,0,0,-77000,0,0,0,0,77000,-77000,-77000
9492,6456,GIS-KY,426000,470000,-44000,0,0,0,0,1000,-1000,-32000,1000,0,1000,30000,63000,-33000,-77000
9493,6257,矽格,2070000,2656000,-586000,0,0,0,0,0,0,508696,688755,276000,412755,469355,373414,95941,-77304
9494,031540,鴻海永豐0A購04,0,0,0,0,0,0,0,0,0,-78000,0,0,0,42000,120000,-78000,-78000
9495,030186,帆宣兆豐0A購01,0,0,0,0,0,0,0,0,0,-78000,0,0,0,34000,112000,-78000,-78000
9496,07636P,友達元富11售02,0,0,0,0,0,0,0,0,0,-78000,0,0,0,0,78000,-78000,-78000
9497,083666,聯電統一08購08,0,0,0,0,0,0,0,0,0,-78000,0,0,0,5000,83000,-78000,-78000
9498,088089,京元電元富09購01,0,0,0,0,0,0,0,0,0,-78000,0,0,0,0,78000,-78000,-78000
9499,088198,智易群益0A購01,0,0,0,0,0,0,0,0,0,-78000,0,0,0,58000,136000,-78000,-78000
9500,036518,聯電群益11購03,0,0,0,0,0,0,0,0,0,-78000,0,0,0,2000,80000,-78000,-78000
9501,036738,國巨元大14購01,0,0,0,0,0,0,0,0,0,-78000,0,0,0,70000,148000,-78000,-78000
9502,035752,中鋼元富0B購07,0,0,0,0,0,0,0,0,0,-78000,0,0,0,272000,350000,-78000,-78000
9503,033368,日月光國票0C購01,0,0,0,0,0,0,0,0,0,-78000,0,0,0,0,78000,-78000,-78000
9504,035313,智邦元大0B購01,0,0,0,0,0,0,0,0,0,-78000,0,0,0,0,78000,-78000,-78000
9505,035377,華邦電凱基0B購05,0,0,0,0,0,0,0,0,0,-78000,0,0,0,201000,279000,-78000,-78000
9506,039306,台郡元富12購04,0,0,0,0,0,0,0,0,0,-78000,0,0,0,0,78000,-78000,-78000
9507,038832,中石化麥證13購01,0,0,0,0,78000,-78000,0,0,0,-78000,0,0,0,0,78000,-78000,-78000
9508,2501,國建,97000,175000,-78000,0,0,0,0,0,0,0,0,0,0,0,0,0,-78000
9509,4968,立積,288000,311000,-23000,0,0,0,2000,30000,-28000,-27821,58000,84000,-26000,18000,19821,-1821,-78821
9510,032747,玉晶光凱基0A購03,0,0,0,0,0,0,0,0,0,-79000,0,0,0,1000,80000,-79000,-79000
9511,032390,長榮統一0C購10,0,0,0,0,0,0,0,0,0,-79000,0,0,0,154000,233000,-79000,-79000
9512,088382,臺股指國票0A購12,0,0,0,0,0,0,0,0,0,-79000,0,0,0,20000,99000,-79000,-79000
9513,082677,日月光日盛08購01,0,0,0,0,0,0,0,0,0,-79000,0,0,0,106000,185000,-79000,-79000
9514,039191,友達元大11購07,0,0,0,0,0,0,0,0,0,-79000,0,0,0,0,79000,-79000,-79000
9515,040070,盛群元大11購03,0,0,0,0,0,0,0,0,0,-79000,0,0,0,13000,92000,-79000,-79000
9516,1467,南緯,32000,111000,-79000,0,0,0,0,0,0,0,0,0,0,0,0,0,-79000
9517,1229,聯華,631000,711003,-80003,0,0,0,0,0,0,288,6000,5712,288,0,0,0,-79715
9518,032889,光罩統一0A購03,0,0,0,0,0,0,0,0,0,-80000,0,0,0,278000,358000,-80000,-80000
9519,031576,矽統凱基0A購01,0,0,0,0,0,0,0,0,0,-80000,0,0,0,93000,173000,-80000,-80000
9520,031645,東鋼元大0A購05,0,0,0,0,0,0,0,0,0,-80000,0,0,0,5000,85000,-80000,-80000
9521,030154,大立光富邦0B購03,0,0,0,0,0,0,0,0,0,-80000,0,0,0,0,80000,-80000,-80000
9522,031305,為升富邦0C購01,0,0,0,0,0,0,0,0,0,-80000,0,0,0,0,80000,-80000,-80000
9523,030859,金寶永豐0A購01,0,0,0,0,0,0,0,0,0,-80000,0,0,0,0,80000,-80000,-80000
9524,035746,愛普國票0C購02,0,0,0,0,0,0,0,0,0,-80000,0,0,0,0,80000,-80000,-80000
9525,035694,世紀鋼凱基0B購02,0,0,0,0,0,0,0,0,0,-80000,0,0,0,0,80000,-80000,-80000
9526,082206,台積電日盛09購02,0,0,0,0,0,0,0,0,0,-80000,0,0,0,250000,330000,-80000,-80000
9527,083932,聯詠中信09購02,0,0,0,0,0,0,0,0,0,-80000,0,0,0,30000,110000,-80000,-80000
9528,07378P,台灣50元富0C售02,0,0,0,0,0,0,0,0,0,-80000,0,0,0,48000,128000,-80000,-80000
9529,07371P,臺股指元大0C售45,0,0,0,0,0,0,0,0,0,-80000,0,0,0,0,80000,-80000,-80000
9530,081052,勝一國票08購01,0,0,0,0,0,0,0,0,0,-80000,0,0,0,0,80000,-80000,-80000
9531,085766,聯電凱基08購13,0,0,0,0,0,0,0,0,0,-80000,0,0,0,0,80000,-80000,-80000
9532,085617,松翰元大09購01,0,0,0,0,0,0,0,0,0,-80000,0,0,0,0,80000,-80000,-80000
9533,086754,鴻海麥證09購01,0,0,0,20000,100000,-80000,0,0,0,-80000,0,0,0,20000,100000,-80000,-80000
9534,088550,訊芯群益0A購01,0,0,0,0,0,0,0,0,0,-80000,0,0,0,16000,96000,-80000,-80000
9535,033427,晶碩永豐0B購01,0,0,0,0,0,0,0,0,0,-80000,0,0,0,0,80000,-80000,-80000
9536,037459,台達電兆豐0C購01,0,0,0,0,0,0,0,0,0,-80000,0,0,0,100000,180000,-80000,-80000
9537,037942,安普新元富12購01,0,0,0,0,0,0,0,0,0,-80000,0,0,0,20000,100000,-80000,-80000
9538,037625,玉晶光元大14購01,0,0,0,0,0,0,0,0,0,-80000,0,0,0,1000,81000,-80000,-80000
9539,039975,愛普元大15購01,0,0,0,0,0,0,0,0,0,-80000,0,0,0,0,80000,-80000,-80000
9540,040129,致新永豐11購02,0,0,0,0,0,0,0,0,0,-80000,0,0,0,0,80000,-80000,-80000
9541,06122P,台灣50元大0A售03,0,0,0,0,0,0,0,0,0,-80000,0,0,0,40000,120000,-80000,-80000
9542,06470P,華新科元富0A售04,0,0,0,0,0,0,0,0,0,-80000,0,0,0,0,80000,-80000,-80000
9543,037953,聯發科元大13購02,0,0,0,0,0,0,0,0,0,-80000,0,0,0,0,80000,-80000,-80000
9544,038287,第一銅永豐11購01,0,0,0,0,0,0,0,0,0,-80000,0,0,0,10000,90000,-80000,-80000
9545,07137P,京元電凱基0B售02,0,0,0,0,0,0,0,0,0,-80000,0,0,0,20000,100000,-80000,-80000
9546,07030P,臺股指群益0B售02,0,0,0,0,0,0,0,0,0,-80000,0,0,0,0,80000,-80000,-80000
9547,089878,巨大群益0B購01,0,0,0,0,0,0,0,0,0,-80000,0,0,0,212000,292000,-80000,-80000
9548,089865,仁寶中信0A購01,0,0,0,0,0,0,0,0,0,-80000,0,0,0,0,80000,-80000,-80000
9549,089072,美食凱基09購01,0,0,0,0,0,0,0,0,0,-80000,0,0,0,0,80000,-80000,-80000
9550,089210,旺宏群益0B購06,0,0,0,0,0,0,0,0,0,-80000,0,0,0,1060000,1140000,-80000,-80000
9551,035115,旺宏兆豐0B購02,0,0,0,0,0,0,0,0,0,-81000,0,0,0,5000,86000,-81000,-81000
9552,031123,友達統一0C購01,0,0,0,0,0,0,0,0,0,-81000,0,0,0,10000,91000,-81000,-81000
9553,031147,聯發科兆豐0A購05,0,0,0,0,0,0,0,0,0,-81000,0,0,0,0,81000,-81000,-81000
9554,031596,聯電國票0A購04,0,0,0,0,0,0,0,0,0,-81000,0,0,0,218000,299000,-81000,-81000
9555,031770,華邦電統一0C購03,0,0,0,0,0,0,0,0,0,-81000,0,0,0,0,81000,-81000,-81000
9556,036877,南電統一12購02,0,0,0,0,0,0,0,0,0,-81000,0,0,0,103000,184000,-81000,-81000
9557,034581,南亞科凱基0B購02,0,0,0,0,0,0,0,0,0,-81000,0,0,0,10000,91000,-81000,-81000
9558,038060,台郡群益0C購03,0,0,0,0,0,0,0,0,0,-81000,0,0,0,15000,96000,-81000,-81000
9559,038497,長興永豐11購01,0,0,0,0,0,0,0,0,0,-81000,0,0,0,0,81000,-81000,-81000
9560,039570,聚鼎元富11購01,0,0,0,0,0,0,0,0,0,-81000,0,0,0,25000,106000,-81000,-81000
9561,089764,恆大凱基11購01,0,0,0,0,0,0,0,0,0,-81000,0,0,0,1000,82000,-81000,-81000
9562,031393,國巨日盛0A購03,0,0,0,0,0,0,0,0,0,-82000,0,0,0,770000,852000,-82000,-82000
9563,033200,臺股指凱基13購01,0,0,0,0,0,0,0,0,0,-82000,0,0,0,1679000,1761000,-82000,-82000
9564,032733,華新凱基0C購01,0,0,0,0,0,0,0,0,0,-82000,0,0,0,588000,670000,-82000,-82000
9565,032549,彩晶凱基0A購05,0,0,0,0,0,0,0,0,0,-82000,0,0,0,0,82000,-82000,-82000
9566,032066,大亞中信0A購01,0,0,0,0,0,0,0,0,0,-82000,0,0,0,10000,92000,-82000,-82000
9567,030979,全新元大0A購03,0,0,0,0,0,0,0,0,0,-82000,0,0,0,49000,131000,-82000,-82000
9568,031255,群創群益0C購03,0,0,0,0,0,0,0,0,0,-82000,0,0,0,105000,187000,-82000,-82000
9569,080361,國巨元富09購04,0,0,0,0,0,0,0,0,0,-82000,0,0,0,0,82000,-82000,-82000
9570,036670,宏達電國票11購02,0,0,0,0,0,0,0,0,0,-82000,0,0,0,269000,351000,-82000,-82000
9571,033417,凌陽永豐0B購01,0,0,0,0,0,0,0,0,0,-82000,0,0,0,133000,215000,-82000,-82000
9572,033651,大成鋼統一15購01,0,0,0,0,0,0,0,0,0,-82000,0,0,0,358000,440000,-82000,-82000
9573,034877,聯電台新0B購02,0,0,0,0,0,0,0,0,0,-82000,0,0,0,63000,145000,-82000,-82000
9574,040680,滬深2X元富12購01,0,0,0,0,0,0,0,0,0,-82000,0,0,0,0,82000,-82000,-82000
9575,039285,康普永豐11購04,0,0,0,0,0,0,0,0,0,-82000,0,0,0,6000,88000,-82000,-82000
9576,089889,東鋼統一0C購02,0,0,0,0,0,0,0,0,0,-82000,0,0,0,45000,127000,-82000,-82000
9577,1616,億泰,193000,275000,-82000,0,0,0,0,0,0,0,0,0,0,0,0,0,-82000
9578,2316,楠梓電,10000,95000,-85000,0,0,0,0,0,0,3000,3000,0,3000,0,0,0,-82000
9579,00703,台新MSCI中國,0,0,0,0,0,0,0,0,0,-83000,0,0,0,35000,118000,-83000,-83000
9580,030738,全新元大0A購01,0,0,0,0,0,0,0,0,0,-83000,0,0,0,59000,142000,-83000,-83000
9581,031713,國泰金永豐0A購01,0,0,0,0,0,0,0,0,0,-83000,0,0,0,0,83000,-83000,-83000
9582,031936,旺宏康和0C購01,0,0,0,0,0,0,0,0,0,-83000,0,0,0,5000,88000,-83000,-83000
9583,087189,華邦電日盛0A購01,0,0,0,0,0,0,0,0,0,-83000,0,0,0,65000,148000,-83000,-83000
9584,088497,旺宏元大09購10,0,0,0,0,0,0,0,0,0,-83000,0,0,0,0,83000,-83000,-83000
9585,088074,技嘉統一0B購02,0,0,0,0,0,0,0,0,0,-83000,0,0,0,31000,114000,-83000,-83000
9586,034027,開發金中信0B購01,0,0,0,0,0,0,0,0,0,-83000,0,0,0,5000,88000,-83000,-83000
9587,037914,健策凱基0C購03,0,0,0,0,0,0,0,0,0,-83000,0,0,0,187000,270000,-83000,-83000
9588,039287,盛群永豐11購01,0,0,0,0,0,0,0,0,0,-83000,0,0,0,26000,109000,-83000,-83000
9589,040722,愛普元大12購04,0,0,0,0,0,0,0,0,0,-83000,0,0,0,0,83000,-83000,-83000
9590,040395,華邦電元富12購01,0,0,0,0,0,0,0,0,0,-83000,0,0,0,0,83000,-83000,-83000
9591,040396,京元電元富14購01,0,0,0,0,0,0,0,0,0,-83000,0,0,0,0,83000,-83000,-83000
9592,039655,神達凱基11購01,0,0,0,0,0,0,0,0,0,-83000,0,0,0,0,83000,-83000,-83000
9593,07333P,健策元大0C售03,0,0,0,0,0,0,0,0,0,-83000,0,0,0,12000,95000,-83000,-83000
9594,9902,台火,26000,109000,-83000,0,0,0,0,0,0,0,0,0,0,0,0,0,-83000
9595,4106,雃博,78000,161000,-83000,0,0,0,0,0,0,-3,1021,1024,-3,11000,11000,0,-83003
9596,00850,元大臺灣ESG永續,106000,89000,17000,0,0,0,0,0,0,-100525,10000,0,10000,171299,281824,-110525,-83525
9597,087776,群創中信0B購05,0,0,0,0,0,0,0,0,0,-84000,0,0,0,35000,119000,-84000,-84000
9598,078723,華邦電統一09購01,0,0,0,0,0,0,0,0,0,-84000,0,0,0,3000,87000,-84000,-84000
9599,038799,景碩群益12購02,0,0,0,0,0,0,0,0,0,-84000,0,0,0,26000,110000,-84000,-84000
9600,038939,台郡麥證12購01,0,0,0,207000,291000,-84000,0,0,0,-84000,0,0,0,207000,291000,-84000,-84000
9601,2905,三商,93000,177000,-84000,0,0,0,0,0,0,-50,0,50,-50,0,0,0,-84050
9602,032860,友達群益0A購07,0,0,0,0,0,0,0,0,0,-85000,0,0,0,174000,259000,-85000,-85000
9603,087055,聯茂凱基09購01,0,0,0,0,0,0,0,0,0,-85000,0,0,0,35000,120000,-85000,-85000
9604,086167,聯詠元大0C購01,0,0,0,0,0,0,0,0,0,-85000,0,0,0,931000,1016000,-85000,-85000
9605,037161,聚鼎國票11購01,0,0,0,0,0,0,0,0,0,-85000,0,0,0,30000,115000,-85000,-85000
9606,033637,華新麥證0B購02,0,0,0,0,85000,-85000,0,0,0,-85000,0,0,0,0,85000,-85000,-85000
9607,040271,大成鋼元大11購13,0,0,0,0,0,0,0,0,0,-85000,0,0,0,0,85000,-85000,-85000
9608,040602,華碩國票12購02,0,0,0,0,0,0,0,0,0,-85000,0,0,0,30000,115000,-85000,-85000
9609,1101B,台泥乙特,0,0,0,0,0,0,0,0,0,-85000,2000,87000,-85000,0,0,0,-85000
9610,089733,華晶科永豐09購03,0,0,0,0,0,0,0,0,0,-85000,0,0,0,50000,135000,-85000,-85000
9611,089133,鴻海元大0B購07,0,0,0,0,0,0,0,0,0,-85000,0,0,0,0,85000,-85000,-85000
9612,8011,台通,148000,233000,-85000,0,0,0,0,0,0,0,0,0,0,0,0,0,-85000
9613,032847,矽統永豐0A購02,0,0,0,0,0,0,0,0,0,-86000,0,0,0,123000,209000,-86000,-86000
9614,031085,臺股指元大11購09,0,0,0,0,0,0,0,0,0,-86000,0,0,0,120000,206000,-86000,-86000
9615,030449,臺股指元大11購06,0,0,0,0,0,0,0,0,0,-86000,0,0,0,104000,190000,-86000,-86000
9616,085451,聯電元富0C購01,0,0,0,0,0,0,0,0,0,-86000,0,0,0,30000,116000,-86000,-86000
9617,087176,上銀元富09購02,0,0,0,0,0,0,0,0,0,-86000,0,0,0,14000,100000,-86000,-86000
9618,07404P,群創元大0C售14,0,0,0,0,0,0,0,0,0,-86000,0,0,0,14000,100000,-86000,-86000
9619,07483P,威盛元富14售02,0,0,0,0,0,0,0,0,0,-86000,0,0,0,0,86000,-86000,-86000
9620,037424,偉詮電國票11購01,0,0,0,0,0,0,0,0,0,-86000,0,0,0,104000,190000,-86000,-86000
9621,036896,威盛元大0C購02,0,0,0,0,0,0,0,0,0,-86000,0,0,0,90000,176000,-86000,-86000
9622,034082,鴻海元大12購04,0,0,0,0,0,0,0,0,0,-86000,0,0,0,10000,96000,-86000,-86000
9623,039559,天鈺元大14購01,0,0,0,0,0,0,0,0,0,-86000,0,0,0,20000,106000,-86000,-86000
9624,039513,祥碩群益11購02,0,0,0,0,0,0,0,0,0,-86000,0,0,0,36000,122000,-86000,-86000
9625,07315P,群創元大0C售11,0,0,0,0,0,0,0,0,0,-86000,0,0,0,14000,100000,-86000,-86000
9626,07341P,南電元富0C售02,0,0,0,0,0,0,0,0,0,-86000,0,0,0,206000,292000,-86000,-86000
9627,07025P,儒鴻凱基0B售02,0,0,0,0,0,0,0,0,0,-86000,0,0,0,23000,109000,-86000,-86000
9628,06798P,群創康和0B售01,0,0,0,0,0,0,0,0,0,-86000,0,0,0,4000,90000,-86000,-86000
9629,031714,玉晶光永豐0A購04,0,0,0,0,0,0,0,0,0,-87000,0,0,0,150000,237000,-87000,-87000
9630,087763,台達電第一13購01,0,0,0,0,0,0,0,0,0,-87000,0,0,0,0,87000,-87000,-87000
9631,037345,健策國泰12購01,0,0,0,0,0,0,0,0,0,-87000,0,0,0,193000,280000,-87000,-87000
9632,037100,京元電永豐0C購01,0,0,0,0,0,0,0,0,0,-87000,0,0,0,0,87000,-87000,-87000
9633,033644,華新統一0C購03,0,0,0,0,0,0,0,0,0,-87000,0,0,0,0,87000,-87000,-87000
9634,038473,華邦電康和11購02,0,0,0,0,0,0,0,0,0,-87000,0,0,0,103000,190000,-87000,-87000
9635,031964,宏達電元大0B購03,0,0,0,0,0,0,0,0,0,-88000,0,0,0,324000,412000,-88000,-88000
9636,031679,彩晶元大0B購04,0,0,0,0,0,0,0,0,0,-88000,0,0,0,14000,102000,-88000,-88000
9637,036007,上銀凱基11購01,0,0,0,0,0,0,0,0,0,-88000,0,0,0,0,88000,-88000,-88000
9638,080614,旺宏元富09購06,0,0,0,0,0,0,0,0,0,-88000,0,0,0,0,88000,-88000,-88000
9639,083593,健策國票08購02,0,0,0,0,0,0,0,0,0,-88000,0,0,0,0,88000,-88000,-88000
9640,088319,滬深2X元大0C購03,0,0,0,0,0,0,0,0,0,-88000,0,0,0,12000,100000,-88000,-88000
9641,034930,世紀鋼國泰11購01,0,0,0,0,0,0,0,0,0,-88000,0,0,0,43000,131000,-88000,-88000
9642,037257,國巨中信0C購02,0,0,0,0,0,0,0,0,0,-88000,0,0,0,0,88000,-88000,-88000
9643,034048,玉晶光元富12購02,0,0,0,0,0,0,0,0,0,-88000,0,0,0,0,88000,-88000,-88000
9644,037611,華邦電元大0C購11,0,0,0,0,0,0,0,0,0,-88000,0,0,0,61000,149000,-88000,-88000
9645,040141,景碩群益11購05,0,0,0,0,0,0,0,0,0,-88000,0,0,0,139000,227000,-88000,-88000
9646,089297,聯電國票0A購03,0,0,0,0,0,0,0,0,0,-88000,0,0,0,266000,354000,-88000,-88000
9647,089841,華邦電元大09購06,0,0,0,0,0,0,0,0,0,-88000,0,0,0,89000,177000,-88000,-88000
9648,00662,富邦NASDAQ,23000,213980,-190980,0,0,0,0,0,0,102808,0,0,0,157000,54192,102808,-88172
9649,031265,聯電統一0C購02,0,0,0,0,0,0,0,0,0,-89000,0,0,0,103000,192000,-89000,-89000
9650,031307,億光富邦0C購01,0,0,0,0,0,0,0,0,0,-89000,0,0,0,175000,264000,-89000,-89000
9651,030639,聯發科中信12購01,0,0,0,0,0,0,0,0,0,-89000,0,0,0,31000,120000,-89000,-89000
9652,035728,台表科元大0B購04,0,0,0,0,0,0,0,0,0,-89000,0,0,0,227000,316000,-89000,-89000
9653,07654P,同欣電元大12售01,0,0,0,0,0,0,0,0,0,-89000,0,0,0,0,89000,-89000,-89000
9654,087767,聯電中信0A購01,0,0,0,0,0,0,0,0,0,-89000,0,0,0,74000,163000,-89000,-89000
9655,087185,旺宏群益0B購04,0,0,0,0,0,0,0,0,0,-89000,0,0,0,16000,105000,-89000,-89000
9656,036302,晶技元大0C購04,0,0,0,0,0,0,0,0,0,-89000,0,0,0,0,89000,-89000,-89000
9657,034379,中鋼元大13購01,0,0,0,0,0,0,0,0,0,-89000,0,0,0,35000,124000,-89000,-89000
9658,040652,聯陽凱基13購01,0,0,0,0,0,0,0,0,0,-89000,0,0,0,0,89000,-89000,-89000
9659,9958,世紀鋼,243000,340000,-97000,0,0,0,0,0,0,7630,12000,13370,-1370,23000,14000,9000,-89370
9660,3008,大立光,225604,310353,-84749,0,0,0,0,2000,-2000,-3178,9000,8894,106,4000,7284,-3284,-89927
9661,030620,長榮航元大0A購02,0,0,0,0,0,0,0,0,0,-90000,0,0,0,0,90000,-90000,-90000
9662,030591,臺指反元大11購03,0,0,0,0,0,0,0,0,0,-90000,0,0,0,10000,100000,-90000,-90000
9663,031895,臺股指凱基0A購19,0,0,0,0,0,0,0,0,0,-90000,0,0,0,45000,135000,-90000,-90000
9664,033284,長榮統一12購03,0,0,0,0,0,0,0,0,0,-90000,0,0,0,0,90000,-90000,-90000
9665,087847,臺股指凱基0C購08,0,0,0,0,0,0,0,0,0,-90000,0,0,0,50000,140000,-90000,-90000
9666,082438,創意國泰09購01,0,0,0,0,0,0,0,0,0,-90000,0,0,0,101000,191000,-90000,-90000
9667,082522,鴻海群益09購03,0,0,0,0,0,0,0,0,0,-90000,0,0,0,10000,100000,-90000,-90000
9668,088044,鴻海元大0B購04,0,0,0,0,0,0,0,0,0,-90000,0,0,0,25000,115000,-90000,-90000
9669,033949,國巨國票0B購04,0,0,0,0,0,0,0,0,0,-90000,0,0,0,0,90000,-90000,-90000
9670,036927,聯茂國票11購01,0,0,0,0,0,0,0,0,0,-90000,0,0,0,23000,113000,-90000,-90000
9671,03749C,臺股指凱基0C牛07,0,0,0,0,0,0,0,0,0,-90000,0,0,0,60000,150000,-90000,-90000
9672,037489,裕民凱基0C購02,0,0,0,0,0,0,0,0,0,-90000,0,0,0,3000,93000,-90000,-90000
9673,037668,健和興國泰12購01,0,0,0,0,0,0,0,0,0,-90000,0,0,0,20000,110000,-90000,-90000
9674,040741,天鈺國票12購03,0,0,0,0,0,0,0,0,0,-90000,0,0,0,0,90000,-90000,-90000
9675,04287P,同欣電元富0A售01,0,0,0,0,0,0,0,0,0,-90000,0,0,0,65000,155000,-90000,-90000
9676,040537,新唐凱基14購01,0,0,0,0,0,0,0,0,0,-90000,0,0,0,20000,110000,-90000,-90000
9677,040348,玉晶光國泰13購04,0,0,0,0,0,0,0,0,0,-90000,0,0,0,5000,95000,-90000,-90000
9678,06754P,台灣50凱基0C售03,0,0,0,0,0,0,0,0,0,-90000,0,0,0,0,90000,-90000,-90000
9679,038397,聯華食凱基11購01,0,0,0,0,0,0,0,0,0,-90000,0,0,0,33000,123000,-90000,-90000
9680,038618,旺宏元大11購05,0,0,0,0,0,0,0,0,0,-90000,0,0,0,10000,100000,-90000,-90000
9681,039037,智原凱基13購01,0,0,0,0,0,0,0,0,0,-90000,0,0,0,24000,114000,-90000,-90000
9682,039261,凌陽兆豐13購01,0,0,0,0,0,0,0,0,0,-90000,0,0,0,102000,192000,-90000,-90000
9683,06897P,國喬元大0A售02,0,0,0,0,0,0,0,0,0,-90000,0,0,0,0,90000,-90000,-90000
9684,089591,南紡群益0B購01,0,0,0,0,0,0,0,0,0,-90000,0,0,0,30000,120000,-90000,-90000
9685,089167,台達化國泰0B購01,0,0,0,0,0,0,0,0,0,-90000,0,0,0,35000,125000,-90000,-90000
9686,089009,奇力新元大09購04,0,0,0,0,0,0,0,0,0,-90000,0,0,0,55000,145000,-90000,-90000
9687,032911,南亞國票0B購01,0,0,0,0,0,0,0,0,0,-91000,0,0,0,25000,116000,-91000,-91000
9688,032690,台光電永豐0A購01,0,0,0,0,0,0,0,0,0,-91000,0,0,0,46000,137000,-91000,-91000
9689,035947,松翰凱基0C購02,0,0,0,0,0,0,0,0,0,-91000,0,0,0,10000,101000,-91000,-91000
9690,088285,松翰群益09購02,0,0,0,0,0,0,0,0,0,-91000,0,0,0,66000,157000,-91000,-91000
9691,07429P,臺股指元大13售06,0,0,0,0,0,0,0,0,0,-91000,0,0,0,123000,214000,-91000,-91000
9692,085107,聯電元大08購07,0,0,0,0,0,0,0,0,0,-91000,0,0,0,17000,108000,-91000,-91000
9693,085294,群創凱基0C購02,0,0,0,0,0,0,0,0,0,-91000,0,0,0,0,91000,-91000,-91000
9694,036722,南電第一16購01,0,0,0,0,0,0,0,0,0,-91000,0,0,0,54000,145000,-91000,-91000
9695,036801,健策台新0C購01,0,0,0,0,0,0,0,0,0,-91000,0,0,0,122000,213000,-91000,-91000
9696,039001,玉晶光國泰13購02,0,0,0,0,0,0,0,0,0,-91000,0,0,0,4000,95000,-91000,-91000
9697,039739,晶技國泰14購01,0,0,0,0,0,0,0,0,0,-91000,0,0,0,0,91000,-91000,-91000
9698,088838,聯發科中信0B購02,0,0,0,0,0,0,0,0,0,-91000,0,0,0,30000,121000,-91000,-91000
9699,089991,瑞儀元大0A購01,0,0,0,0,0,0,0,0,0,-91000,0,0,0,0,91000,-91000,-91000
9700,8103,瀚荃,495000,584000,-89000,0,0,0,0,0,0,-2262,730,992,-262,0,2000,-2000,-91262
9701,035863,新光鋼元富0B購01,0,0,0,0,0,0,0,0,0,-92000,0,0,0,166000,258000,-92000,-92000
9702,036893,聯電元大14購01,0,0,0,0,0,0,0,0,0,-92000,0,0,0,11000,103000,-92000,-92000
9703,036827,玉晶光國泰12購03,0,0,0,0,0,0,0,0,0,-92000,0,0,0,4000,96000,-92000,-92000
9704,035328,聯詠元大0B購04,0,0,0,0,0,0,0,0,0,-92000,0,0,0,179000,271000,-92000,-92000
9705,034453,華擎兆豐0C購01,0,0,0,0,0,0,0,0,0,-92000,0,0,0,0,92000,-92000,-92000
9706,033948,聯電國票11購01,0,0,0,0,0,0,0,0,0,-92000,0,0,0,0,92000,-92000,-92000
9707,037752,中鋼國泰13購01,0,0,0,0,0,0,0,0,0,-92000,0,0,0,321000,413000,-92000,-92000
9708,039211,A50正2元富14購02,0,0,0,0,0,0,0,0,0,-92000,0,0,0,30000,122000,-92000,-92000
9709,089012,大立光元大11購01,0,0,0,0,0,0,0,0,0,-92000,0,0,0,3000,95000,-92000,-92000
9710,1474,弘裕,99000,191000,-92000,0,0,0,0,0,0,0,0,0,0,0,0,0,-92000
9711,030555,華邦電統一0C購01,0,0,0,0,0,0,0,0,0,-93000,0,0,0,516000,609000,-93000,-93000
9712,03756C,T50反1元大0B牛08,0,0,0,0,0,0,0,0,0,-93000,0,0,0,212000,305000,-93000,-93000
9713,033940,道瓊反國票0C購01,0,0,0,0,0,0,0,0,0,-93000,0,0,0,0,93000,-93000,-93000
9714,035298,滬深2X富邦13購01,0,0,0,0,0,0,0,0,0,-93000,0,0,0,0,93000,-93000,-93000
9715,034724,中石化元大0B購04,0,5000,-5000,0,0,0,0,0,0,-88000,0,0,0,62000,150000,-88000,-93000
9716,036352,聯電國票11購03,0,0,0,0,0,0,0,0,0,-93000,0,0,0,0,93000,-93000,-93000
9717,039101,義隆麥證11購01,0,0,0,38000,131000,-93000,0,0,0,-93000,0,0,0,38000,131000,-93000,-93000
9718,038932,京元電麥證12購01,0,0,0,12000,105000,-93000,0,0,0,-93000,0,0,0,12000,105000,-93000,-93000
9719,039482,超豐國泰13購01,0,0,0,0,0,0,0,0,0,-93000,0,0,0,258000,351000,-93000,-93000
9720,6142,友勁,75000,168000,-93000,0,0,0,0,0,0,0,0,0,0,0,0,0,-93000
9721,2031,新光鋼,2723000,3089000,-366000,0,0,0,0,1000,-1000,273295,290000,180000,110000,353663,190368,163295,-93705
9722,033505,欣興統一11購02,0,0,0,0,0,0,0,0,0,-94000,0,0,0,89000,183000,-94000,-94000
9723,087766,儒鴻中信09購01,0,0,0,0,0,0,0,0,0,-94000,0,0,0,0,94000,-94000,-94000
9724,035022,鴻海凱基0B購11,0,0,0,0,0,0,0,0,0,-94000,0,0,0,79000,173000,-94000,-94000
9725,038757,聯電中信12購01,0,0,0,0,0,0,0,0,0,-94000,0,0,0,1000,95000,-94000,-94000
9726,039090,聯電元富11購02,0,0,0,0,0,0,0,0,0,-94000,0,0,0,0,94000,-94000,-94000
9727,038664,智原永豐11購01,0,0,0,0,0,0,0,0,0,-94000,0,0,0,298000,392000,-94000,-94000
9728,06976P,長榮元富0A售21,0,0,0,0,0,0,0,0,0,-94000,0,0,0,74000,168000,-94000,-94000
9729,031332,全新元大0A購05,0,0,0,0,0,0,0,0,0,-95000,0,0,0,125000,220000,-95000,-95000
9730,030867,玉晶光永豐0A購03,0,0,0,0,0,0,0,0,0,-95000,0,0,0,3000,98000,-95000,-95000
9731,033045,華晶科兆豐0A購01,0,0,0,0,0,0,0,0,0,-95000,0,0,0,0,95000,-95000,-95000
9732,031359,燿華中信0B購01,0,0,0,0,0,0,0,0,0,-95000,0,0,0,0,95000,-95000,-95000
9733,035955,中鋼元大0C購06,0,0,0,0,0,0,0,0,0,-95000,0,0,0,0,95000,-95000,-95000
9734,035606,玉晶光元大0B購05,0,0,0,0,0,0,0,0,0,-95000,0,0,0,13000,108000,-95000,-95000
9735,086532,崇越凱基09購01,0,0,0,0,0,0,0,0,0,-95000,0,0,0,0,95000,-95000,-95000
9736,082315,亞德客統一09購02,0,594000,-594000,0,0,0,0,0,0,499000,0,0,0,499000,0,499000,-95000
9737,084571,華晶科國票08購01,0,0,0,0,0,0,0,0,0,-95000,0,0,0,30000,125000,-95000,-95000
9738,088245,松翰國票09購01,0,0,0,0,0,0,0,0,0,-95000,0,0,0,5000,100000,-95000,-95000
9739,037460,華邦電兆豐13購01,0,0,0,0,0,0,0,0,0,-95000,0,0,0,238000,333000,-95000,-95000
9740,037665,金像電國泰12購03,0,0,0,0,0,0,0,0,0,-95000,0,0,0,22000,117000,-95000,-95000
9741,038468,康普元富12購01,0,0,0,0,0,0,0,0,0,-95000,0,0,0,0,95000,-95000,-95000
9742,037964,台郡元大13購01,0,0,0,0,0,0,0,0,0,-95000,0,0,0,94000,189000,-95000,-95000
9743,037973,元翎國泰13購01,0,0,0,0,0,0,0,0,0,-95000,0,0,0,10000,105000,-95000,-95000
9744,038232,燁輝元大14購01,0,0,0,0,0,0,0,0,0,-95000,0,0,0,18000,113000,-95000,-95000
9745,040096,松翰國票11購02,0,0,0,0,0,0,0,0,0,-95000,0,0,0,20000,115000,-95000,-95000
9746,06608P,台灣50凱基09售10,0,0,0,0,0,0,0,0,0,-95000,0,0,0,0,95000,-95000,-95000
9747,2342,茂矽,1108000,1203000,-95000,0,0,0,0,0,0,0,0,0,0,0,0,0,-95000
9748,1720,生達,14000,109000,-95000,0,0,0,0,0,0,0,0,0,0,0,0,0,-95000
9749,030901,大成鋼凱基14購01,0,0,0,0,0,0,0,0,0,-96000,0,0,0,470000,566000,-96000,-96000
9750,030939,群創群益0C購02,0,0,0,0,0,0,0,0,0,-96000,0,0,0,0,96000,-96000,-96000
9751,030736,南亞科元大11購02,0,0,0,0,0,0,0,0,0,-96000,0,0,0,4000,100000,-96000,-96000
9752,030561,長榮統一11購01,0,0,0,0,0,0,0,0,0,-96000,0,0,0,0,96000,-96000,-96000
9753,031659,華碩元大0A購02,0,0,0,0,0,0,0,0,0,-96000,0,0,0,115000,211000,-96000,-96000
9754,031663,京元電元大0A購02,0,0,0,0,0,0,0,0,0,-96000,0,0,0,212000,308000,-96000,-96000
9755,086614,群創群益0B購02,0,0,0,0,0,0,0,0,0,-96000,0,0,0,5000,101000,-96000,-96000
9756,037133,矽創元大0C購06,0,0,0,0,0,0,0,0,0,-96000,0,0,0,91000,187000,-96000,-96000
9757,036785,欣興統一11購05,0,0,0,0,0,0,0,0,0,-96000,0,0,0,252000,348000,-96000,-96000
9758,037027,台光電元大13購01,0,0,0,0,0,0,0,0,0,-96000,0,0,0,27000,123000,-96000,-96000
9759,040352,偉詮電群益12購03,0,0,0,0,0,0,0,0,0,-96000,0,0,0,6000,102000,-96000,-96000
9760,038444,創見元大11購01,0,0,0,0,0,0,0,0,0,-96000,0,0,0,8000,104000,-96000,-96000
9761,038607,康普群益13購01,0,0,0,0,0,0,0,0,0,-96000,0,0,0,6000,102000,-96000,-96000
9762,039096,華夏麥證11購01,0,0,0,62000,158000,-96000,0,0,0,-96000,0,0,0,62000,158000,-96000,-96000
9763,031657,華邦電元大0C購04,0,0,0,0,0,0,0,0,0,-97000,0,0,0,338000,435000,-97000,-97000
9764,032748,南茂凱基0A購02,0,0,0,0,0,0,0,0,0,-97000,0,0,0,1000,98000,-97000,-97000
9765,031829,滬深2X富邦0B購02,0,0,0,0,0,0,0,0,0,-97000,0,0,0,0,97000,-97000,-97000
9766,030678,申豐國泰0C購01,0,0,0,0,0,0,0,0,0,-97000,0,0,0,65000,162000,-97000,-97000
9767,07386P,可成元富0C售03,0,0,0,0,0,0,0,0,0,-97000,0,0,0,25000,122000,-97000,-97000
9768,07415P,榮運凱基0C售02,0,0,0,0,0,0,0,0,0,-97000,0,0,0,100000,197000,-97000,-97000
9769,07557P,景碩元大11售07,0,0,0,0,0,0,0,0,0,-97000,0,0,0,60000,157000,-97000,-97000
9770,036904,晶技元大0C購05,0,0,0,0,0,0,0,0,0,-97000,0,0,0,50000,147000,-97000,-97000
9771,036515,世紀鋼凱基12購01,0,0,0,0,0,0,0,0,0,-97000,0,0,0,30000,127000,-97000,-97000
9772,039423,S&P反1元大14購01,0,0,0,0,0,0,0,0,0,-97000,0,0,0,0,97000,-97000,-97000
9773,039375,華邦電國泰13購02,0,0,0,0,0,0,0,0,0,-97000,0,0,0,0,97000,-97000,-97000
9774,040214,泰鼎國票12購01,0,0,0,0,0,0,0,0,0,-97000,0,0,0,10000,107000,-97000,-97000
9775,030669,啟碁永豐0A購01,0,0,0,0,0,0,0,0,0,-98000,0,0,0,17000,115000,-98000,-98000
9776,037404,台玻元富0C購02,0,0,0,0,0,0,0,0,0,-98000,0,0,0,2000,100000,-98000,-98000
9777,037801,台達電元大13購01,0,0,0,0,0,0,0,0,0,-98000,0,0,0,0,98000,-98000,-98000
9778,040097,松翰國票12購01,0,0,0,0,0,0,0,0,0,-98000,0,0,0,9000,107000,-98000,-98000
9779,06609P,台灣50凱基09售11,0,0,0,0,0,0,0,0,0,-98000,0,0,0,218000,316000,-98000,-98000
9780,073402,旺宏元富0A購03,0,0,0,0,0,0,0,0,0,-98000,0,0,0,74000,172000,-98000,-98000
9781,6152,百一,6000,104000,-98000,0,0,0,0,0,0,0,0,0,0,0,0,0,-98000
9782,3060,銘異,465000,563000,-98000,0,0,0,0,0,0,-872,1000,1872,-872,0,0,0,-98872
9783,5534,長虹,29000,124924,-95924,0,0,0,0,3000,-3000,-10,0,10,-10,0,0,0,-98934
9784,032099,大成鋼永豐0A購05,0,0,0,0,0,0,0,0,0,-99000,0,0,0,280000,379000,-99000,-99000
9785,07574P,美時國票11售03,0,0,0,0,0,0,0,0,0,-99000,0,0,0,50000,149000,-99000,-99000
9786,07354P,臺股指群益0C售14,0,0,0,0,0,0,0,0,0,-99000,0,0,0,0,99000,-99000,-99000
9787,086565,智易元大0B購01,0,0,0,0,0,0,0,0,0,-99000,0,0,0,68000,167000,-99000,-99000
9788,087985,松翰凱基0A購01,0,0,0,0,0,0,0,0,0,-99000,0,0,0,0,99000,-99000,-99000
9789,088246,台表科國票0A購02,0,0,0,0,0,0,0,0,0,-99000,0,0,0,46000,145000,-99000,-99000
9790,037487,華邦電凱基0C購06,0,0,0,0,0,0,0,0,0,-99000,0,0,0,88000,187000,-99000,-99000
9791,036622,大成凱基0C購01,0,0,0,0,0,0,0,0,0,-99000,0,0,0,63000,162000,-99000,-99000
9792,035285,旺宏國票0C購01,0,0,0,0,0,0,0,0,0,-99000,0,0,0,72000,171000,-99000,-99000
9793,2250,IKKA-KY,14000,38000,-24000,0,0,0,0,0,0,-75000,0,75000,-75000,0,0,0,-99000
9794,089277,聯電元富09購05,0,0,0,0,0,0,0,0,0,-99000,0,0,0,25000,124000,-99000,-99000
9795,089572,新纖永豐09購02,0,0,0,0,0,0,0,0,0,-99000,0,0,0,14000,113000,-99000,-99000
9796,033290,群創統一13購01,0,0,0,0,0,0,0,0,0,-100000,0,0,0,0,100000,-100000,-100000
9797,031719,新光鋼群益0B購02,0,0,0,0,0,0,0,0,0,-100000,0,0,0,2000,102000,-100000,-100000
9798,031827,台灣50富邦0C購02,0,0,0,0,0,0,0,0,0,-100000,0,0,0,0,100000,-100000,-100000
9799,031812,裕隆元大0B購01,0,0,0,0,0,0,0,0,0,-100000,0,0,0,0,100000,-100000,-100000
9800,031437,世紀鋼凱基0A購01,0,0,0,0,0,0,0,0,0,-100000,0,0,0,0,100000,-100000,-100000
9801,031603,新光金富邦0C購01,0,0,0,0,0,0,0,0,0,-100000,0,0,0,50000,150000,-100000,-100000
9802,031579,友達凱基0A購06,0,0,0,0,0,0,0,0,0,-100000,0,0,0,0,100000,-100000,-100000
9803,032800,百和元大0A購02,0,0,0,0,0,0,0,0,0,-100000,0,0,0,0,100000,-100000,-100000
9804,030612,宏達電元大0B購01,0,0,0,0,0,0,0,0,0,-100000,0,0,0,0,100000,-100000,-100000
9805,030438,松翰元大0A購03,0,0,0,0,0,0,0,0,0,-100000,0,0,0,90000,190000,-100000,-100000
9806,030388,直得元大0B購01,0,0,0,0,0,0,0,0,0,-100000,0,0,0,0,100000,-100000,-100000
9807,030254,大立光永豐0A購01,0,0,0,0,0,0,0,0,0,-100000,0,0,0,0,100000,-100000,-100000
9808,030089,喬山永豐0A購01,0,0,0,0,0,0,0,0,0,-100000,0,0,0,0,100000,-100000,-100000
9809,088201,台郡群益09購02,0,0,0,0,0,0,0,0,0,-100000,0,0,0,26000,126000,-100000,-100000
9810,088576,智易凱基0A購01,0,0,0,0,0,0,0,0,0,-100000,0,0,0,0,100000,-100000,-100000
9811,088639,燿華國票09購01,0,0,0,0,0,0,0,0,0,-100000,0,0,0,0,100000,-100000,-100000
9812,087778,松翰中信09購01,0,0,0,0,0,0,0,0,0,-100000,0,0,0,0,100000,-100000,-100000
9813,087669,上証2X元大0A購01,0,0,0,0,0,0,0,0,0,-100000,0,0,0,0,100000,-100000,-100000
9814,087603,台積電中信0B購10,0,0,0,0,0,0,0,0,0,-100000,0,0,0,0,100000,-100000,-100000
9815,087299,台表科元大09購02,0,0,0,0,0,0,0,0,0,-100000,0,0,0,309000,409000,-100000,-100000
9816,087247,滬深2X國票0A購05,0,0,0,0,0,0,0,0,0,-100000,0,0,0,0,100000,-100000,-100000
9817,086528,圓展凱基09購01,0,0,0,0,0,0,0,0,0,-100000,0,0,0,0,100000,-100000,-100000
9818,086150,華邦電元大08購07,0,0,0,0,0,0,0,0,0,-100000,0,0,0,19000,119000,-100000,-100000
9819,085942,大立光群益0C購01,0,0,0,0,0,0,0,0,0,-100000,0,0,0,0,100000,-100000,-100000
9820,085056,大立光國票09購01,0,0,0,0,0,0,0,0,0,-100000,0,0,0,0,100000,-100000,-100000
9821,085564,日月光群益08購01,0,0,0,0,0,0,0,0,0,-100000,0,0,0,0,100000,-100000,-100000
9822,085615,玉晶光元大0C購01,0,0,0,0,0,0,0,0,0,-100000,0,0,0,0,100000,-100000,-100000
9823,085748,聯陽永豐08購02,0,0,0,0,0,0,0,0,0,-100000,0,0,0,0,100000,-100000,-100000
9824,07561P,臺指2X國票11售01,0,0,0,0,0,0,0,0,0,-100000,0,0,0,0,100000,-100000,-100000
9825,075060,玉晶光元富09購03,0,0,0,0,0,0,0,0,0,-100000,0,0,0,0,100000,-100000,-100000
9826,07515P,創意元富14售02,0,0,0,0,0,0,0,0,0,-100000,0,0,0,0,100000,-100000,-100000
9827,080450,台肥凱基09購01,0,0,0,0,0,0,0,0,0,-100000,0,0,0,0,100000,-100000,-100000
9828,081047,台郡富邦09購01,0,0,0,0,0,0,0,0,0,-100000,0,0,0,0,100000,-100000,-100000
9829,079157,中工元大08購01,0,0,0,0,0,0,0,0,0,-100000,0,0,0,0,100000,-100000,-100000
9830,084680,安集國泰0A購01,0,0,0,0,0,0,0,0,0,-100000,0,0,0,0,100000,-100000,-100000
9831,081153,德律凱基0A購01,0,0,0,0,0,0,0,0,0,-100000,0,0,0,0,100000,-100000,-100000
9832,081360,麗豐凱基0A購01,0,0,0,0,0,0,0,0,0,-100000,0,0,0,0,100000,-100000,-100000
9833,081374,長榮中信09購01,0,0,0,0,0,0,0,0,0,-100000,0,0,0,0,100000,-100000,-100000
9834,082532,國巨日盛11購01,0,0,0,0,0,0,0,0,0,-100000,0,0,0,0,100000,-100000,-100000
9835,033888,華新統一11購02,0,0,0,0,0,0,0,0,0,-100000,0,0,0,0,100000,-100000,-100000
9836,033807,友達麥證0B購04,0,0,0,0,100000,-100000,0,0,0,-100000,0,0,0,0,100000,-100000,-100000
9837,033431,力麗元大0B購03,0,0,0,0,0,0,0,0,0,-100000,0,0,0,100000,200000,-100000,-100000
9838,035204,愛普元富15購01,0,0,0,0,0,0,0,0,0,-100000,0,0,0,39000,139000,-100000,-100000
9839,034801,友達凱基11購04,0,0,0,0,0,0,0,0,0,-100000,0,0,0,0,100000,-100000,-100000
9840,035332,台表科元大0B購03,0,0,0,0,0,0,0,0,0,-100000,0,0,0,35000,135000,-100000,-100000
9841,037124,大立光元大12購02,0,0,0,0,0,0,0,0,0,-100000,0,0,0,0,100000,-100000,-100000
9842,037243,大立光元大12購03,0,0,0,0,0,0,0,0,0,-100000,0,0,0,0,100000,-100000,-100000
9843,037053,臺股指元大0C購47,0,0,0,0,0,0,0,0,0,-100000,0,0,0,0,100000,-100000,-100000
9844,037004,台光電元富11購01,0,0,0,0,0,0,0,0,0,-100000,0,0,0,0,100000,-100000,-100000
9845,037798,A50正2元大0C購04,0,0,0,0,0,0,0,0,0,-100000,0,0,0,0,100000,-100000,-100000
9846,037560,台郡元富13購02,0,0,0,0,0,0,0,0,0,-100000,0,0,0,92000,192000,-100000,-100000
9847,06809P,臻鼎元大0A售01,0,0,0,0,0,0,0,0,0,-100000,0,0,0,0,100000,-100000,-100000
9848,07150P,大成鋼元大0B售12,0,0,0,0,0,0,0,0,0,-100000,0,0,0,0,100000,-100000,-100000
9849,06553P,台灣50群益0A售05,0,0,0,0,0,0,0,0,0,-100000,0,0,0,0,100000,-100000,-100000
9850,06593P,臺股指凱基0C售15,0,0,0,0,0,0,0,0,0,-100000,0,0,0,0,100000,-100000,-100000
9851,06529P,元石油群益09售02,0,0,0,0,0,0,0,0,0,-100000,0,0,0,0,100000,-100000,-100000
9852,06723P,友達中信09售06,0,0,0,0,0,0,0,0,0,-100000,0,0,0,0,100000,-100000,-100000
9853,05417P,臺股指國票0B售02,0,0,0,0,0,0,0,0,0,-100000,0,0,0,0,100000,-100000,-100000
9854,06317P,臺股指中信0A售07,0,0,0,0,0,0,0,0,0,-100000,0,0,0,0,100000,-100000,-100000
9855,06417P,臺股指元大0B售09,0,0,0,0,0,0,0,0,0,-100000,0,0,0,0,100000,-100000,-100000
9856,039178,中鋼元大11購09,0,0,0,0,0,0,0,0,0,-100000,0,0,0,0,100000,-100000,-100000
9857,038756,台塑中信12購01,0,0,0,0,0,0,0,0,0,-100000,0,0,0,200000,300000,-100000,-100000
9858,038804,佳世達永豐11購01,0,0,0,0,0,0,0,0,0,-100000,0,0,0,0,100000,-100000,-100000
9859,038703,鴻準凱基11購01,0,0,0,0,0,0,0,0,0,-100000,0,0,0,60000,160000,-100000,-100000
9860,037999,晶技元大13購01,0,0,0,0,0,0,0,0,0,-100000,0,0,0,12000,112000,-100000,-100000
9861,089760,國巨日盛0B購01,0,0,0,0,0,0,0,0,0,-100000,0,0,0,0,100000,-100000,-100000
9862,089678,英業達元大09購02,0,0,0,0,0,0,0,0,0,-100000,0,0,0,0,100000,-100000,-100000
9863,030773,精英麥證0A購02,0,0,0,10000,111000,-101000,0,0,0,-101000,0,0,0,10000,111000,-101000,-101000
9864,035598,聯發科元大0B購14,0,0,0,0,0,0,0,0,0,-101000,0,0,0,0,101000,-101000,-101000
9865,07569P,裕民元大11售06,0,0,0,0,0,0,0,0,0,-101000,0,0,0,7000,108000,-101000,-101000
9866,07452P,臺股指凱基13售05,0,0,0,0,0,0,0,0,0,-101000,0,0,0,13000,114000,-101000,-101000
9867,037822,聯電永豐0C購05,0,0,0,0,0,0,0,0,0,-101000,0,0,0,0,101000,-101000,-101000
9868,035547,華邦電統一0B購06,0,0,0,0,0,0,0,0,0,-102000,0,0,0,66000,168000,-102000,-102000
9869,030697,南帝群益0B購06,0,0,0,0,0,0,0,0,0,-102000,0,0,0,29000,131000,-102000,-102000
9870,086009,玉晶光元大0A購02,0,0,0,0,0,0,0,0,0,-102000,0,0,0,1000,103000,-102000,-102000
9871,086660,鴻海國票0B購02,0,0,0,0,0,0,0,0,0,-102000,0,0,0,0,102000,-102000,-102000
9872,087356,臺股指麥證0C購02,0,0,0,12000,114000,-102000,0,0,0,-102000,0,0,0,12000,114000,-102000,-102000
9873,036860,聯電兆豐12購02,0,0,0,0,0,0,0,0,0,-102000,0,0,0,20000,122000,-102000,-102000
9874,033878,華新元富0B購02,0,0,0,0,0,0,0,0,0,-102000,0,0,0,91000,193000,-102000,-102000
9875,033304,中信金國泰11購01,0,0,0,0,0,0,0,0,0,-102000,0,0,0,14000,116000,-102000,-102000
9876,037983,啟碁永豐0C購01,0,0,0,0,0,0,0,0,0,-102000,0,0,0,91000,193000,-102000,-102000
9877,038714,上銀富邦13購01,0,0,0,0,0,0,0,0,0,-102000,0,0,0,0,102000,-102000,-102000
9878,040702,南帝元大14購01,0,0,0,0,0,0,0,0,0,-102000,0,0,0,0,102000,-102000,-102000
9879,040075,矽創元大11購02,0,0,0,0,0,0,0,0,0,-102000,0,0,0,95000,197000,-102000,-102000
9880,3679,新至陞,60000,161000,-101000,0,0,0,0,0,0,-1000,0,0,0,0,1000,-1000,-102000
9881,030122,南帝凱基14購01,0,0,0,0,0,0,0,0,0,-103000,0,0,0,0,103000,-103000,-103000
9882,030253,潤泰全永豐0A購01,0,0,0,0,0,0,0,0,0,-103000,0,0,0,0,103000,-103000,-103000
9883,088341,聯詠元大0C購03,0,0,0,0,0,0,0,0,0,-103000,0,0,0,17000,120000,-103000,-103000
9884,036910,元翎元大0C購01,0,0,0,0,0,0,0,0,0,-103000,0,0,0,43000,146000,-103000,-103000
9885,037081,祥碩群益0C購01,0,0,0,0,0,0,0,0,0,-103000,0,0,0,39000,142000,-103000,-103000
9886,036353,聯電國票11購04,0,0,0,0,0,0,0,0,0,-103000,0,0,0,23000,126000,-103000,-103000
9887,040251,聯陽永豐11購01,0,0,0,0,0,0,0,0,0,-103000,0,0,0,0,103000,-103000,-103000
9888,038338,康普凱基15購01,0,0,0,0,0,0,0,0,0,-103000,0,0,0,220000,323000,-103000,-103000
9889,06928P,臺股指元大0C售09,0,0,0,0,0,0,0,0,0,-103000,0,0,0,975000,1078000,-103000,-103000
9890,6141,柏承,25000,128000,-103000,0,0,0,0,0,0,0,0,0,0,0,0,0,-103000
9891,033244,京元電元大11購01,45000,0,45000,0,0,0,0,0,0,-149000,0,0,0,1270000,1419000,-149000,-104000
9892,035727,祥碩元大0B購04,0,0,0,0,0,0,0,0,0,-104000,0,0,0,10000,114000,-104000,-104000
9893,037441,上銀元大0C購01,0,0,0,0,0,0,0,0,0,-104000,0,0,0,15000,119000,-104000,-104000
9894,037940,貿聯元富13購02,0,0,0,0,0,0,0,0,0,-104000,0,0,0,13000,117000,-104000,-104000
9895,039115,台郡國票12購01,0,0,0,0,0,0,0,0,0,-104000,0,0,0,0,104000,-104000,-104000
9896,039386,滬深2X群益11購03,0,0,0,0,0,0,0,0,0,-104000,0,0,0,0,104000,-104000,-104000
9897,05902P,臺股指中信0A售04,0,0,0,0,0,0,0,0,0,-104000,0,0,0,0,104000,-104000,-104000
9898,1810,和成,82000,186000,-104000,0,0,0,0,0,0,0,0,0,0,0,0,0,-104000
9899,035530,亞光群益0B購02,0,0,0,0,0,0,0,0,0,-105000,0,0,0,40000,145000,-105000,-105000
9900,031736,華新凱基12購01,0,0,0,0,0,0,0,0,0,-105000,0,0,0,81000,186000,-105000,-105000
9901,032220,微星統一0C購01,0,0,0,0,0,0,0,0,0,-105000,0,0,0,0,105000,-105000,-105000
9902,032212,中鋼統一0C購06,0,0,0,0,0,0,0,0,0,-105000,0,0,0,896000,1001000,-105000,-105000
9903,031653,台積電元大0A購13,0,0,0,0,0,0,0,0,0,-105000,0,0,0,122000,227000,-105000,-105000
9904,030022,華邦電日盛0B購01,0,0,0,0,0,0,0,0,0,-105000,0,0,0,70000,175000,-105000,-105000
9905,087975,旺宏凱基09購02,0,0,0,0,0,0,0,0,0,-105000,0,0,0,0,105000,-105000,-105000
9906,085255,和大國泰0A購01,0,0,0,0,0,0,0,0,0,-105000,0,0,0,0,105000,-105000,-105000
9907,033740,華新富邦0B購02,0,0,0,0,0,0,0,0,0,-105000,0,0,0,0,105000,-105000,-105000
9908,034814,南亞科群益0B購06,0,0,0,0,0,0,0,0,0,-105000,0,0,0,2000,107000,-105000,-105000
9909,040578,聯陽元大13購02,0,0,0,0,0,0,0,0,0,-105000,0,0,0,80000,185000,-105000,-105000
9910,038620,華邦電元大11購02,0,0,0,0,0,0,0,0,0,-105000,0,0,0,181000,286000,-105000,-105000
9911,037987,中鋼元大0C購12,0,0,0,0,0,0,0,0,0,-105000,0,0,0,89000,194000,-105000,-105000
9912,072575,上銀元富09購01,0,0,0,0,0,0,0,0,0,-105000,0,0,0,0,105000,-105000,-105000
9913,07652P,智邦元大12售01,0,0,0,0,0,0,0,0,0,-106000,0,0,0,0,106000,-106000,-106000
9914,034807,世紀鋼凱基0C購01,0,0,0,0,0,0,0,0,0,-106000,0,0,0,0,106000,-106000,-106000
9915,034832,台積電元富12購15,0,0,0,0,0,0,0,0,0,-106000,0,0,0,0,106000,-106000,-106000
9916,033453,偉詮電群益11購01,0,0,0,0,0,0,0,0,0,-106000,0,0,0,189000,295000,-106000,-106000
9917,037261,國喬國泰12購03,0,0,0,0,0,0,0,0,0,-106000,0,0,0,131000,237000,-106000,-106000
9918,037738,同欣電元富0C購01,0,0,0,0,0,0,0,0,0,-106000,0,0,0,73000,179000,-106000,-106000
9919,06993P,國泰金元富0B售01,0,0,0,0,0,0,0,0,0,-106000,0,0,0,15000,121000,-106000,-106000
9920,039616,瀚宇博兆豐13購01,0,0,0,0,0,0,0,0,0,-106000,0,0,0,0,106000,-106000,-106000
9921,4943,康控-KY,59000,164014,-105014,0,0,0,0,0,0,-1922,0,0,0,0,1922,-1922,-106936
9922,031171,亞聚永豐0A購01,0,0,0,0,0,0,0,0,0,-107000,0,0,0,0,107000,-107000,-107000
9923,037664,聯詠第一16購02,0,0,0,0,0,0,0,0,0,-107000,0,0,0,62000,169000,-107000,-107000
9924,037221,健策麥證0C購01,0,0,0,70000,149000,-79000,0,0,0,-107000,0,0,0,78000,185000,-107000,-107000
9925,037386,T50反1凱基13購05,0,0,0,0,0,0,0,0,0,-107000,0,0,0,60000,167000,-107000,-107000
9926,034344,儒鴻元富0C購02,0,0,0,0,0,0,0,0,0,-107000,0,0,0,0,107000,-107000,-107000
9927,039303,康普元富12購05,0,0,0,0,0,0,0,0,0,-107000,0,0,0,123000,230000,-107000,-107000
9928,039331,華新科元大13購01,0,0,0,0,0,0,0,0,0,-107000,0,0,0,9000,116000,-107000,-107000
9929,035133,大成鋼統一0C購05,0,0,0,0,0,0,0,0,0,-108000,0,0,0,0,108000,-108000,-108000
9930,078464,聯電統一08購02,0,0,0,0,0,0,0,0,0,-108000,0,0,0,0,108000,-108000,-108000
9931,080708,漢翔凱基09購01,0,0,0,0,0,0,0,0,0,-108000,0,0,0,29000,137000,-108000,-108000
9932,086971,日月光統一0B購03,0,0,0,0,0,0,0,0,0,-108000,0,0,0,30000,138000,-108000,-108000
9933,088093,日月光元富09購02,0,0,0,0,0,0,0,0,0,-108000,0,0,0,344000,452000,-108000,-108000
9934,033855,南亞凱基0B購01,0,0,0,0,0,0,0,0,0,-108000,0,0,0,375000,483000,-108000,-108000
9935,033832,華邦電國泰11購01,0,0,0,0,0,0,0,0,0,-108000,0,0,0,454000,562000,-108000,-108000
9936,035010,健策元大0B購05,0,0,0,0,0,0,0,0,0,-108000,0,0,0,109000,217000,-108000,-108000
9937,037320,華擎凱基0C購01,0,0,0,0,0,0,0,0,0,-108000,0,0,0,0,108000,-108000,-108000
9938,037173,華新永豐0C購01,0,0,0,0,0,0,0,0,0,-108000,0,0,0,0,108000,-108000,-108000
9939,036764,台表科國票11購01,0,0,0,0,0,0,0,0,0,-108000,0,0,0,50000,158000,-108000,-108000
9940,034190,新光鋼元大13購01,0,0,0,0,0,0,0,0,0,-108000,0,0,0,1000,109000,-108000,-108000
9941,037834,亞德客國票0C購02,0,0,0,0,0,0,0,0,0,-108000,0,0,0,1000,109000,-108000,-108000
9942,039562,愛普元大12購02,0,0,0,0,0,0,0,0,0,-108000,0,0,0,123000,231000,-108000,-108000
9943,040714,聯詠元大12購03,0,0,0,0,0,0,0,0,0,-108000,0,0,0,20000,128000,-108000,-108000
9944,6139,亞翔,103000,209000,-106000,0,0,0,0,0,0,-2000,0,2000,-2000,0,0,0,-108000
9945,035548,金像電統一12購01,0,0,0,0,0,0,0,0,0,-109000,0,0,0,0,109000,-109000,-109000
9946,034314,上証2X群益0B購02,0,0,0,0,0,0,0,0,0,-109000,0,0,0,4000,113000,-109000,-109000
9947,035076,聯詠群益0B購04,0,0,0,0,0,0,0,0,0,-109000,0,0,0,507000,616000,-109000,-109000
9948,032940,矽格富邦0C購01,0,0,0,0,0,0,0,0,0,-109000,0,0,0,506000,615000,-109000,-109000
9949,085036,台積電元富12購01,0,0,0,0,0,0,0,0,0,-109000,0,0,0,1000,110000,-109000,-109000
9950,035269,中鋼台新0C購01,0,0,0,0,0,0,0,0,0,-109000,0,0,0,0,109000,-109000,-109000
9951,039148,華邦電群益12購02,0,0,0,0,0,0,0,0,0,-109000,0,0,0,59000,168000,-109000,-109000
9952,038941,上証2X元大11購03,0,0,0,0,0,0,0,0,0,-109000,0,0,0,60000,169000,-109000,-109000
9953,089303,旺宏國票0A購02,0,0,0,0,0,0,0,0,0,-109000,0,0,0,0,109000,-109000,-109000
9954,032686,大亞永豐0A購03,0,0,0,0,0,0,0,0,0,-110000,0,0,0,0,110000,-110000,-110000
9955,030792,台積電凱基0B購09,0,0,0,0,0,0,0,0,0,-110000,0,0,0,0,110000,-110000,-110000
9956,030522,昇陽半群益0A購01,0,0,0,0,0,0,0,0,0,-110000,0,0,0,0,110000,-110000,-110000
9957,035596,華邦電元大0C購06,0,0,0,0,0,0,0,0,0,-110000,0,0,0,21000,131000,-110000,-110000
9958,088779,道瓊反國票09購01,0,0,0,0,0,0,0,0,0,-110000,0,0,0,20000,130000,-110000,-110000
9959,034378,中鋼元大0B購06,0,0,0,0,0,0,0,0,0,-110000,0,0,0,0,110000,-110000,-110000
9960,033558,亞聚永豐0B購01,0,0,0,0,0,0,0,0,0,-110000,0,0,0,0,110000,-110000,-110000
9961,036451,華新康和11購01,0,0,0,0,0,0,0,0,0,-110000,0,0,0,110000,220000,-110000,-110000
9962,037304,嘉晶統一11購01,0,0,0,0,0,0,0,0,0,-110000,0,0,0,131000,241000,-110000,-110000
9963,039136,新唐中信12購02,0,0,0,0,0,0,0,0,0,-110000,0,0,0,36000,146000,-110000,-110000
9964,039418,訊芯永豐11購01,0,0,0,0,0,0,0,0,0,-110000,0,0,0,0,110000,-110000,-110000
9965,037951,台光電元大0C購03,0,0,0,0,0,0,0,0,0,-110000,0,0,0,78000,188000,-110000,-110000
9966,06718P,群創群益09售11,0,0,0,0,0,0,0,0,0,-110000,0,0,0,0,110000,-110000,-110000
9967,06503P,日月光元大09售04,0,0,0,0,0,0,0,0,0,-110000,0,0,0,0,110000,-110000,-110000
9968,039650,微星凱基11購02,0,0,0,0,0,0,0,0,0,-110000,0,0,0,55000,165000,-110000,-110000
9969,06999P,華邦電元大0B售02,0,0,0,0,0,0,0,0,0,-110000,0,0,0,55000,165000,-110000,-110000
9970,06904P,臺指2X中信11售01,0,0,0,0,0,0,0,0,0,-110000,0,0,0,0,110000,-110000,-110000
9971,07342P,臺股指群益0C售09,0,0,0,0,0,0,0,0,0,-110000,0,0,0,10000,120000,-110000,-110000
9972,089380,A50正2中信0A購01,0,0,0,0,0,0,0,0,0,-110000,0,0,0,0,110000,-110000,-110000
9973,4942,嘉彰,181000,246000,-65000,0,0,0,0,0,0,-45000,2000,47000,-45000,0,0,0,-110000
9974,030924,聯電群益0B購05,0,0,0,0,0,0,0,0,0,-111000,0,0,0,100000,211000,-111000,-111000
9975,032472,萬海中信0C購01,0,0,0,0,0,0,0,0,0,-111000,0,0,0,2000,113000,-111000,-111000
9976,033499,王品統一0C購02,0,0,0,0,0,0,0,0,0,-111000,0,0,0,0,111000,-111000,-111000
9977,031762,大成鋼元富0A購02,0,0,0,0,0,0,0,0,0,-111000,0,0,0,3000,114000,-111000,-111000
9978,085879,聯電國票09購03,0,0,0,0,0,0,0,0,0,-111000,0,0,0,0,111000,-111000,-111000
9979,087045,技嘉凱基0A購01,0,0,0,0,0,0,0,0,0,-111000,0,0,0,106000,217000,-111000,-111000
9980,086831,友達元大0C購04,0,0,0,0,0,0,0,0,0,-111000,0,0,0,5000,116000,-111000,-111000
9981,033785,國巨元大0C購07,0,0,0,0,0,0,0,0,0,-111000,0,0,0,0,111000,-111000,-111000
9982,036612,聯詠元大0C購08,0,0,0,0,0,0,0,0,0,-111000,0,0,0,240000,351000,-111000,-111000
9983,034942,聯詠群益11購02,0,0,0,0,0,0,0,0,0,-111000,0,0,0,10000,121000,-111000,-111000
9984,034708,愛普元富0B購02,0,0,0,0,0,0,0,0,0,-111000,0,0,0,82000,193000,-111000,-111000
9985,034638,泰鼎元大0B購01,0,0,0,0,0,0,0,0,0,-111000,0,0,0,1000,112000,-111000,-111000
9986,035397,玉晶光永豐0B購05,0,0,0,0,0,0,0,0,0,-111000,0,0,0,0,111000,-111000,-111000
9987,07281P,金像電凱基0C售02,0,0,0,0,0,0,0,0,0,-111000,0,0,0,99000,210000,-111000,-111000
9988,040309,華邦電凱基11購04,0,0,0,0,0,0,0,0,0,-111000,0,0,0,112000,223000,-111000,-111000
9989,038560,中華凱基11購01,0,0,0,0,0,0,0,0,0,-111000,0,0,0,75000,186000,-111000,-111000
9990,8478,東哥遊艇,482000,335000,147000,0,0,0,0,0,0,-258000,60000,318000,-258000,0,0,0,-111000
9991,089825,T50反1元大11購02,0,0,0,0,0,0,0,0,0,-111000,0,0,0,90000,201000,-111000,-111000
9992,031597,矽統國票0B購01,0,0,0,0,0,0,0,0,0,-112000,0,0,0,32000,144000,-112000,-112000
9993,033064,聯電凱基0A購12,3000,0,3000,0,0,0,0,0,0,-115000,0,0,0,55000,170000,-115000,-112000
9994,035090,友達凱基11購05,0,0,0,0,0,0,0,0,0,-112000,0,0,0,0,112000,-112000,-112000
9995,039348,凌陽國票12購01,0,0,0,0,0,0,0,0,0,-112000,0,0,0,12000,124000,-112000,-112000
9996,040164,聯詠元大13購01,0,0,0,0,0,0,0,0,0,-112000,0,0,0,215000,327000,-112000,-112000
9997,3014,聯陽,605000,766000,-161000,0,0,0,0,4000,-4000,52046,23000,9950,13050,106648,67652,38996,-112954
9998,030753,彩晶元大0C購02,0,0,0,0,0,0,0,0,0,-113000,0,0,0,10000,123000,-113000,-113000
9999,030584,巨大元富0A購01,0,0,0,0,0,0,0,0,0,-113000,0,0,0,109000,222000,-113000,-113000
10000,086646,精成科凱基0A購01,0,0,0,0,0,0,0,0,0,-113000,0,0,0,54000,167000,-113000,-113000
10001,087830,技嘉凱基0B購01,0,0,0,0,0,0,0,0,0,-113000,0,0,0,0,113000,-113000,-113000
10002,07555P,康普元富11售01,0,0,0,0,0,0,0,0,0,-113000,0,0,0,12000,125000,-113000,-113000
10003,081484,廣宇凱基0A購01,0,0,0,0,0,0,0,0,0,-113000,0,0,0,36000,149000,-113000,-113000
10004,036078,台達化元大12購01,0,0,0,0,0,0,0,0,0,-113000,0,0,0,13000,126000,-113000,-113000
10005,037331,矽格元富13購01,0,0,0,0,0,0,0,0,0,-113000,0,0,0,92000,205000,-113000,-113000
10006,036806,中鋼元富0C購02,0,0,0,0,0,0,0,0,0,-113000,0,0,0,133000,246000,-113000,-113000
10007,040165,聯詠元大15購01,0,0,0,0,0,0,0,0,0,-113000,0,0,0,80000,193000,-113000,-113000
10008,039722,健策國票12購01,0,0,0,0,0,0,0,0,0,-113000,0,0,0,59000,172000,-113000,-113000
10009,038852,智原富邦13購01,0,0,0,0,0,0,0,0,0,-113000,0,0,0,90000,203000,-113000,-113000
10010,038170,台郡元大11購01,0,0,0,0,0,0,0,0,0,-113000,0,0,0,90000,203000,-113000,-113000
10011,06829P,群創元大0A售12,0,0,0,0,0,0,0,0,0,-113000,0,0,0,9000,122000,-113000,-113000
10012,2405,浩鑫,38000,151000,-113000,0,0,0,0,0,0,0,0,0,0,0,0,0,-113000
10013,2355,敬鵬,314000,404000,-90000,0,0,0,0,0,0,-23199,1006,7205,-6199,1000,18000,-17000,-113199
10014,031125,華新科統一11購01,0,0,0,0,0,0,0,0,0,-114000,0,0,0,0,114000,-114000,-114000
10015,032607,華晶科元大11購01,0,0,0,0,0,0,0,0,0,-114000,0,0,0,110000,224000,-114000,-114000
10016,07584P,聯詠富邦11售02,0,0,0,0,0,0,0,0,0,-114000,0,0,0,6000,120000,-114000,-114000
10017,07255P,聯電元大0B售09,0,0,0,0,0,0,0,0,0,-114000,0,0,0,0,114000,-114000,-114000
10018,038217,新光鋼國泰13購02,0,0,0,0,0,0,0,0,0,-114000,0,0,0,96000,210000,-114000,-114000
10019,038539,日電貿富邦11購01,0,0,0,0,0,0,0,0,0,-114000,0,0,0,1000,115000,-114000,-114000
10020,039106,菱生國票11購01,0,0,0,0,0,0,0,0,0,-114000,0,0,0,34000,148000,-114000,-114000
10021,039236,天鈺國票12購01,0,0,0,0,0,0,0,0,0,-114000,0,0,0,529000,643000,-114000,-114000
10022,039672,長華元富11購01,0,0,0,0,0,0,0,0,0,-114000,0,0,0,20000,134000,-114000,-114000
10023,00700,富邦恒生國企,0,55000,-55000,0,0,0,0,0,0,-60000,0,0,0,60000,120000,-60000,-115000
10024,088230,世紀鋼元富11購01,0,0,0,0,0,0,0,0,0,-115000,0,0,0,0,115000,-115000,-115000
10025,035406,帆宣元富13購01,0,0,0,0,0,0,0,0,0,-115000,0,0,0,30000,145000,-115000,-115000
10026,033843,日月光兆豐0B購01,0,0,0,0,0,0,0,0,0,-115000,0,0,0,19000,134000,-115000,-115000
10027,035775,上銀富邦0C購01,0,0,0,0,0,0,0,0,0,-115000,0,0,0,40000,155000,-115000,-115000
10028,040143,華新康和11購02,0,0,0,0,0,0,0,0,0,-115000,0,0,0,123000,238000,-115000,-115000
10029,05664P,台灣50中信0A售01,0,0,0,0,0,0,0,0,0,-115000,0,0,0,0,115000,-115000,-115000
10030,039159,台化凱基11購01,0,0,0,0,0,0,0,0,0,-115000,0,0,0,60000,175000,-115000,-115000
10031,2462,良得電,25000,140000,-115000,0,0,0,0,0,0,0,0,0,0,0,0,0,-115000
10032,035553,聯詠統一0B購08,0,0,0,0,0,0,0,0,0,-116000,0,0,0,175000,291000,-116000,-116000
10033,088664,華碩元大09購03,0,0,0,0,0,0,0,0,0,-116000,0,0,0,9000,125000,-116000,-116000
10034,07609P,同欣電元富11售04,0,0,0,0,0,0,0,0,0,-116000,0,0,0,20000,136000,-116000,-116000
10035,084149,聯電日盛09購01,0,0,0,0,0,0,0,0,0,-116000,0,0,0,0,116000,-116000,-116000
10036,084937,玉晶光元大0A購01,0,0,0,0,0,0,0,0,0,-116000,0,0,0,34000,150000,-116000,-116000
10037,035187,台積電元富12購18,0,0,0,0,0,0,0,0,0,-116000,0,0,0,0,116000,-116000,-116000
10038,030034,國喬元大0C購01,0,0,0,0,0,0,0,0,0,-117000,0,0,0,17000,134000,-117000,-117000
10039,033253,奇鋐元大11購01,0,0,0,0,0,0,0,0,0,-117000,0,0,0,100000,217000,-117000,-117000
10040,087419,晶豪科統一0C購01,0,0,0,0,0,0,0,0,0,-117000,0,0,0,102000,219000,-117000,-117000
10041,036635,聚鼎凱基0C購01,0,0,0,0,0,0,0,0,0,-117000,0,0,0,186000,303000,-117000,-117000
10042,038330,鼎元凱基14購01,0,0,0,0,0,0,0,0,0,-117000,0,0,0,0,117000,-117000,-117000
10043,034270,矽創國票0C購01,0,0,0,0,0,0,0,0,0,-118000,0,0,0,138000,256000,-118000,-118000
10044,088312,松翰凱基0A購02,0,0,0,0,0,0,0,0,0,-118000,0,0,0,0,118000,-118000,-118000
10045,036581,聯電中信0C購01,0,0,0,0,0,0,0,0,0,-118000,0,0,0,0,118000,-118000,-118000
10046,034701,愛普群益12購01,0,0,0,0,0,0,0,0,0,-118000,0,0,0,12000,130000,-118000,-118000
10047,039238,聚鼎國票12購01,0,0,0,0,0,0,0,0,0,-118000,0,0,0,24000,142000,-118000,-118000
10048,040471,台積電國泰17購02,0,0,0,0,0,0,0,0,0,-118000,0,0,0,1000,119000,-118000,-118000
10049,040457,同欣電兆豐13購03,0,0,0,0,0,0,0,0,0,-118000,0,0,0,0,118000,-118000,-118000
10050,07054P,富邦金元大0B售05,0,0,0,0,0,0,0,0,0,-118000,0,0,0,1000,119000,-118000,-118000
10051,2431,聯昌,93000,211000,-118000,0,0,0,0,0,0,0,0,0,0,0,0,0,-118000
10052,089744,鴻海統一11購08,0,0,0,0,0,0,0,0,0,-118000,0,0,0,0,118000,-118000,-118000
10053,032025,玉晶光日盛0B購01,0,0,0,0,0,0,0,0,0,-119000,0,0,0,0,119000,-119000,-119000
10054,035607,玉晶光元大0C購05,0,0,0,0,0,0,0,0,0,-119000,0,0,0,0,119000,-119000,-119000
10055,085637,聯詠凱基0C購01,0,0,0,0,0,0,0,0,0,-119000,0,0,0,1000,120000,-119000,-119000
10056,034555,聯電富邦11購01,0,0,0,0,0,0,0,0,0,-119000,0,0,0,837000,956000,-119000,-119000
10057,033646,華新統一15購01,0,0,0,0,0,0,0,0,0,-119000,0,0,0,88000,207000,-119000,-119000
10058,034157,新光鋼永豐0B購01,0,0,0,0,0,0,0,0,0,-119000,0,0,0,380000,499000,-119000,-119000
10059,06884P,臺股指群益0A售14,0,0,0,0,0,0,0,0,0,-119000,0,0,0,2000,121000,-119000,-119000
10060,039942,晶心科凱基12購01,0,0,0,0,0,0,0,0,0,-119000,0,0,0,72000,191000,-119000,-119000
10061,1109,信大,122000,240000,-118000,0,0,0,0,0,0,-1000,0,0,0,0,1000,-1000,-119000
10062,1459,聯發,72000,191000,-119000,0,0,0,0,0,0,0,0,0,0,0,0,0,-119000
10063,032832,聯發科富邦14購02,0,0,0,0,0,0,0,0,0,-120000,0,0,0,10000,130000,-120000,-120000
10064,033142,和鑫元大0B購01,0,0,0,0,0,0,0,0,0,-120000,0,0,0,60000,180000,-120000,-120000
10065,031225,彩晶凱基12購02,0,0,0,0,0,0,0,0,0,-120000,0,0,0,10000,130000,-120000,-120000
10066,031200,華夏凱基0B購02,0,0,0,0,0,0,0,0,0,-120000,0,0,0,156000,276000,-120000,-120000
10067,032761,臺指反元大11購06,0,0,0,0,0,0,0,0,0,-120000,0,0,0,0,120000,-120000,-120000
10068,031889,致伸凱基0A購01,0,0,0,0,0,0,0,0,0,-120000,0,0,0,107000,227000,-120000,-120000
10069,086602,南電富邦0B購01,0,0,0,0,0,0,0,0,0,-120000,0,0,0,0,120000,-120000,-120000
10070,086735,鴻海群益0C購01,0,0,0,0,0,0,0,0,0,-120000,0,0,0,0,120000,-120000,-120000
10071,034926,群創富邦11購02,0,0,0,0,0,0,0,0,0,-120000,0,0,0,326000,446000,-120000,-120000
10072,039625,康控元大11購01,0,0,0,0,0,0,0,0,0,-120000,0,0,0,0,120000,-120000,-120000
10073,039504,力成永豐11購01,0,0,0,0,0,0,0,0,0,-120000,0,0,0,128000,248000,-120000,-120000
10074,040492,新唐群益13購04,0,0,0,0,0,0,0,0,0,-120000,0,0,0,10000,130000,-120000,-120000
10075,07195P,台積電元富12售20,0,0,0,0,0,0,0,0,0,-120000,0,0,0,0,120000,-120000,-120000
10076,089025,立積元大11購01,0,0,0,0,0,0,0,0,0,-120000,0,0,0,32000,152000,-120000,-120000
10077,6235,華孚,41000,161000,-120000,0,0,0,0,0,0,0,0,0,0,0,0,0,-120000
10078,6491,晶碩,239000,351317,-112317,0,0,0,0,0,0,-7892,11000,15892,-4892,20000,23000,-3000,-120209
10079,030169,益登國泰0C購01,0,0,0,0,0,0,0,0,0,-121000,0,0,0,21000,142000,-121000,-121000
10080,036415,台玻第一16購01,0,0,0,0,0,0,0,0,0,-121000,0,0,0,6000,127000,-121000,-121000
10081,036971,技嘉兆豐13購01,0,0,0,0,0,0,0,0,0,-121000,0,0,0,0,121000,-121000,-121000
10082,037347,友達第一16購02,0,0,0,0,0,0,0,0,0,-121000,0,0,0,0,121000,-121000,-121000
10083,037240,凌陽元大0C購04,0,0,0,0,0,0,0,0,0,-121000,0,0,0,61000,182000,-121000,-121000
10084,06528P,滬深2X群益09售07,0,0,0,0,0,0,0,0,0,-121000,0,0,0,272000,393000,-121000,-121000
10085,039532,南亞科凱基12購02,0,0,0,0,0,0,0,0,0,-121000,0,0,0,1000,122000,-121000,-121000
10086,1717,長興,823000,929000,-106000,0,0,0,0,1000,-1000,-14636,4000,3636,364,2000,17000,-15000,-121636
10087,032344,群創群益11購02,0,0,0,0,0,0,0,0,0,-122000,0,0,0,0,122000,-122000,-122000
10088,037043,欣興元大0C購06,0,0,0,0,0,0,0,0,0,-122000,0,0,0,113000,235000,-122000,-122000
10089,036490,台郡富邦13購01,0,0,0,0,0,0,0,0,0,-122000,0,0,0,381000,503000,-122000,-122000
10090,036669,京元電國票0C購01,0,0,0,0,0,0,0,0,0,-122000,0,0,0,0,122000,-122000,-122000
10091,034437,允強凱基0B購01,0,0,0,0,0,0,0,0,0,-122000,0,0,0,836000,958000,-122000,-122000
10092,036266,群光群益0C購01,0,0,0,0,0,0,0,0,0,-122000,0,0,0,70000,192000,-122000,-122000
10093,036088,長榮航元大0C購04,0,0,0,0,0,0,0,0,0,-122000,0,0,0,100000,222000,-122000,-122000
10094,038999,友達國泰14購01,0,0,0,0,0,0,0,0,0,-122000,0,0,0,15000,137000,-122000,-122000
10095,034294,萬海中信12購01,0,0,0,0,0,0,0,0,0,-123000,0,0,0,10000,133000,-123000,-123000
10096,033011,國巨麥證0A購02,0,0,0,0,123000,-123000,0,0,0,-123000,0,0,0,0,123000,-123000,-123000
10097,033157,矽創元大0C購02,0,0,0,0,0,0,0,0,0,-123000,0,0,0,626000,749000,-123000,-123000
10098,088785,矽創國票0A購03,0,0,0,0,0,0,0,0,0,-123000,0,0,0,35000,158000,-123000,-123000
10099,035363,中鋼統一0B購08,0,0,0,0,0,0,0,0,0,-123000,0,0,0,3000,126000,-123000,-123000
10100,038545,義隆兆豐14購01,0,0,0,0,0,0,0,0,0,-123000,0,0,0,32000,155000,-123000,-123000
10101,06833P,聯電凱基0A售09,0,0,0,0,0,0,0,0,0,-123000,0,0,0,178000,301000,-123000,-123000
10102,1809,中釉,147000,270000,-123000,0,0,0,0,0,0,0,0,0,0,0,0,0,-123000
10103,033847,華新永豐0B購02,0,0,0,0,0,0,0,0,0,-124000,0,0,0,0,124000,-124000,-124000
10104,036520,京元電群益0C購01,0,0,0,0,0,0,0,0,0,-124000,0,0,0,15000,139000,-124000,-124000
10105,036861,鴻海兆豐12購02,0,0,0,0,0,0,0,0,0,-124000,0,0,0,0,124000,-124000,-124000
10106,037846,金像電富邦0C購01,0,0,0,0,0,0,0,0,0,-124000,0,0,0,0,124000,-124000,-124000
10107,037642,聯電麥證12購01,0,0,0,37000,160000,-123000,0,0,0,-124000,0,0,0,37000,161000,-124000,-124000
10108,06776P,鴻海凱基0A售16,0,0,0,0,0,0,0,0,0,-124000,0,0,0,76000,200000,-124000,-124000
10109,06938P,臺股指凱基0A售21,0,0,0,0,0,0,0,0,0,-124000,0,0,0,12000,136000,-124000,-124000
10110,038270,凌陽元富11購01,0,0,0,0,0,0,0,0,0,-124000,0,0,0,5000,129000,-124000,-124000
10111,039060,T50反1元大14購01,0,0,0,0,0,0,0,0,0,-124000,0,0,0,0,124000,-124000,-124000
10112,039596,南茂國票12購01,0,0,0,0,0,0,0,0,0,-124000,0,0,0,0,124000,-124000,-124000
10113,06532P,聯電兆豐0A售02,0,0,0,0,0,0,0,0,0,-124000,0,0,0,0,124000,-124000,-124000
10114,2497,怡利電,177000,301000,-124000,0,0,0,0,0,0,0,0,0,0,0,0,0,-124000
10115,00692,富邦公司治理,44064,65000,-20936,0,0,0,0,0,0,-103114,0,0,0,789000,892114,-103114,-124050
10116,030219,揚明光凱基0C購01,0,0,0,0,0,0,0,0,0,-125000,0,0,0,15000,140000,-125000,-125000
10117,035542,聯電統一0B購12,0,0,0,0,0,0,0,0,0,-125000,0,0,0,0,125000,-125000,-125000
10118,037498,台表科凱基13購01,0,0,0,0,0,0,0,0,0,-125000,0,0,0,98000,223000,-125000,-125000
10119,03767C,臺股指元大0C牛48,0,0,0,0,0,0,0,0,0,-125000,0,0,0,43000,168000,-125000,-125000
10120,037299,第一銅統一0C購01,0,0,0,0,0,0,0,0,0,-125000,0,0,0,100000,225000,-125000,-125000
10121,034554,滬深2X富邦0C購02,0,0,0,0,0,0,0,0,0,-125000,0,0,0,0,125000,-125000,-125000
10122,06463P,聯發科元大09售05,0,0,0,0,0,0,0,0,0,-125000,0,0,0,0,125000,-125000,-125000
10123,039793,天鈺統一13購01,0,0,0,0,0,0,0,0,0,-125000,0,0,0,78000,203000,-125000,-125000
10124,038935,王品麥證11購01,0,0,0,0,125000,-125000,0,0,0,-125000,0,0,0,0,125000,-125000,-125000
10125,038719,台玻元大12購04,0,0,0,0,0,0,0,0,0,-125000,0,0,0,1000,126000,-125000,-125000
10126,039283,神達永豐11購01,0,0,0,0,0,0,0,0,0,-125000,0,0,0,0,125000,-125000,-125000
10127,038063,愛普群益13購03,0,0,0,0,0,0,0,0,0,-125000,0,0,0,479000,604000,-125000,-125000
10128,1618,合機,121000,246000,-125000,0,0,0,0,0,0,0,0,0,0,0,0,0,-125000
10129,035853,國巨統一0B購08,0,0,0,0,0,0,0,0,0,-126000,0,0,0,2000,128000,-126000,-126000
10130,086059,華邦電統一0A購05,0,0,0,0,0,0,0,0,0,-126000,0,0,0,0,126000,-126000,-126000
10131,083834,矽格凱基0A購01,0,0,0,0,0,0,0,0,0,-126000,0,0,0,628000,754000,-126000,-126000
10132,07484P,強茂元富11售02,0,0,0,0,0,0,0,0,0,-126000,0,0,0,72000,198000,-126000,-126000
10133,036834,矽創群益11購01,0,0,0,0,0,0,0,0,0,-126000,0,0,0,85000,211000,-126000,-126000
10134,03752C,大立光富邦14牛01,0,0,0,0,0,0,0,0,0,-126000,0,0,0,0,126000,-126000,-126000
10135,039262,大立光兆豐11購02,0,0,0,0,0,0,0,0,0,-126000,0,0,0,0,126000,-126000,-126000
10136,039035,聯詠凱基11購04,0,0,0,0,0,0,0,0,0,-126000,0,0,0,62000,188000,-126000,-126000
10137,033058,裕民永豐0A購05,0,0,0,0,0,0,0,0,0,-127000,0,0,0,0,127000,-127000,-127000
10138,031537,中鋼永豐0A購03,0,0,0,0,0,0,0,0,0,-127000,0,0,0,110000,237000,-127000,-127000
10139,032486,全新兆豐0A購01,0,0,0,0,0,0,0,0,0,-127000,0,0,0,13000,140000,-127000,-127000
10140,081950,義隆統一09購01,0,0,0,0,0,0,0,0,0,-127000,0,0,0,0,127000,-127000,-127000
10141,037769,台表科兆豐13購01,0,0,0,0,0,0,0,0,0,-127000,0,0,0,80000,207000,-127000,-127000
10142,034498,新日興元大0C購01,0,0,0,0,0,0,0,0,0,-127000,0,0,0,0,127000,-127000,-127000
10143,038061,GIS群益12購01,0,0,0,0,0,0,0,0,0,-127000,0,0,0,0,127000,-127000,-127000
10144,038251,佳格凱基14購01,0,0,0,0,0,0,0,0,0,-127000,0,0,0,40000,167000,-127000,-127000
10145,1702,南僑,13000,155000,-142000,0,0,0,0,0,0,14958,15000,1892,13108,2000,150,1850,-127042
10146,030335,泰豐群益0B購01,0,0,0,0,0,0,0,0,0,-128000,0,0,0,30000,158000,-128000,-128000
10147,030590,A50正2元大0A購03,0,0,0,0,0,0,0,0,0,-128000,0,0,0,0,128000,-128000,-128000
10148,088755,義隆統一0B購05,0,0,0,0,0,0,0,0,0,-128000,0,0,0,12000,140000,-128000,-128000
10149,035215,聯電第一15購03,0,0,0,0,0,0,0,0,0,-128000,0,0,0,26000,154000,-128000,-128000
10150,035183,鴻海元富12購12,0,0,0,0,0,0,0,0,0,-128000,0,0,0,0,128000,-128000,-128000
10151,033625,矽統元富0B購01,0,0,0,0,0,0,0,0,0,-128000,0,0,0,1000,129000,-128000,-128000
10152,036934,聯發科富邦16購01,0,0,0,0,0,0,0,0,0,-128000,0,0,0,72000,200000,-128000,-128000
10153,036511,長榮航凱基14購01,0,0,0,0,0,0,0,0,0,-128000,0,0,0,30000,158000,-128000,-128000
10154,036390,華新國泰12購02,0,0,0,0,0,0,0,0,0,-128000,0,0,0,39000,167000,-128000,-128000
10155,036431,群光凱基0C購02,0,0,0,0,0,0,0,0,0,-128000,0,0,0,0,128000,-128000,-128000
10156,038838,鴻海麥證13購01,0,0,0,0,128000,-128000,0,0,0,-128000,0,0,0,0,128000,-128000,-128000
10157,040194,群光凱基11購01,0,0,0,0,0,0,0,0,0,-128000,0,0,0,0,128000,-128000,-128000
10158,040391,矽創元大12購03,0,0,0,0,0,0,0,0,0,-128000,0,0,0,35000,163000,-128000,-128000
10159,033069,宏達電凱基0A購02,0,0,0,0,0,0,0,0,0,-129000,0,0,0,0,129000,-129000,-129000
10160,031608,彩晶元富0A購02,0,0,0,0,0,0,0,0,0,-129000,0,0,0,0,129000,-129000,-129000
10161,031574,華邦電凱基0A購09,0,0,0,0,0,0,0,0,0,-129000,0,0,0,701000,830000,-129000,-129000
10162,032444,富邦金元大11購01,0,0,0,0,0,0,0,0,0,-129000,0,0,0,0,129000,-129000,-129000
10163,035116,宏碁兆豐12購01,0,0,0,0,0,0,0,0,0,-129000,0,0,0,0,129000,-129000,-129000
10164,035682,滬深2X凱基12購02,0,0,0,0,0,0,0,0,0,-129000,0,0,0,0,129000,-129000,-129000
10165,088543,鴻海群益0B購04,0,0,0,0,0,0,0,0,0,-129000,0,0,0,1000,130000,-129000,-129000
10166,033885,貿聯元富0B購01,0,0,0,0,0,0,0,0,0,-129000,0,0,0,0,129000,-129000,-129000
10167,037592,健和興群益0C購01,0,0,0,0,0,0,0,0,0,-129000,0,0,0,31000,160000,-129000,-129000
10168,040119,允強永豐11購05,0,0,0,0,0,0,0,0,0,-129000,0,0,0,130000,259000,-129000,-129000
10169,037957,欣興元大0C購11,0,0,0,0,0,0,0,0,0,-129000,0,0,0,128000,257000,-129000,-129000
10170,2348,海悅,211000,324700,-113700,0,0,0,0,0,0,-16000,0,0,0,6000,22000,-16000,-129700
10171,030150,安集凱基12購01,0,0,0,0,0,0,0,0,0,-130000,0,0,0,0,130000,-130000,-130000
10172,088419,瑞昱群益09購01,0,0,0,0,0,0,0,0,0,-130000,0,0,0,146000,276000,-130000,-130000
10173,088679,南茂元大09購02,0,0,0,0,0,0,0,0,0,-130000,0,0,0,207000,337000,-130000,-130000
10174,080816,康那香凱基09購01,0,0,0,0,0,0,0,0,0,-130000,0,0,0,0,130000,-130000,-130000
10175,078121,玉山金元富0C購01,0,0,0,0,0,0,0,0,0,-130000,0,0,0,145000,275000,-130000,-130000
10176,085644,聯電台新08購03,0,0,0,0,0,0,0,0,0,-130000,0,0,0,0,130000,-130000,-130000
10177,087428,聯電元富09購03,0,0,0,0,0,0,0,0,0,-130000,0,0,0,34000,164000,-130000,-130000
10178,034574,A50正2凱基11購01,0,0,0,0,0,0,0,0,0,-130000,0,0,0,0,130000,-130000,-130000
10179,036124,嘉澤群益12購01,0,0,0,0,0,0,0,0,0,-130000,0,0,0,6000,136000,-130000,-130000
10180,039318,春源元大11購04,0,0,0,0,0,0,0,0,0,-130000,0,0,0,70000,200000,-130000,-130000
10181,039398,合勤控群益12購01,0,0,0,0,0,0,0,0,0,-130000,0,0,0,0,130000,-130000,-130000
10182,07096P,東鋼凱基0B售07,0,0,0,0,0,0,0,0,0,-130000,0,0,0,0,130000,-130000,-130000
10183,07132P,臺股指中信13售01,0,0,0,0,0,0,0,0,0,-130000,0,0,0,0,130000,-130000,-130000
10184,089065,台達電凱基09購04,0,0,0,0,0,0,0,0,0,-130000,0,0,0,10000,140000,-130000,-130000
10185,089798,群創康和09購01,0,0,0,0,0,0,0,0,0,-130000,0,0,0,0,130000,-130000,-130000
10186,089742,滬深2X統一0B購04,0,0,0,0,0,0,0,0,0,-130000,0,0,0,0,130000,-130000,-130000
10187,089732,華晶科永豐09購02,0,0,0,0,0,0,0,0,0,-130000,0,0,0,110000,240000,-130000,-130000
10188,033026,京元電國泰0C購01,0,0,0,0,0,0,0,0,0,-131000,0,0,0,50000,181000,-131000,-131000
10189,083219,GIS統一09購01,0,0,0,0,0,0,0,0,0,-131000,0,0,0,21000,152000,-131000,-131000
10190,033784,國巨元大0B購05,0,0,0,0,0,0,0,0,0,-131000,0,0,0,2000,133000,-131000,-131000
10191,036830,凌陽群益11購01,0,0,0,0,0,0,0,0,0,-131000,0,0,0,8000,139000,-131000,-131000
10192,033443,欣興元大12購01,0,0,0,0,0,0,0,0,0,-131000,0,0,0,185000,316000,-131000,-131000
10193,06915P,義隆元大0A售03,0,0,0,0,0,0,0,0,0,-131000,0,0,0,19000,150000,-131000,-131000
10194,073042,旺宏元富0A購01,0,0,0,0,0,0,0,0,0,-131000,0,0,0,24000,155000,-131000,-131000
10195,038025,臺股指凱基13購06,0,0,0,0,0,0,0,0,0,-131000,0,0,0,191000,322000,-131000,-131000
10196,039657,GIS凱基11購01,0,0,0,0,0,0,0,0,0,-131000,0,0,0,49000,180000,-131000,-131000
10197,033097,聯發科元富12購04,0,0,0,0,0,0,0,0,0,-132000,0,0,0,28000,160000,-132000,-132000
10198,034775,鴻海富邦12購01,0,0,0,0,0,0,0,0,0,-132000,0,0,0,523000,655000,-132000,-132000
10199,039408,華邦電永豐11購01,0,0,0,0,0,0,0,0,0,-132000,0,0,0,60000,192000,-132000,-132000
10200,1524,耿鼎,6000,138000,-132000,0,0,0,0,0,0,0,0,0,0,0,0,0,-132000
10201,1536,和大,121000,228000,-107000,0,0,0,0,0,0,-25538,3000,4538,-1538,1000,25000,-24000,-132538
10202,032856,光罩群益0A購04,0,0,0,0,0,0,0,0,0,-133000,0,0,0,168000,301000,-133000,-133000
10203,084024,台郡統一09購02,0,0,0,0,0,0,0,0,0,-133000,0,0,0,522000,655000,-133000,-133000
10204,037246,智原元大11購01,0,0,0,0,0,0,0,0,0,-133000,0,0,0,24000,157000,-133000,-133000
10205,037146,友達元富0C購03,0,0,0,0,0,0,0,0,0,-133000,0,0,0,0,133000,-133000,-133000
10206,034141,聯電凱基0C購04,0,0,0,0,0,0,0,0,0,-133000,0,0,0,28000,161000,-133000,-133000
10207,039572,矽格元富17購01,0,0,0,0,0,0,0,0,0,-133000,0,0,0,24000,157000,-133000,-133000
10208,040044,矽創元富11購01,0,0,0,0,0,0,0,0,0,-133000,0,0,0,44000,177000,-133000,-133000
10209,07300P,儒鴻群益0C售01,0,0,0,0,0,0,0,0,0,-133000,0,0,0,25000,158000,-133000,-133000
10210,030915,致新凱基0B購01,0,0,0,0,0,0,0,0,0,-134000,0,0,0,26000,160000,-134000,-134000
10211,033213,健策群益0B購01,0,0,0,0,0,0,0,0,0,-134000,0,0,0,230000,364000,-134000,-134000
10212,085487,聯電凱基0B購02,0,0,0,0,0,0,0,0,0,-134000,0,0,0,0,134000,-134000,-134000
10213,040473,新唐國泰13購04,0,0,0,0,0,0,0,0,0,-134000,0,0,0,88000,222000,-134000,-134000
10214,031072,華擎元大0B購01,0,0,0,0,0,0,0,0,0,-135000,0,0,0,125000,260000,-135000,-135000
10215,086439,南電中信0A購03,0,0,0,0,0,0,0,0,0,-135000,0,0,0,370000,505000,-135000,-135000
10216,086634,友達凱基0A購01,0,0,0,0,0,0,0,0,0,-135000,0,0,0,0,135000,-135000,-135000
10217,083390,台積電第一17購01,0,0,0,0,0,0,0,0,0,-135000,0,0,0,7000,142000,-135000,-135000
10218,080932,玉晶光國票0A購05,0,0,0,0,0,0,0,0,0,-135000,0,0,0,80000,215000,-135000,-135000
10219,037095,世紀鋼凱基13購01,0,0,0,0,0,0,0,0,0,-135000,0,0,0,9000,144000,-135000,-135000
10220,033398,技嘉台新0B購01,0,0,0,0,0,0,0,0,0,-135000,0,0,0,17000,152000,-135000,-135000
10221,06586P,臺股指凱基0C售11,0,0,0,0,0,0,0,0,0,-135000,0,0,0,5000,140000,-135000,-135000
10222,039968,健策元大11購06,0,0,0,0,0,0,0,0,0,-135000,0,0,0,101000,236000,-135000,-135000
10223,039325,凌陽元大11購01,0,0,0,0,0,0,0,0,0,-135000,0,0,0,63000,198000,-135000,-135000
10224,039083,淳安元大12購01,0,0,0,0,0,0,0,0,0,-135000,0,0,0,73000,208000,-135000,-135000
10225,038027,台郡康和11購01,0,0,0,0,0,0,0,0,0,-135000,0,0,0,114000,249000,-135000,-135000
10226,8271,宇瞻,301000,436000,-135000,0,0,0,0,0,0,0,0,0,0,12000,12000,0,-135000
10227,034317,台化群益0C購01,0,0,0,0,0,0,0,0,0,-136000,0,0,0,0,136000,-136000,-136000
10228,033916,台聚元大0B購03,0,0,0,0,0,0,0,0,0,-136000,0,0,0,31000,167000,-136000,-136000
10229,034186,大成鋼元大0B購10,0,0,0,0,0,0,0,0,0,-136000,0,0,0,131000,267000,-136000,-136000
10230,037896,瑞昱永豐0C購01,0,0,0,0,0,0,0,0,0,-136000,0,0,0,203000,339000,-136000,-136000
10231,038680,華邦電群益11購01,0,0,0,0,0,0,0,0,0,-136000,0,0,0,109000,245000,-136000,-136000
10232,06982P,東鋼元大0A售09,0,0,0,0,0,0,0,0,0,-136000,0,0,0,34000,170000,-136000,-136000
10233,035899,晶技國泰12購01,0,0,0,0,0,0,0,0,0,-137000,0,0,0,2000,139000,-137000,-137000
10234,07567P,大成鋼元富11售03,0,0,0,0,0,0,0,0,0,-137000,0,0,0,2000,139000,-137000,-137000
10235,033906,群創統一0C購11,0,0,0,0,0,0,0,0,0,-137000,0,0,0,284000,421000,-137000,-137000
10236,035567,旺宏元富0C購02,0,0,0,0,0,0,0,0,0,-138000,0,0,0,0,138000,-138000,-138000
10237,031500,台積電元大11購09,0,0,0,0,0,0,0,0,0,-138000,0,0,0,202000,340000,-138000,-138000
10238,086925,精成科兆豐09購01,0,0,0,0,0,0,0,0,0,-138000,0,0,0,11000,149000,-138000,-138000
10239,085646,聯電統一0A購05,0,0,0,0,0,0,0,0,0,-138000,0,0,0,50000,188000,-138000,-138000
10240,038049,億光群益0C購02,0,0,0,0,0,0,0,0,0,-138000,0,0,0,32000,170000,-138000,-138000
10241,040027,旺宏凱基12購01,0,0,0,0,0,0,0,0,0,-138000,0,0,0,163000,301000,-138000,-138000
10242,039794,同欣電統一11購01,0,0,0,0,0,0,0,0,0,-138000,0,0,0,387000,525000,-138000,-138000
10243,089920,臺股指凱基0C購20,0,0,0,0,0,0,0,0,0,-138000,0,0,0,18000,156000,-138000,-138000
10244,032301,台達電永豐0A購01,0,0,0,0,0,0,0,0,0,-139000,0,0,0,0,139000,-139000,-139000
10245,030778,創意麥證0A購01,0,0,0,18000,157000,-139000,0,0,0,-139000,0,0,0,18000,157000,-139000,-139000
10246,035108,愛普元大12購01,0,0,0,0,0,0,0,0,0,-139000,0,0,0,273000,412000,-139000,-139000
10247,040447,京元電富邦13購01,0,0,0,0,0,0,0,0,0,-139000,0,0,0,0,139000,-139000,-139000
10248,040277,旺宏元大13購02,0,0,0,0,0,0,0,0,0,-139000,0,0,0,74000,213000,-139000,-139000
10249,07240P,儒鴻元大0B售02,0,0,0,0,0,0,0,0,0,-139000,0,0,0,102000,241000,-139000,-139000
10250,2897,王道銀行,88000,227000,-139000,0,0,0,0,0,0,0,0,0,0,0,0,0,-139000
10251,3356,奇偶,285000,424000,-139000,0,0,0,0,0,0,0,0,0,0,0,0,0,-139000
10252,6533,晶心科,270000,416000,-146000,0,0,0,10000,0,10000,-3541,13005,15546,-2541,2000,3000,-1000,-139541
10253,030883,宏碁麥證0A購02,0,0,0,0,140000,-140000,0,0,0,-140000,0,0,0,0,140000,-140000,-140000
10254,033077,精成科凱基0A購02,0,0,0,0,0,0,0,0,0,-140000,0,0,0,3000,143000,-140000,-140000
10255,030657,友達永豐0A購01,0,0,0,0,0,0,0,0,0,-140000,0,0,0,0,140000,-140000,-140000
10256,031567,中鋼凱基0A購03,0,0,0,0,0,0,0,0,0,-140000,0,0,0,517000,657000,-140000,-140000
10257,033264,力成元大0B購02,0,0,0,0,0,0,0,0,0,-140000,0,0,0,40000,180000,-140000,-140000
10258,032116,SGBR2X凱基0B購02,0,0,0,0,0,0,0,0,0,-140000,0,0,0,10000,150000,-140000,-140000
10259,031804,中石化元大0B購01,0,0,0,0,0,0,0,0,0,-140000,0,0,0,0,140000,-140000,-140000
10260,085149,華邦電永豐09購01,0,0,0,0,0,0,0,0,0,-140000,0,0,0,0,140000,-140000,-140000
10261,088059,聯詠元大09購05,0,0,0,0,0,0,0,0,0,-140000,0,0,0,175000,315000,-140000,-140000
10262,035181,上銀元富0B購03,0,0,0,0,0,0,0,0,0,-140000,0,0,0,28000,168000,-140000,-140000
10263,034354,中信金元富0B購01,0,0,0,0,0,0,0,0,0,-140000,0,0,0,12000,152000,-140000,-140000
10264,037856,裕民元富13購14,0,0,0,0,0,0,0,0,0,-140000,0,0,0,0,140000,-140000,-140000
10265,07151P,聯電元大0B售03,0,0,0,0,0,0,0,0,0,-140000,0,0,0,0,140000,-140000,-140000
10266,07068P,華邦電元大0B售04,0,0,0,0,0,0,0,0,0,-140000,0,0,0,66000,206000,-140000,-140000
10267,039805,廣宇元大12購03,0,0,0,0,0,0,0,0,0,-140000,0,0,0,0,140000,-140000,-140000
10268,031655,台積電元大11購10,0,0,0,0,0,0,0,0,0,-141000,0,0,0,9000,150000,-141000,-141000
10269,088707,松翰國泰0B購01,0,0,0,0,0,0,0,0,0,-141000,0,0,0,284000,425000,-141000,-141000
10270,087389,宏碁元大11購01,0,0,0,0,0,0,0,0,0,-141000,0,0,0,10000,151000,-141000,-141000
10271,07501P,台灣50元大13售08,0,0,0,0,0,0,0,0,0,-141000,0,0,0,0,141000,-141000,-141000
10272,040403,矽創元富12購01,0,0,0,0,0,0,0,0,0,-141000,0,0,0,0,141000,-141000,-141000
10273,07329P,智邦凱基0C售02,0,0,0,0,0,0,0,0,0,-141000,0,0,0,0,141000,-141000,-141000
10274,3029,零壹,24000,165000,-141000,0,0,0,0,0,0,-120,2000,2120,-120,0,0,0,-141120
10275,07398P,欣興元大0C售09,0,0,0,0,0,0,0,0,0,-142000,0,0,0,328000,470000,-142000,-142000
10276,086274,南茂永豐09購01,0,0,0,0,0,0,0,0,0,-142000,0,0,0,0,142000,-142000,-142000
10277,033960,聯詠富邦11購01,0,0,0,0,0,0,0,0,0,-142000,0,0,0,1000,143000,-142000,-142000
10278,034191,允強元大0B購02,0,0,0,0,0,0,0,0,0,-142000,0,0,0,2000,144000,-142000,-142000
10279,040273,聯電元大13購02,0,0,0,0,0,0,0,0,0,-142000,0,0,0,13000,155000,-142000,-142000
10280,033230,滬深2X元大0B購03,0,0,0,0,0,0,0,0,0,-143000,0,0,0,735000,878000,-143000,-143000
10281,032895,聯陽統一0C購02,0,0,0,0,0,0,0,0,0,-143000,0,0,0,85000,228000,-143000,-143000
10282,035917,中鋼統一0C購15,0,0,0,0,0,0,0,0,0,-143000,0,0,0,0,143000,-143000,-143000
10283,07621P,華通凱基11售01,0,0,0,0,0,0,0,0,0,-143000,0,0,0,7000,150000,-143000,-143000
10284,088218,南茂統一0A購01,0,0,0,0,0,0,0,0,0,-143000,0,0,0,0,143000,-143000,-143000
10285,033661,奇力新統一13購01,0,0,0,0,0,0,0,0,0,-143000,0,0,0,10000,153000,-143000,-143000
10286,035470,台表科國票0C購02,0,0,0,0,0,0,0,0,0,-143000,0,0,0,81000,224000,-143000,-143000
10287,037722,威盛凱基0C購01,0,0,0,0,0,0,0,0,0,-143000,0,0,0,59000,202000,-143000,-143000
10288,039326,凌陽元大13購01,8000,0,8000,0,0,0,0,0,0,-151000,0,0,0,139000,290000,-151000,-143000
10289,039281,凌陽永豐11購02,0,0,0,0,0,0,0,0,0,-143000,0,0,0,295000,438000,-143000,-143000
10290,9911,櫻花,48000,194000,-146000,0,0,0,0,0,0,3000,3000,0,3000,0,0,0,-143000
10291,5388,中磊,279000,368031,-89031,0,0,0,0,50000,-50000,-4731,0,731,-731,0,4000,-4000,-143762
10292,035798,聯電第一15購04,0,0,0,0,0,0,0,0,0,-144000,0,0,0,150000,294000,-144000,-144000
10293,033153,彩晶元大0C購04,0,0,0,0,0,0,0,0,0,-144000,0,0,0,12000,156000,-144000,-144000
10294,030385,佳格元大0A購02,0,0,0,0,0,0,0,0,0,-144000,0,0,0,0,144000,-144000,-144000
10295,087402,聯詠元大11購01,0,0,0,0,0,0,0,0,0,-144000,0,0,0,713000,857000,-144000,-144000
10296,034109,華邦電群益0B購06,0,0,0,0,0,0,0,0,0,-144000,0,0,0,46000,190000,-144000,-144000
10297,036182,聯陽永豐0C購01,0,0,0,0,0,0,0,0,0,-144000,0,0,0,20000,164000,-144000,-144000
10298,07229P,萬海群益13售04,0,0,0,0,0,0,0,0,0,-144000,0,0,0,12000,156000,-144000,-144000
10299,9945,潤泰新,747125,918532,-171407,0,0,0,0,0,0,27222,3000,2778,222,29000,2000,27000,-144185
10300,036719,健策兆豐0C購01,0,0,0,0,0,0,0,0,0,-145000,0,0,0,87000,232000,-145000,-145000
10301,038603,京元電群益11購02,0,0,0,0,0,0,0,0,0,-145000,0,0,0,28000,173000,-145000,-145000
10302,039694,富邦金群益11購05,0,0,0,0,0,0,0,0,0,-145000,0,0,0,11000,156000,-145000,-145000
10303,040715,聯詠元大12購04,0,0,0,0,0,0,0,0,0,-145000,0,0,0,20000,165000,-145000,-145000
10304,06588P,可成元富0C售02,0,0,0,0,0,0,0,0,0,-145000,0,0,0,5000,150000,-145000,-145000
10305,2836,高雄銀,0,145000,-145000,0,0,0,0,0,0,0,0,0,0,0,0,0,-145000
10306,035872,台郡元富13購01,0,0,0,0,0,0,0,0,0,-146000,0,0,0,4000,150000,-146000,-146000
10307,039546,旺宏元大13購01,0,0,0,0,0,0,0,0,0,-146000,0,0,0,40000,186000,-146000,-146000
10308,039329,南亞科元大13購01,0,0,0,0,0,0,0,0,0,-146000,0,0,0,0,146000,-146000,-146000
10309,039088,第一銅元富11購01,0,0,0,0,0,0,0,0,0,-146000,0,0,0,0,146000,-146000,-146000
10310,030301,明基材元富0A購01,0,0,0,0,0,0,0,0,0,-147000,0,0,0,177000,324000,-147000,-147000
10311,087719,松翰統一0B購01,0,0,0,0,0,0,0,0,0,-147000,0,0,0,5000,152000,-147000,-147000
10312,085373,技嘉群益09購02,0,0,0,0,0,0,0,0,0,-147000,0,0,0,0,147000,-147000,-147000
10313,083828,億光凱基0A購01,0,0,0,0,0,0,0,0,0,-147000,0,0,0,363000,510000,-147000,-147000
10314,034106,國巨群益0B購01,0,0,0,0,0,0,0,0,0,-147000,0,0,0,58000,205000,-147000,-147000
10315,033944,中鋼國票0C購01,0,0,0,0,0,0,0,0,0,-147000,0,0,0,69000,216000,-147000,-147000
10316,038280,強茂中信11購01,0,0,0,0,0,0,0,0,0,-147000,0,0,0,274000,421000,-147000,-147000
10317,032867,矽創群益0B購04,0,0,0,0,0,0,0,0,0,-148000,0,0,0,89000,237000,-148000,-148000
10318,030756,力成元大0B購01,0,0,0,0,0,0,0,0,0,-148000,0,0,0,17000,165000,-148000,-148000
10319,033640,台聚統一13購01,0,0,0,0,0,0,0,0,0,-148000,0,0,0,18000,166000,-148000,-148000
10320,033326,玉晶光凱基0B購03,0,0,0,0,0,0,0,0,0,-148000,0,0,0,33000,181000,-148000,-148000
10321,036494,國巨國泰12購03,0,0,0,0,0,0,0,0,0,-148000,0,0,0,0,148000,-148000,-148000
10322,039399,祥碩群益11購01,0,0,0,0,0,0,0,0,0,-148000,0,0,0,73000,221000,-148000,-148000
10323,040269,台化元大13購01,0,0,0,0,0,0,0,0,0,-148000,0,0,0,8000,156000,-148000,-148000
10324,082717,愛普凱基0A購01,0,0,0,0,0,0,0,0,0,-149000,0,0,0,203000,352000,-149000,-149000
10325,033383,矽統元大0B購03,0,0,0,0,0,0,0,0,0,-149000,0,0,0,60000,209000,-149000,-149000
10326,040501,億光永豐12購02,0,0,0,0,0,0,0,0,0,-149000,0,0,0,0,149000,-149000,-149000
10327,040488,友達群益13購03,0,0,0,0,0,0,0,0,0,-149000,0,0,0,5000,154000,-149000,-149000
10328,039360,華東國票12購01,0,0,0,0,0,0,0,0,0,-149000,0,0,0,66000,215000,-149000,-149000
10329,039217,智原元富12購04,0,0,0,0,0,0,0,0,0,-149000,0,0,0,329000,478000,-149000,-149000
10330,039003,TPK國泰13購01,0,0,0,0,0,0,0,0,0,-149000,0,0,0,36000,185000,-149000,-149000
10331,038923,創意元富14購01,0,0,0,0,0,0,0,0,0,-149000,0,0,0,4000,153000,-149000,-149000
10332,038009,宏達電兆豐0C購01,0,0,0,0,0,0,0,0,0,-149000,0,0,0,33000,182000,-149000,-149000
10333,030244,致茂永豐0A購01,0,0,0,0,0,0,0,0,0,-150000,0,0,0,0,150000,-150000,-150000
10334,033282,聯發科統一15購01,0,0,0,0,0,0,0,0,0,-150000,0,0,0,0,150000,-150000,-150000
10335,033474,聯發科凱基13購04,0,0,0,0,0,0,0,0,0,-150000,0,0,0,0,150000,-150000,-150000
10336,034319,華新群益0C購03,0,0,0,0,0,0,0,0,0,-150000,0,0,0,40000,190000,-150000,-150000
10337,035946,臻鼎凱基0C購02,0,0,0,0,0,0,0,0,0,-150000,0,0,0,0,150000,-150000,-150000
10338,082337,愛普統一09購03,0,0,0,0,0,0,0,0,0,-150000,0,0,0,0,150000,-150000,-150000
10339,083337,華邦電統一09購06,0,0,0,0,0,0,0,0,0,-150000,0,0,0,100000,250000,-150000,-150000
10340,07554P,南電凱基11售03,0,0,0,0,0,0,0,0,0,-150000,0,0,0,217000,367000,-150000,-150000
10341,07427P,臺股指元大13售04,0,0,0,0,0,0,0,0,0,-150000,0,0,0,32000,182000,-150000,-150000
10342,087586,華新科元大0C購02,0,0,0,0,0,0,0,0,0,-150000,0,0,0,0,150000,-150000,-150000
10343,088259,中興電兆豐0A購01,0,0,0,0,0,0,0,0,0,-150000,0,0,0,0,150000,-150000,-150000
10344,033563,鴻準永豐0B購01,0,0,0,0,0,0,0,0,0,-150000,0,0,0,0,150000,-150000,-150000
10345,034062,裕民國票0C購01,0,0,0,0,0,0,0,0,0,-150000,0,0,0,0,150000,-150000,-150000
10346,037168,祥碩國泰12購02,0,0,0,0,0,0,0,0,0,-150000,0,0,0,6000,156000,-150000,-150000
10347,038627,安普新元大13購01,0,0,0,0,0,0,0,0,0,-150000,0,0,0,0,150000,-150000,-150000
10348,039987,聯電國票13購02,0,0,0,0,0,0,0,0,0,-150000,0,0,0,0,150000,-150000,-150000
10349,1604,聲寶,33000,188000,-155000,0,0,0,0,0,0,5000,0,0,0,5000,0,5000,-150000
10350,088818,聯詠元大09購10,0,0,0,0,0,0,0,0,0,-150000,0,0,0,50000,200000,-150000,-150000
10351,084278,聯電中信09購03,0,0,0,0,0,0,0,0,0,-151000,0,0,0,9000,160000,-151000,-151000
10352,037245,聯詠元大11購04,0,0,0,0,0,0,0,0,0,-151000,0,0,0,84000,235000,-151000,-151000
10353,035226,貿聯康和0B購01,0,0,0,0,0,0,0,0,0,-151000,0,0,0,125000,276000,-151000,-151000
10354,039905,松翰永豐11購02,0,0,0,0,0,0,0,0,0,-151000,0,0,0,0,151000,-151000,-151000
10355,2903,遠百,10000,161000,-151000,0,0,0,0,0,0,0,0,0,0,0,0,0,-151000
10356,031531,鴻海富邦0C購02,0,0,0,0,0,0,0,0,0,-152000,0,0,0,0,152000,-152000,-152000
10357,040565,滬深2X元大13購06,0,0,0,0,0,0,0,0,0,-152000,0,0,0,0,152000,-152000,-152000
10358,038766,元晶元富14購01,0,0,0,0,0,0,0,0,0,-152000,0,0,0,0,152000,-152000,-152000
10359,07077P,台灣50凱基0C售07,0,0,0,0,0,0,0,0,0,-152000,0,0,0,0,152000,-152000,-152000
10360,5269,祥碩,259000,467212,-208212,0,0,0,45000,25000,20000,36029,57569,24540,33029,9000,6000,3000,-152183
10361,034326,燁輝群益0C購02,0,0,0,0,0,0,0,0,0,-153000,0,0,0,25000,178000,-153000,-153000
10362,034632,亞德客元大0B購03,0,0,0,0,0,0,0,0,0,-153000,0,0,0,42000,195000,-153000,-153000
10363,034656,南電中信12購01,0,0,0,0,0,0,0,0,0,-153000,0,0,0,131000,284000,-153000,-153000
10364,033796,台郡元大0C購02,0,0,0,0,0,0,0,0,0,-153000,0,0,0,12000,165000,-153000,-153000
10365,039085,華東元大11購01,0,0,0,0,0,0,0,0,0,-153000,0,0,0,1280000,1433000,-153000,-153000
10366,038576,宏碁富邦13購01,0,0,0,0,0,0,0,0,0,-153000,0,0,0,0,153000,-153000,-153000
10367,2597,潤弘,20000,173000,-153000,0,0,0,0,0,0,0,0,0,0,0,0,0,-153000
10368,032148,榮運凱基0A購01,0,0,0,0,0,0,0,0,0,-154000,0,0,0,95000,249000,-154000,-154000
10369,030709,群創群益0B購06,0,0,0,0,0,0,0,0,0,-154000,0,0,0,0,154000,-154000,-154000
10370,083872,京元電國票08購01,0,0,0,0,0,0,0,0,0,-154000,0,0,0,0,154000,-154000,-154000
10371,087036,大成鋼凱基13購02,0,0,0,0,0,0,0,0,0,-154000,0,0,0,48000,202000,-154000,-154000
10372,036555,可成元大11購01,0,0,0,0,0,0,0,0,0,-154000,0,0,0,18000,172000,-154000,-154000
10373,036113,愛普中信11購02,0,0,0,0,0,0,0,0,0,-154000,0,0,0,0,154000,-154000,-154000
10374,039906,聯茂永豐11購02,0,0,0,0,0,0,0,0,0,-154000,0,0,0,0,154000,-154000,-154000
10375,2206,三陽工業,35000,186000,-151000,0,0,0,0,0,0,-3000,0,0,0,0,3000,-3000,-154000
10376,1103,嘉泥,37000,191000,-154000,0,0,0,0,0,0,0,0,0,0,0,0,0,-154000
10377,031062,冠德元大0A購01,0,0,0,0,0,0,0,0,0,-155000,0,0,0,55000,210000,-155000,-155000
10378,032231,惠特統一0C購03,0,0,0,0,0,0,0,0,0,-155000,0,0,0,114000,269000,-155000,-155000
10379,035546,光罩統一0C購04,0,0,0,0,0,0,0,0,0,-155000,0,0,0,594000,749000,-155000,-155000
10380,087019,總太永豐09購01,0,0,0,0,0,0,0,0,0,-155000,0,0,0,0,155000,-155000,-155000
10381,034142,鴻海凱基12購02,0,0,0,0,0,0,0,0,0,-155000,0,0,0,0,155000,-155000,-155000
10382,038898,健策永豐11購01,0,0,0,0,0,0,0,0,0,-155000,0,0,0,3000,158000,-155000,-155000
10383,089919,美利達凱基0B購01,0,0,0,0,0,0,0,0,0,-155000,0,0,0,218000,373000,-155000,-155000
10384,089278,聯電元富09購06,0,0,0,0,0,0,0,0,0,-155000,0,0,0,108000,263000,-155000,-155000
10385,4133,亞諾法,120000,275000,-155000,0,0,0,0,0,0,0,0,0,0,0,0,0,-155000
10386,035944,聯德凱基0C購02,0,0,0,0,0,0,0,0,0,-156000,0,0,0,56000,212000,-156000,-156000
10387,083769,聯電永豐08購02,0,0,0,0,0,0,0,0,0,-156000,0,0,0,40000,196000,-156000,-156000
10388,080383,台肥元大09購01,0,0,0,0,0,0,0,0,0,-156000,0,0,0,215000,371000,-156000,-156000
10389,031797,金像電國票0B購01,0,0,0,0,0,0,0,0,0,-157000,0,0,0,72000,229000,-157000,-157000
10390,033257,晶技元大11購01,0,0,0,0,0,0,0,0,0,-157000,0,0,0,91000,248000,-157000,-157000
10391,039120,旺宏富邦11購01,0,0,0,0,0,0,0,0,0,-157000,0,0,0,0,157000,-157000,-157000
10392,040259,凌陽元富11購04,0,0,0,0,0,0,0,0,0,-157000,0,0,0,50000,207000,-157000,-157000
10393,088942,立積統一11購01,0,0,0,0,0,0,0,0,0,-157000,0,0,0,23000,180000,-157000,-157000
10394,2850,新產,20000,177000,-157000,0,0,0,0,0,0,0,0,0,0,0,0,0,-157000
10395,1476,儒鴻,488935,663506,-174571,0,0,0,58000,34149,23851,-7111,0,4111,-4111,0,3000,-3000,-157831
10396,086685,玉晶光統一0B購03,0,0,0,0,0,0,0,0,0,-158000,0,0,0,0,158000,-158000,-158000
10397,034068,華新科富邦13購01,0,0,0,0,0,0,0,0,0,-158000,0,0,0,46000,204000,-158000,-158000
10398,037455,康控元大12購01,0,0,0,0,0,0,0,0,0,-158000,0,0,0,92000,250000,-158000,-158000
10399,037886,偉詮電國泰13購01,0,0,0,0,0,0,0,0,0,-158000,0,0,0,37000,195000,-158000,-158000
10400,040607,智易國票13購01,0,0,0,0,0,0,0,0,0,-158000,0,0,0,10000,168000,-158000,-158000
10401,06033P,台灣50元富0A售01,0,0,0,0,0,0,0,0,0,-158000,0,0,0,68000,226000,-158000,-158000
10402,038690,創意群益11購01,0,0,0,0,0,0,0,0,0,-158000,0,0,0,66000,224000,-158000,-158000
10403,032739,聯電凱基0A購11,0,0,0,0,0,0,0,0,0,-159000,0,0,0,97000,256000,-159000,-159000
10404,030644,友達日盛0C購01,0,0,0,0,0,0,0,0,0,-159000,0,0,0,162000,321000,-159000,-159000
10405,035965,華邦電元大0C購07,0,0,0,0,0,0,0,0,0,-159000,0,0,0,20000,179000,-159000,-159000
10406,086177,日月光元大0C購03,0,0,0,0,0,0,0,0,0,-159000,0,0,0,9000,168000,-159000,-159000
10407,083453,台達電麥證09購01,0,0,0,0,159000,-159000,0,0,0,-159000,0,0,0,0,159000,-159000,-159000
10408,084263,聯電國票09購02,0,0,0,0,0,0,0,0,0,-159000,0,0,0,370000,529000,-159000,-159000
10409,033727,新光金國票11購01,0,0,0,0,0,0,0,0,0,-159000,0,0,0,0,159000,-159000,-159000
10410,038405,矽格凱基15購01,0,0,0,0,0,0,0,0,0,-159000,0,0,0,197000,356000,-159000,-159000
10411,040626,矽創兆豐13購02,0,0,0,0,0,0,0,0,0,-159000,0,0,0,0,159000,-159000,-159000
10412,089066,旺宏凱基0A購03,0,0,0,0,0,0,0,0,0,-159000,0,0,0,100000,259000,-159000,-159000
10413,033141,聯詠元大0A購09,0,0,0,0,0,0,0,0,0,-160000,0,0,0,200000,360000,-160000,-160000
10414,030225,聯德凱基0C購01,0,0,0,0,0,0,0,0,0,-160000,0,0,0,150000,310000,-160000,-160000
10415,03017X,元展17,0,0,0,0,0,0,0,0,0,-160000,0,0,0,10000,170000,-160000,-160000
10416,031344,智易元大0C購02,0,0,0,0,0,0,0,0,0,-160000,0,0,0,0,160000,-160000,-160000
10417,033299,聯電中信13購01,0,0,0,0,0,0,0,0,0,-160000,0,0,0,0,160000,-160000,-160000
10418,088293,廣宇麥證09購01,0,0,0,40000,200000,-160000,0,0,0,-160000,0,0,0,40000,200000,-160000,-160000
10419,088354,微星統一0B購05,0,0,0,0,0,0,0,0,0,-160000,0,0,0,0,160000,-160000,-160000
10420,037300,第一銅統一0C購02,0,0,0,0,0,0,0,0,0,-160000,0,0,0,0,160000,-160000,-160000
10421,037205,矽格凱基0C購01,0,0,0,0,0,0,0,0,0,-160000,0,0,0,167000,327000,-160000,-160000
10422,037159,創意國票11購01,0,0,0,0,0,0,0,0,0,-160000,0,0,0,40000,200000,-160000,-160000
10423,06403P,T50正2凱基0A售02,0,0,0,0,0,0,0,0,0,-160000,0,0,0,0,160000,-160000,-160000
10424,040123,凌陽永豐11購03,0,0,0,0,0,0,0,0,0,-160000,0,0,0,5000,165000,-160000,-160000
10425,039219,景碩元富14購06,0,0,0,0,0,0,0,0,0,-160000,0,0,0,69000,229000,-160000,-160000
10426,039299,聯詠元富11購02,0,0,0,0,0,0,0,0,0,-160000,0,0,0,152000,312000,-160000,-160000
10427,07117P,臺股指麥證0B售07,0,0,0,0,160000,-160000,0,0,0,-160000,0,0,0,0,160000,-160000,-160000
10428,06850P,華邦電康和0A售02,0,0,0,0,0,0,0,0,0,-160000,0,0,0,0,160000,-160000,-160000
10429,033090,華邦電元富0B購02,0,0,0,0,0,0,0,0,0,-161000,0,0,0,30000,191000,-161000,-161000
10430,030733,凌陽元大0A購01,0,0,0,0,0,0,0,0,0,-161000,0,0,0,103000,264000,-161000,-161000
10431,088501,友達元大09購14,0,0,0,0,0,0,0,0,0,-161000,0,0,0,1000,162000,-161000,-161000
10432,037618,友達元大11購03,0,0,0,0,0,0,0,0,0,-161000,0,0,0,0,161000,-161000,-161000
10433,039334,貿聯元大11購01,0,0,0,0,0,0,0,0,0,-161000,0,0,0,6000,167000,-161000,-161000
10434,035871,健策元富0B購02,0,0,0,0,0,0,0,0,0,-162000,0,0,0,158000,320000,-162000,-162000
10435,033757,光罩凱基0B購01,0,0,0,0,0,0,0,0,0,-162000,0,0,0,158000,320000,-162000,-162000
10436,034244,新光鋼統一11購01,0,0,0,0,0,0,0,0,0,-162000,0,0,0,108000,270000,-162000,-162000
10437,07250P,愛普國票0B售03,0,0,0,0,0,0,0,0,0,-162000,0,0,0,0,162000,-162000,-162000
10438,2211,長榮鋼,68000,230000,-162000,0,0,0,0,0,0,0,0,0,0,0,0,0,-162000
10439,2460,建通,538000,700000,-162000,0,0,0,0,0,0,-476,0,476,-476,0,0,0,-162476
10440,031141,華碩富邦0B購01,0,0,0,0,0,0,0,0,0,-163000,0,0,0,5000,168000,-163000,-163000
10441,036135,康控凱基0C購01,0,0,0,0,0,0,0,0,0,-163000,0,0,0,0,163000,-163000,-163000
10442,039351,欣興國票12購04,0,0,0,0,0,0,0,0,0,-163000,0,0,0,0,163000,-163000,-163000
10443,039792,景碩統一13購02,5000,0,5000,0,0,0,0,0,0,-168000,0,0,0,73000,241000,-168000,-163000
10444,06356P,聯電國泰0A售02,0,0,0,0,0,0,0,0,0,-163000,0,0,0,0,163000,-163000,-163000
10445,1603,華電,35000,198000,-163000,0,0,0,0,0,0,0,0,0,0,0,0,0,-163000
10446,089758,巨大統一0B購01,0,0,0,0,0,0,0,0,0,-163000,0,0,0,1160000,1323000,-163000,-163000
10447,9935,慶豐富,10000,173000,-163000,0,0,0,0,0,0,0,0,0,0,0,0,0,-163000
10448,032746,華晶科凱基0C購01,0,0,0,0,0,0,0,0,0,-164000,0,0,0,53000,217000,-164000,-164000
10449,035529,宏達電群益0C購05,0,0,0,0,0,0,0,0,0,-164000,0,0,0,110000,274000,-164000,-164000
10450,038971,T50反1國票12購03,0,0,0,0,0,0,0,0,0,-164000,0,0,0,326000,490000,-164000,-164000
10451,4927,泰鼎-KY,365000,401000,-36000,0,0,0,0,0,0,-128851,3213,147064,-143851,24000,9000,15000,-164851
10452,032745,和鑫凱基0A購01,0,0,0,0,0,0,0,0,0,-165000,0,0,0,366000,531000,-165000,-165000
10453,032981,A50正2元富0A購01,0,0,0,0,0,0,0,0,0,-165000,0,0,0,0,165000,-165000,-165000
10454,085156,華邦電凱基0A購03,0,0,0,0,0,0,0,0,0,-165000,0,0,0,130000,295000,-165000,-165000
10455,036489,創意富邦13購01,0,0,0,0,0,0,0,0,0,-165000,0,0,0,260000,425000,-165000,-165000
10456,039370,中鋼康和11購02,0,0,0,0,0,0,0,0,0,-165000,0,0,0,50000,215000,-165000,-165000
10457,088812,偉詮電元大0B購01,0,0,0,0,0,0,0,0,0,-165000,0,0,0,85000,250000,-165000,-165000
10458,082477,聯電統一09購01,0,0,0,0,0,0,0,0,0,-166000,0,0,0,98000,264000,-166000,-166000
10459,039713,友達國票11購05,0,0,0,0,0,0,0,0,0,-166000,0,0,0,99000,265000,-166000,-166000
10460,031444,宏達電麥證0C購01,0,0,0,189000,349000,-160000,0,0,0,-167000,0,0,0,191000,358000,-167000,-167000
10461,07582P,美時元富11售02,0,0,0,0,0,0,0,0,0,-167000,0,0,0,20000,187000,-167000,-167000
10462,06648P,台灣50凱基0A售05,0,0,0,0,0,0,0,0,0,-167000,0,0,0,3000,170000,-167000,-167000
10463,084044,緯穎元富0A購03,0,0,0,0,0,0,0,0,0,-168000,0,0,0,128000,296000,-168000,-168000
10464,034124,華碩兆豐0B購01,0,0,0,0,0,0,0,0,0,-168000,0,0,0,0,168000,-168000,-168000
10465,035209,華碩康和0B購02,0,0,0,0,0,0,0,0,0,-168000,0,0,0,0,168000,-168000,-168000
10466,037540,日月光元大0C購04,0,0,0,0,0,0,0,0,0,-168000,0,0,0,240000,408000,-168000,-168000
10467,8454,富邦媒,365610,549045,-183435,0,0,0,23000,10000,13000,1505,21695,21190,505,1000,0,1000,-168930
10468,081094,祥碩中信0A購01,0,0,0,0,0,0,0,0,0,-169000,0,0,0,1706000,1875000,-169000,-169000
10469,039685,台表科麥證12購01,0,0,0,53000,222000,-169000,0,0,0,-169000,0,0,0,53000,222000,-169000,-169000
10470,032327,中鋼群益0C購02,3000,0,3000,0,0,0,0,0,0,-173000,0,0,0,61000,234000,-173000,-170000
10471,031279,彩晶統一0C購03,0,0,0,0,0,0,0,0,0,-170000,0,0,0,30000,200000,-170000,-170000
10472,030119,恆大凱基12購01,0,0,0,0,0,0,0,0,0,-170000,0,0,0,0,170000,-170000,-170000
10473,083441,聯詠凱基08購02,0,0,0,0,0,0,0,0,0,-170000,0,0,0,41000,211000,-170000,-170000
10474,088306,技嘉凱基09購01,0,0,0,0,0,0,0,0,0,-170000,0,0,0,0,170000,-170000,-170000
10475,035768,樺漢元富13購01,0,0,0,0,0,0,0,0,0,-170000,0,0,0,0,170000,-170000,-170000
10476,036225,晶碩中信11購01,0,0,0,0,0,0,0,0,0,-170000,0,0,0,0,170000,-170000,-170000
10477,033964,世紀鋼永豐0B購01,0,0,0,0,0,0,0,0,0,-170000,0,0,0,0,170000,-170000,-170000
10478,037184,國巨群益0C購04,0,0,0,0,0,0,0,0,0,-170000,0,0,0,20000,190000,-170000,-170000
10479,1526,日馳,1572000,1760000,-188000,0,0,0,0,0,0,18000,18000,0,18000,0,0,0,-170000
10480,030504,矽格兆豐0B購01,0,0,0,0,0,0,0,0,0,-171000,0,0,0,124000,295000,-171000,-171000
10481,039341,華東元大13購01,0,0,0,0,0,0,0,0,0,-171000,0,0,0,710000,881000,-171000,-171000
10482,06888P,電子類群益0A售02,0,0,0,0,0,0,0,0,0,-171000,0,0,0,67000,238000,-171000,-171000
10483,033029,矽統群益0B購04,0,0,0,0,0,0,0,0,0,-172000,0,0,0,139000,311000,-172000,-172000
10484,031745,台揚凱基14購01,0,0,0,0,0,0,0,0,0,-172000,0,0,0,322000,494000,-172000,-172000
10485,088630,台虹永豐09購01,0,0,0,0,0,0,0,0,0,-172000,0,0,0,32000,204000,-172000,-172000
10486,037343,華通國泰12購01,0,0,0,0,0,0,0,0,0,-172000,0,0,0,18000,190000,-172000,-172000
10487,036636,南茂凱基0C購01,0,0,0,0,0,0,0,0,0,-172000,0,0,0,48000,220000,-172000,-172000
10488,088911,群創群益0A購02,0,0,0,0,0,0,0,0,0,-172000,0,0,0,27000,199000,-172000,-172000
10489,6541,泰福-KY,71000,243000,-172000,0,0,0,0,0,0,0,0,0,0,0,0,0,-172000
10490,088787,精成科富邦0A購01,0,0,0,0,0,0,0,0,0,-173000,0,0,0,4000,177000,-173000,-173000
10491,083882,大立光國泰0B購02,0,0,0,0,0,0,0,0,0,-173000,0,0,0,10000,183000,-173000,-173000
10492,036744,可成元大0C購01,0,0,0,0,0,0,0,0,0,-173000,0,0,0,40000,213000,-173000,-173000
10493,036784,欣興統一0C購04,0,0,0,0,0,0,0,0,0,-173000,0,0,0,262000,435000,-173000,-173000
10494,036825,華邦電國泰12購01,0,0,0,0,0,0,0,0,0,-173000,0,0,0,20000,193000,-173000,-173000
10495,037007,宏達電元富0C購01,0,0,0,0,0,0,0,0,0,-173000,0,0,0,72000,245000,-173000,-173000
10496,06790P,臺股指凱基0A售08,0,0,0,0,0,0,0,0,0,-173000,0,0,0,2000,175000,-173000,-173000
10497,038378,強茂元大11購04,0,0,0,0,0,0,0,0,0,-173000,0,0,0,37000,210000,-173000,-173000
10498,040455,聯陽兆豐13購01,0,0,0,0,0,0,0,0,0,-173000,0,0,0,72000,245000,-173000,-173000
10499,031755,彩晶凱基0C購01,0,0,0,0,0,0,0,0,0,-174000,0,0,0,26000,200000,-174000,-174000
10500,037429,愛普國票12購01,0,0,0,0,0,0,0,0,0,-174000,0,0,0,130000,304000,-174000,-174000
10501,035500,玉晶光國泰12購01,0,0,0,0,0,0,0,0,0,-174000,0,0,0,17000,191000,-174000,-174000
10502,031341,群創元大0A購10,0,0,0,0,0,0,0,0,0,-175000,0,0,0,0,175000,-175000,-175000
10503,086409,京鼎統一0B購01,0,0,0,0,0,0,0,0,0,-175000,0,0,0,0,175000,-175000,-175000
10504,040465,新唐中信12購03,0,0,0,0,0,0,0,0,0,-175000,0,0,0,0,175000,-175000,-175000
10505,039974,啟碁元大11購02,0,0,0,0,0,0,0,0,0,-175000,0,0,0,29000,204000,-175000,-175000
10506,038124,元翎凱基13購01,0,0,0,0,0,0,0,0,0,-175000,0,0,0,10000,185000,-175000,-175000
10507,3019,亞光,348000,502050,-154050,0,0,0,0,0,0,-21132,5096,3228,1868,19000,42000,-23000,-175182
10508,031575,華邦電凱基0C購03,0,0,0,0,0,0,0,0,0,-176000,0,0,0,113000,289000,-176000,-176000
10509,038242,華晶科元大11購02,0,0,0,0,0,0,0,0,0,-176000,0,0,0,422000,598000,-176000,-176000
10510,040353,捷敏群益13購01,0,0,0,0,0,0,0,0,0,-176000,0,0,0,468000,644000,-176000,-176000
10511,07191P,長榮國票12售05,0,0,0,0,0,0,0,0,0,-176000,0,0,0,577000,753000,-176000,-176000
10512,031643,中鋼元大12購01,0,0,0,0,0,0,0,0,0,-177000,0,0,0,0,177000,-177000,-177000
10513,030549,申豐凱基0A購02,0,0,0,0,0,0,0,0,0,-177000,0,0,0,213000,390000,-177000,-177000
10514,085422,日月光元大0A購01,30000,0,30000,0,0,0,0,0,0,-207000,0,0,0,13000,220000,-207000,-177000
10515,082322,華邦電統一09購04,0,0,0,0,0,0,0,0,0,-177000,0,0,0,197000,374000,-177000,-177000
10516,036197,聯詠統一0C購07,0,0,0,0,0,0,0,0,0,-177000,0,0,0,3000,180000,-177000,-177000
10517,034495,大立光元大0B購02,0,0,0,0,0,0,0,0,0,-177000,0,0,0,22000,199000,-177000,-177000
10518,040276,旺宏元大11購07,0,0,0,0,0,0,0,0,0,-177000,0,0,0,52000,229000,-177000,-177000
10519,038077,台郡元富12購01,0,0,0,0,0,0,0,0,0,-177000,0,0,0,0,177000,-177000,-177000
10520,1701,中化,104000,281000,-177000,0,0,0,0,0,0,0,0,0,0,0,0,0,-177000
10521,00710B,FH彭博高收益債,0,167000,-167000,0,0,0,0,0,0,-11000,0,0,0,10000,21000,-11000,-178000
10522,032387,宏達電統一0B購02,0,0,0,0,0,0,0,0,0,-178000,0,0,0,50000,228000,-178000,-178000
10523,085795,晶技元大09購01,0,0,0,0,0,0,0,0,0,-178000,0,0,0,35000,213000,-178000,-178000
10524,038558,中鋼凱基11購09,0,0,0,0,0,0,0,0,0,-178000,0,0,0,0,178000,-178000,-178000
10525,039206,健策元大11購05,0,0,0,0,0,0,0,0,0,-178000,0,0,0,69000,247000,-178000,-178000
10526,07291P,亞德客凱基0C售01,0,0,0,0,0,0,0,0,0,-178000,0,0,0,22000,200000,-178000,-178000
10527,3702,大聯大,1786937,1862500,-75563,0,0,0,1000,19000,-18000,-85000,241000,0,241000,0,326000,-326000,-178563
10528,032646,矽創統一11購01,0,0,0,0,0,0,0,0,0,-179000,0,0,0,129000,308000,-179000,-179000
10529,030323,聯發科麥證12購02,0,0,0,111000,290000,-179000,0,0,0,-179000,0,0,0,111000,290000,-179000,-179000
10530,086673,聯電統一0B購03,0,0,0,0,0,0,0,0,0,-179000,0,0,0,10000,189000,-179000,-179000
10531,088344,智易元大09購03,0,0,0,0,0,0,0,0,0,-179000,0,0,0,0,179000,-179000,-179000
10532,037926,群創群益12購04,0,0,0,0,0,0,0,0,0,-179000,0,0,0,200000,379000,-179000,-179000
10533,039028,台積電凱基12購04,0,0,0,0,0,0,0,0,0,-179000,0,0,0,0,179000,-179000,-179000
10534,039503,泰鼎永豐11購01,0,0,0,0,0,0,0,0,0,-179000,0,0,0,0,179000,-179000,-179000
10535,089631,旺宏凱基13購01,0,0,0,0,0,0,0,0,0,-179000,0,0,0,30000,209000,-179000,-179000
10536,030363,華晶科群益0A購01,0,0,0,0,0,0,0,0,0,-180000,0,0,0,80000,260000,-180000,-180000
10537,030786,南帝凱基0C購01,0,0,0,0,0,0,0,0,0,-180000,0,0,0,0,180000,-180000,-180000
10538,031771,技嘉統一0B購03,0,0,0,0,0,0,0,0,0,-180000,0,0,0,30000,210000,-180000,-180000
10539,088326,鴻海元大09購15,0,0,0,0,0,0,0,0,0,-180000,0,0,0,0,180000,-180000,-180000
10540,07393P,友達元富0C售06,0,0,0,0,0,0,0,0,0,-180000,0,0,0,80000,260000,-180000,-180000
10541,034661,愛普永豐0B購01,0,0,0,0,0,0,0,0,0,-180000,0,0,0,59000,239000,-180000,-180000
10542,040135,華邦電群益11購03,0,0,0,0,0,0,0,0,0,-180000,0,0,0,72000,252000,-180000,-180000
10543,040092,群創國票11購06,0,0,0,0,0,0,0,0,0,-180000,0,0,0,0,180000,-180000,-180000
10544,039073,矽統元大11購01,0,0,0,0,0,0,0,0,0,-180000,0,0,0,527000,707000,-180000,-180000
10545,039195,義隆元大11購02,0,0,0,0,0,0,0,0,0,-180000,0,0,0,65000,245000,-180000,-180000
10546,00733,富邦臺灣中小,15000,33000,-18000,0,0,0,0,0,0,-162067,0,0,0,240000,402067,-162067,-180067
10547,030601,聯電元大0A購03,0,5000,-5000,0,0,0,0,0,0,-176000,0,0,0,308000,484000,-176000,-181000
10548,085048,祥碩元富09購01,0,0,0,0,0,0,0,0,0,-181000,0,0,0,0,181000,-181000,-181000
10549,8404,百和興業-KY,97000,278000,-181000,0,0,0,0,0,0,0,0,0,0,11000,11000,0,-181000
10550,3047,訊舟,33000,215000,-182000,0,0,0,0,0,0,2,2,0,2,0,0,0,-181998
10551,032057,聯詠國票0A購05,0,0,0,0,0,0,0,0,0,-182000,0,0,0,25000,207000,-182000,-182000
10552,032858,矽統群益0B購03,0,0,0,0,0,0,0,0,0,-182000,0,0,0,43000,225000,-182000,-182000
10553,083196,華通統一09購02,0,0,0,0,0,0,0,0,0,-182000,0,0,0,18000,200000,-182000,-182000
10554,083667,聯電統一09購03,0,0,0,0,0,0,0,0,0,-182000,0,0,0,0,182000,-182000,-182000
10555,036137,聯電兆豐12購01,0,0,0,0,0,0,0,0,0,-182000,0,0,0,0,182000,-182000,-182000
10556,039205,健策元大11購04,0,0,0,0,0,0,0,0,0,-182000,0,0,0,272000,454000,-182000,-182000
10557,040401,同欣電元富13購02,0,0,0,0,0,0,0,0,0,-182000,0,0,0,37000,219000,-182000,-182000
10558,3024,憶聲,18000,200000,-182000,0,0,0,0,0,0,0,0,0,0,0,0,0,-182000
10559,032010,電子類群益0A購01,0,0,0,0,0,0,0,0,0,-183000,0,0,0,28000,211000,-183000,-183000
10560,031033,聯發科凱基0B購05,0,0,0,0,0,0,0,0,0,-183000,0,0,0,0,183000,-183000,-183000
10561,040215,捷敏國票11購01,0,0,0,0,0,0,0,0,0,-183000,0,0,0,10000,193000,-183000,-183000
10562,040228,華邦電兆豐13購02,0,0,0,0,0,0,0,0,0,-183000,0,0,0,2000,185000,-183000,-183000
10563,038938,健策麥證11購01,0,0,0,80000,260000,-180000,0,0,0,-183000,0,0,0,112000,295000,-183000,-183000
10564,038464,偉詮電元富11購02,0,0,0,0,0,0,0,0,0,-183000,0,0,0,7000,190000,-183000,-183000
10565,06785P,友達凱基0A售04,0,0,0,0,0,0,0,0,0,-183000,0,0,0,324000,507000,-183000,-183000
10566,2630,亞航,13000,196000,-183000,0,0,0,0,0,0,0,0,0,0,0,0,0,-183000
10567,087430,鴻海元富0C購03,0,0,0,0,0,0,0,0,0,-184000,0,0,0,0,184000,-184000,-184000
10568,087897,美利達元大09購01,0,0,0,0,0,0,0,0,0,-184000,0,0,0,48000,232000,-184000,-184000
10569,036398,欣興中信0C購01,0,0,0,0,0,0,0,0,0,-184000,0,0,0,434000,618000,-184000,-184000
10570,038161,順德元大11購04,0,0,0,0,0,0,0,0,0,-184000,0,0,0,636000,820000,-184000,-184000
10571,039784,聯詠凱基11購05,0,0,0,0,0,0,0,0,0,-184000,0,0,0,49000,233000,-184000,-184000
10572,040443,華晶科國票13購01,0,0,0,0,0,0,0,0,0,-184000,0,0,0,0,184000,-184000,-184000
10573,06613P,臺股指日盛0C售02,0,0,0,0,0,0,0,0,0,-184000,0,0,0,52000,236000,-184000,-184000
10574,089024,立積元大0C購01,0,0,0,0,0,0,0,0,0,-184000,0,0,0,414000,598000,-184000,-184000
10575,089478,旺宏富邦0B購01,0,0,0,0,0,0,0,0,0,-184000,0,0,0,10000,194000,-184000,-184000
10576,032583,中鋼元大0A購13,0,0,0,0,0,0,0,0,0,-185000,0,0,0,2000,187000,-185000,-185000
10577,085436,創意統一0A購01,0,0,0,0,0,0,0,0,0,-185000,0,0,0,140000,325000,-185000,-185000
10578,037305,聯詠統一11購01,0,0,0,0,0,0,0,0,0,-185000,0,0,0,0,185000,-185000,-185000
10579,037271,第一銅永豐0C購01,0,0,0,0,0,0,0,0,0,-185000,0,0,0,47000,232000,-185000,-185000
10580,033818,台達電統一11購01,0,0,0,0,0,0,0,0,0,-185000,0,0,0,298000,483000,-185000,-185000
10581,03761C,T50反1元大0C牛08,0,0,0,0,0,0,0,0,0,-185000,0,0,0,15000,200000,-185000,-185000
10582,040067,健策元大13購01,0,0,0,0,0,0,0,0,0,-185000,0,0,0,282000,467000,-185000,-185000
10583,038710,康普凱基13購01,0,0,0,0,0,0,0,0,0,-185000,0,0,0,130000,315000,-185000,-185000
10584,032797,南茂元大0A購02,0,0,0,0,0,0,0,0,0,-186000,0,0,0,514000,700000,-186000,-186000
10585,037650,聯電凱基0C購11,0,0,0,0,0,0,0,0,0,-186000,0,0,0,208000,394000,-186000,-186000
10586,035329,聯詠元大12購02,0,0,0,0,0,0,0,0,0,-186000,0,0,0,232000,418000,-186000,-186000
10587,2478,大毅,38000,207000,-169000,0,0,0,0,0,0,-17023,3000,23,2977,0,20000,-20000,-186023
10588,031676,松翰元大11購02,0,0,0,0,0,0,0,0,0,-187000,0,0,0,77000,264000,-187000,-187000
10589,033189,華新凱基0B購02,0,0,0,0,0,0,0,0,0,-187000,0,0,0,0,187000,-187000,-187000
10590,036812,超豐元富0C購01,0,0,0,0,0,0,0,0,0,-187000,0,0,0,25000,212000,-187000,-187000
10591,040450,祥碩富邦13購01,0,0,0,0,0,0,0,0,0,-187000,0,0,0,4000,191000,-187000,-187000
10592,035524,儒鴻群益0B購01,0,0,0,0,0,0,0,0,0,-188000,0,0,0,0,188000,-188000,-188000
10593,086573,聯茂元大09購01,0,0,0,0,0,0,0,0,0,-188000,0,0,0,205000,393000,-188000,-188000
10594,033978,聯詠凱基0B購04,0,0,0,0,0,0,0,0,0,-188000,0,0,0,191000,379000,-188000,-188000
10595,034539,燁輝統一0C購04,0,0,0,0,0,0,0,0,0,-188000,0,0,0,988000,1176000,-188000,-188000
10596,036276,中鋼元大12購06,0,0,0,0,0,0,0,0,0,-188000,0,0,0,0,188000,-188000,-188000
10597,039631,聯電永豐11購03,0,0,0,0,0,0,0,0,0,-188000,0,0,0,31000,219000,-188000,-188000
10598,6115,鎰勝,69000,257000,-188000,0,0,0,0,0,0,0,0,0,0,0,0,0,-188000
10599,032420,中鋼元大0A購10,0,0,0,0,0,0,0,0,0,-189000,0,0,0,0,189000,-189000,-189000
10600,032295,彩晶兆豐0A購05,0,0,0,0,0,0,0,0,0,-189000,0,0,0,0,189000,-189000,-189000
10601,031527,南亞富邦0C購01,0,0,0,0,0,0,0,0,0,-189000,0,0,0,172000,361000,-189000,-189000
10602,031009,致茂永豐0A購02,0,0,0,0,0,0,0,0,0,-189000,0,0,0,1000,190000,-189000,-189000
10603,07528P,台灣50群益11售01,0,0,0,0,0,0,0,0,0,-189000,0,0,0,92000,281000,-189000,-189000
10604,034134,聯電第一15購02,0,0,0,0,0,0,0,0,0,-189000,0,0,0,28000,217000,-189000,-189000
10605,037663,裕民第一16購01,0,0,0,0,0,0,0,0,0,-189000,0,0,0,61000,250000,-189000,-189000
10606,032360,凌陽凱基0B購01,0,0,0,0,0,0,0,0,0,-190000,0,0,0,184000,374000,-190000,-190000
10607,078951,全新元富0C購02,0,0,0,0,0,0,0,0,0,-190000,0,0,0,23000,213000,-190000,-190000
10608,086179,同欣電元大08購03,0,0,0,0,0,0,0,0,0,-190000,0,0,0,115000,305000,-190000,-190000
10609,085258,信邦國泰0A購01,0,0,0,0,0,0,0,0,0,-190000,0,0,0,48000,238000,-190000,-190000
10610,037201,台達電凱基0C購01,0,0,0,0,0,0,0,0,0,-190000,0,0,0,0,190000,-190000,-190000
10611,034458,技嘉群益0C購03,0,0,0,0,0,0,0,0,0,-190000,0,0,0,0,190000,-190000,-190000
10612,038406,元晶凱基11購01,0,0,0,0,0,0,0,0,0,-190000,0,0,0,0,190000,-190000,-190000
10613,031090,亞德客群益0A購01,0,0,0,0,0,0,0,0,0,-191000,0,0,0,0,191000,-191000,-191000
10614,036382,台表科國票12購01,0,0,0,0,0,0,0,0,0,-191000,0,0,0,30000,221000,-191000,-191000
10615,037800,上銀元大0C購02,0,0,0,0,0,0,0,0,0,-191000,0,0,0,70000,261000,-191000,-191000
10616,039336,新唐元大11購04,0,0,0,0,0,0,0,0,0,-191000,0,0,0,722000,913000,-191000,-191000
10617,087525,聯詠凱基11購01,0,0,0,0,0,0,0,0,0,-192000,0,0,0,771000,963000,-192000,-192000
10618,037268,聯詠群益11購04,0,0,0,0,0,0,0,0,0,-192000,0,0,0,444000,636000,-192000,-192000
10619,038851,義隆富邦13購01,0,0,0,0,0,0,0,0,0,-192000,0,0,0,219000,411000,-192000,-192000
10620,040087,聯發科國票12購02,0,0,0,0,0,0,0,0,0,-192000,0,0,0,278000,470000,-192000,-192000
10621,2358,廷鑫,2966000,3158000,-192000,0,0,0,0,0,0,-3,0,3,-3,0,0,0,-192003
10622,031520,矽創元大12購01,0,0,0,0,0,0,0,0,0,-193000,0,0,0,29000,222000,-193000,-193000
10623,086706,華邦電元大09購02,0,0,0,0,0,0,0,0,0,-193000,0,0,0,30000,223000,-193000,-193000
10624,088796,華擎群益0A購01,0,0,0,0,0,0,0,0,0,-193000,0,0,0,61000,254000,-193000,-193000
10625,037074,世紀鋼國泰12購01,0,0,0,0,0,0,0,0,0,-193000,0,0,0,0,193000,-193000,-193000
10626,034075,華新元大11購02,0,0,0,0,0,0,0,0,0,-193000,0,0,0,134000,327000,-193000,-193000
10627,035758,聯詠元富0C購03,0,0,0,0,0,0,0,0,0,-193000,0,0,0,81000,274000,-193000,-193000
10628,035309,新光鋼元大0B購05,0,0,0,0,0,0,0,0,0,-193000,0,0,0,220000,413000,-193000,-193000
10629,036044,信邦元富0C購01,0,0,0,0,0,0,0,0,0,-193000,0,0,0,40000,233000,-193000,-193000
10630,040527,聯電凱基12購02,0,0,0,0,0,0,0,0,0,-193000,0,0,0,12000,205000,-193000,-193000
10631,038748,康普元富12購03,0,0,0,0,0,0,0,0,0,-193000,0,0,0,10000,203000,-193000,-193000
10632,039274,精成科凱基11購01,0,0,0,0,0,0,0,0,0,-193000,0,0,0,45000,238000,-193000,-193000
10633,089409,大立光凱基12購01,0,0,0,0,0,0,0,0,0,-193000,0,0,0,133000,326000,-193000,-193000
10634,089551,滬深2X兆豐0B購02,0,0,0,0,0,0,0,0,0,-193000,0,0,0,836000,1029000,-193000,-193000
10635,035816,台表科凱基11購02,0,0,0,0,0,0,0,0,0,-194000,0,0,0,201000,395000,-194000,-194000
10636,087873,華夏元大0A購01,0,0,0,0,0,0,0,0,0,-194000,0,0,0,0,194000,-194000,-194000
10637,082787,瑞昱元富08購01,0,0,0,0,0,0,0,0,0,-194000,0,0,0,0,194000,-194000,-194000
10638,2383,台光電,1139883,1251495,-111612,0,0,0,2000,55000,-53000,-30303,57253,68556,-11303,11000,30000,-19000,-194915
10639,033276,聯電統一11購01,0,0,0,0,0,0,0,0,0,-195000,0,0,0,0,195000,-195000,-195000
10640,030974,凌陽元大0A購02,0,0,0,0,0,0,0,0,0,-195000,0,0,0,113000,308000,-195000,-195000
10641,030836,彩晶中信0A購01,0,0,0,0,0,0,0,0,0,-195000,0,0,0,171000,366000,-195000,-195000
10642,030226,亞翔凱基0B購01,0,0,0,0,0,0,0,0,0,-195000,0,0,0,2000,197000,-195000,-195000
10643,037361,強茂中信0C購02,0,0,0,0,0,0,0,0,0,-195000,0,0,0,117000,312000,-195000,-195000
10644,037649,上銀凱基0C購01,0,0,0,0,0,0,0,0,0,-195000,0,0,0,200000,395000,-195000,-195000
10645,07065P,國泰金元富0B售05,0,0,0,0,0,0,0,0,0,-195000,0,0,0,0,195000,-195000,-195000
10646,1504,東元,2392000,2598000,-206000,0,0,0,0,0,0,10999,11000,1,10999,0,0,0,-195001
10647,1760,寶齡富錦,46000,241000,-195000,0,0,0,0,0,0,-195,1130,1325,-195,8000,8000,0,-195195
10648,088453,瑞軒統一0A購01,0,0,0,0,0,0,0,0,0,-196000,0,0,0,11000,207000,-196000,-196000
10649,037658,景碩凱基12購01,0,0,0,0,0,0,0,0,0,-196000,0,0,0,120000,316000,-196000,-196000
10650,037186,宏達電群益11購01,0,0,0,0,0,0,0,0,0,-196000,0,0,0,105000,301000,-196000,-196000
10651,037189,創意群益0C購01,0,0,0,0,0,0,0,0,0,-196000,0,0,0,30000,226000,-196000,-196000
10652,06917P,群創元大0A售15,0,0,0,0,0,0,0,0,0,-196000,0,0,0,18000,214000,-196000,-196000
10653,040425,超豐凱基13購01,0,0,0,0,0,0,0,0,0,-196000,0,0,0,447000,643000,-196000,-196000
10654,089907,玉晶光凱基0B購02,0,0,0,0,0,0,0,0,0,-196000,0,0,0,26000,222000,-196000,-196000
10655,030606,華邦電元大12購01,0,0,0,0,0,0,0,0,0,-197000,0,0,0,118000,315000,-197000,-197000
10656,088284,聯詠群益0B購01,0,0,0,0,0,0,0,0,0,-197000,0,0,0,20000,217000,-197000,-197000
10657,039355,創意國票12購01,0,0,0,0,0,0,0,0,0,-197000,0,0,0,6000,203000,-197000,-197000
10658,030976,京元電元大0A購01,0,0,0,0,0,0,0,0,0,-198000,0,0,0,15000,213000,-198000,-198000
10659,032437,宏達電元大0A購03,0,0,0,0,0,0,0,0,0,-198000,0,0,0,331000,529000,-198000,-198000
10660,037351,南茂兆豐13購01,0,0,0,0,0,0,0,0,0,-198000,0,0,0,199000,397000,-198000,-198000
10661,039830,開發金康和12購01,0,0,0,0,0,0,0,0,0,-198000,0,0,0,35000,233000,-198000,-198000
10662,00640L,富邦日本正2,0,6000,-6000,0,0,0,0,0,0,-193000,0,0,0,194000,387000,-193000,-199000
10663,037310,第一銅凱基0C購01,0,0,0,0,0,0,0,0,0,-199000,0,0,0,7000,206000,-199000,-199000
10664,033320,華新凱基0C購02,0,0,0,0,0,0,0,0,0,-199000,0,0,0,36000,235000,-199000,-199000
10665,035396,奇鋐永豐0B購01,0,0,0,0,0,0,0,0,0,-199000,0,0,0,0,199000,-199000,-199000
10666,038040,聯電群益13購01,0,0,0,0,0,0,0,0,0,-199000,0,0,0,116000,315000,-199000,-199000
10667,033080,聯電統一14購01,0,0,0,0,0,0,0,0,0,-200000,0,0,0,100000,300000,-200000,-200000
10668,031521,鈺齊元大0A購01,0,0,0,0,0,0,0,0,0,-200000,0,0,0,0,200000,-200000,-200000
10669,032624,臺股指元大0C購10,0,0,0,0,0,0,0,0,0,-200000,0,0,0,0,200000,-200000,-200000
10670,079279,玉晶光國票0A購01,0,0,0,0,0,0,0,0,0,-200000,0,0,0,0,200000,-200000,-200000
10671,07431P,台積電元富13售13,0,0,0,0,0,0,0,0,0,-200000,0,0,0,0,200000,-200000,-200000
10672,07435P,創意元富13售02,0,0,0,0,0,0,0,0,0,-200000,0,0,0,0,200000,-200000,-200000
10673,087583,美律元大09購01,0,0,0,0,0,0,0,0,0,-200000,0,0,0,0,200000,-200000,-200000
10674,087414,台積電統一0B購11,0,0,0,0,0,0,0,0,0,-200000,0,0,0,0,200000,-200000,-200000
10675,087172,鴻海統一09購21,0,0,0,0,0,0,0,0,0,-200000,0,0,0,0,200000,-200000,-200000
10676,085034,T50反1元富12購01,0,0,0,0,0,0,0,0,0,-200000,0,0,0,0,200000,-200000,-200000
10677,085115,宏碁元大09購02,0,0,0,0,0,0,0,0,0,-200000,0,0,0,0,200000,-200000,-200000
10678,086226,亞光統一0A購07,0,0,0,0,0,0,0,0,0,-200000,0,0,0,65000,265000,-200000,-200000
10679,033311,義隆元富0B購02,0,0,0,0,0,0,0,0,0,-200000,0,0,0,0,200000,-200000,-200000
10680,034747,群創元大0B購12,0,0,0,0,0,0,0,0,0,-200000,0,0,0,0,200000,-200000,-200000
10681,037359,旺宏中信0C購01,0,0,0,0,0,0,0,0,0,-200000,0,0,0,0,200000,-200000,-200000
10682,036838,臺股指群益0C購07,0,0,0,0,0,0,0,0,0,-200000,0,0,0,0,200000,-200000,-200000
10683,036633,緯創凱基0C購01,0,0,0,0,0,0,0,0,0,-200000,0,0,0,0,200000,-200000,-200000
10684,036631,友達凱基0C購06,0,0,0,0,0,0,0,0,0,-200000,0,0,0,0,200000,-200000,-200000
10685,038888,創意兆豐11購01,0,0,0,0,0,0,0,0,0,-200000,0,0,0,0,200000,-200000,-200000
10686,039887,松翰群益11購02,0,0,0,0,0,0,0,0,0,-200000,0,0,0,38000,238000,-200000,-200000
10687,040740,文曄國票12購01,0,0,0,0,0,0,0,0,0,-200000,0,0,0,0,200000,-200000,-200000
10688,06877P,宏達電元富0A售02,0,0,0,0,0,0,0,0,0,-200000,0,0,0,0,200000,-200000,-200000
10689,088915,立積群益0C購02,0,0,0,0,0,0,0,0,0,-200000,0,0,0,0,200000,-200000,-200000
10690,085758,同欣電麥證08購01,0,0,0,0,201000,-201000,0,0,0,-201000,0,0,0,0,201000,-201000,-201000
10691,036973,台表科兆豐12購01,0,0,0,0,0,0,0,0,0,-201000,0,0,0,59000,260000,-201000,-201000
10692,037903,貿聯兆豐13購01,0,0,0,0,0,0,0,0,0,-201000,0,0,0,38000,239000,-201000,-201000
10693,031674,晶技元大0C購01,0,0,0,0,0,0,0,0,0,-202000,0,0,0,12000,214000,-202000,-202000
10694,031794,聯電國票0C購02,0,0,0,0,0,0,0,0,0,-202000,0,0,0,257000,459000,-202000,-202000
10695,088256,南茂富邦0A購01,0,0,0,0,0,0,0,0,0,-202000,0,0,0,91000,293000,-202000,-202000
10696,034185,中鋼元大11購02,0,0,0,0,0,0,0,0,0,-202000,0,0,0,0,202000,-202000,-202000
10697,034323,台玻群益11購01,0,0,0,0,0,0,0,0,0,-203000,0,0,0,73000,276000,-203000,-203000
10698,032632,國巨統一0B購05,0,0,0,0,0,0,0,0,0,-203000,0,0,0,0,203000,-203000,-203000
10699,031467,臻鼎群益0C購01,0,0,0,0,0,0,0,0,0,-203000,0,0,0,260000,463000,-203000,-203000
10700,032869,臺指反凱基13購02,0,0,0,0,0,0,0,0,0,-203000,0,0,0,1000,204000,-203000,-203000
10701,031037,聯陽凱基0A購01,0,0,0,0,0,0,0,0,0,-203000,0,0,0,129000,332000,-203000,-203000
10702,087962,鴻海中信0B購04,0,0,0,0,0,0,0,0,0,-203000,0,0,0,0,203000,-203000,-203000
10703,082727,鴻海群益09購04,0,0,0,0,0,0,0,0,0,-203000,0,0,0,0,203000,-203000,-203000
10704,1609,大亞,1430000,1430000,0,0,0,0,0,0,0,-203978,0,978,-978,143000,346000,-203000,-203978
10705,031354,臺股指元大0A購31,0,0,0,0,0,0,0,0,0,-204000,0,0,0,145000,349000,-204000,-204000
10706,032461,華邦電國泰0C購02,0,0,0,0,0,0,0,0,0,-204000,0,0,0,190000,394000,-204000,-204000
10707,035661,愛普國泰12購01,0,0,0,0,0,0,0,0,0,-204000,0,0,0,88000,292000,-204000,-204000
10708,039648,新光鋼凱基11購03,0,0,0,0,0,0,0,0,0,-204000,0,0,0,615000,819000,-204000,-204000
10709,032316,玉晶光永豐0A購05,0,0,0,0,0,0,0,0,0,-205000,0,0,0,0,205000,-205000,-205000
10710,030978,聯發科元大0A購09,0,0,0,0,0,0,0,0,0,-205000,0,0,0,423000,628000,-205000,-205000
10711,037588,台積電群益0C購14,0,0,0,0,0,0,0,0,0,-205000,0,0,0,5000,210000,-205000,-205000
10712,2375,凱美,164000,335000,-171000,0,0,0,0,0,0,-34958,2000,958,1042,0,36000,-36000,-205958
10713,034279,台積電富邦13購02,1000,0,1000,0,0,0,0,0,0,-207000,0,0,0,0,207000,-207000,-206000
10714,084467,聯電凱基08購09,0,0,0,0,0,0,0,0,0,-206000,0,0,0,0,206000,-206000,-206000
10715,037423,順德國票11購02,0,0,0,0,0,0,0,0,0,-206000,0,0,0,108000,314000,-206000,-206000
10716,034762,長榮統一11購06,0,0,0,0,0,0,0,0,0,-206000,0,0,0,0,206000,-206000,-206000
10717,032982,華夏元富0A購03,0,0,0,0,0,0,0,0,0,-207000,0,0,0,0,207000,-207000,-207000
10718,030575,國巨富邦0B購02,0,0,0,0,0,0,0,0,0,-207000,0,0,0,0,207000,-207000,-207000
10719,084499,台表科凱基0B購01,0,0,0,0,0,0,0,0,0,-207000,0,0,0,124000,331000,-207000,-207000
10720,084817,鴻海國票0A購02,0,0,0,0,0,0,0,0,0,-207000,0,0,0,0,207000,-207000,-207000
10721,086073,聯電國泰0A購03,0,0,0,0,0,0,0,0,0,-207000,0,0,0,447000,654000,-207000,-207000
10722,035779,健策富邦0C購02,0,0,0,0,0,0,0,0,0,-207000,0,0,0,663000,870000,-207000,-207000
10723,036466,中鋼元大0C購09,0,0,0,0,0,0,0,0,0,-207000,0,0,0,0,207000,-207000,-207000
10724,040494,惠特群益13購02,0,0,0,0,0,0,0,0,0,-207000,0,0,0,6000,213000,-207000,-207000
10725,1326,台化,2194960,2449523,-254563,0,0,0,1000,3704,-2704,49410,4000,2590,1410,48000,0,48000,-207857
10726,037208,GIS凱基0C購01,0,0,0,0,0,0,0,0,0,-208000,0,0,0,12000,220000,-208000,-208000
10727,039547,宏碁元大13購01,0,0,0,0,0,0,0,0,0,-208000,0,0,0,0,208000,-208000,-208000
10728,038626,台郡元大11購04,0,0,0,0,0,0,0,0,0,-208000,0,0,0,0,208000,-208000,-208000
10729,089642,玉晶光凱基09購06,0,0,0,0,0,0,0,0,0,-208000,0,0,0,5000,213000,-208000,-208000
10730,033092,友達元富12購01,0,0,0,0,0,0,0,0,0,-209000,0,0,0,0,209000,-209000,-209000
10731,032034,台郡富邦0C購01,0,0,0,0,0,0,0,0,0,-209000,0,0,0,31000,240000,-209000,-209000
10732,033352,矽創永豐0B購02,0,0,0,0,0,0,0,0,0,-209000,0,0,0,321000,530000,-209000,-209000
10733,1417,嘉裕,70000,279000,-209000,0,0,0,0,0,0,0,0,0,0,0,0,0,-209000
10734,4722,國精化,87000,296000,-209000,0,0,0,0,0,0,0,0,0,0,0,0,0,-209000
10735,030570,友達日盛0A購02,0,0,0,0,0,0,0,0,0,-210000,0,0,0,0,210000,-210000,-210000
10736,031684,正文中信0A購01,0,0,0,0,0,0,0,0,0,-210000,0,0,0,0,210000,-210000,-210000
10737,080869,台郡統一08購01,0,0,0,0,0,0,0,0,0,-210000,0,0,0,30000,240000,-210000,-210000
10738,037325,愛普富邦11購01,0,0,0,0,0,0,0,0,0,-210000,0,0,0,54000,264000,-210000,-210000
10739,089343,國巨元大0C購06,0,0,0,0,0,0,0,0,0,-210000,0,0,0,50000,260000,-210000,-210000
10740,033185,T50反1凱基12購02,0,0,0,0,0,0,0,0,0,-211000,0,0,0,0,211000,-211000,-211000
10741,035851,新光鋼統一0B購03,0,0,0,0,0,0,0,0,0,-211000,0,0,0,7000,218000,-211000,-211000
10742,036136,愛普凱基11購03,0,0,0,0,0,0,0,0,0,-211000,0,0,0,48000,259000,-211000,-211000
10743,039674,鴻海康和11購01,0,0,0,0,0,0,0,0,0,-211000,0,0,0,0,211000,-211000,-211000
10744,089254,奇力新統一0B購03,0,0,0,0,0,0,0,0,0,-211000,0,0,0,83000,294000,-211000,-211000
10745,036449,聯陽元富13購01,0,0,0,0,0,0,0,0,0,-212000,0,0,0,112000,324000,-212000,-212000
10746,033927,漢唐元大12購01,0,0,0,0,0,0,0,0,0,-212000,0,0,0,0,212000,-212000,-212000
10747,039501,聯詠永豐11購02,0,0,0,0,0,0,0,0,0,-212000,0,0,0,135000,347000,-212000,-212000
10748,038845,矽格麥證11購01,0,0,0,193000,405000,-212000,0,0,0,-212000,0,0,0,193000,405000,-212000,-212000
10749,07343P,臺股指群益0C售10,0,0,0,0,0,0,0,0,0,-212000,0,0,0,20000,232000,-212000,-212000
10750,033048,華新永豐0A購03,0,0,0,0,0,0,0,0,0,-213000,0,0,0,98000,311000,-213000,-213000
10751,030864,王品永豐0A購01,0,0,0,0,0,0,0,0,0,-213000,0,0,0,0,213000,-213000,-213000
10752,035778,宏達電富邦0C購01,0,0,0,0,0,0,0,0,0,-214000,0,0,0,274000,488000,-214000,-214000
10753,039209,矽創元大11購01,0,0,0,0,0,0,0,0,0,-214000,0,0,0,118000,332000,-214000,-214000
10754,038236,新光鋼元大14購01,0,0,0,0,0,0,0,0,0,-214000,0,0,0,49000,263000,-214000,-214000
10755,089313,聯詠國票0A購04,0,0,0,0,0,0,0,0,0,-214000,0,0,0,40000,254000,-214000,-214000
10756,087798,GIS日盛0A購01,0,0,0,0,0,0,0,0,0,-215000,0,0,0,0,215000,-215000,-215000
10757,033705,亞德客國票0C購01,0,0,0,0,0,0,0,0,0,-215000,0,0,0,15000,230000,-215000,-215000
10758,039445,華東元大11購02,0,0,0,0,0,0,0,0,0,-215000,0,0,0,26000,241000,-215000,-215000
10759,038777,光罩凱基13購01,0,0,0,0,0,0,0,0,0,-215000,0,0,0,395000,610000,-215000,-215000
10760,06786P,聯發科凱基0A售06,0,0,0,0,0,0,0,0,0,-215000,0,0,0,34000,249000,-215000,-215000
10761,085288,友達凱基0C購03,0,0,0,0,0,0,0,0,0,-216000,0,0,0,10000,226000,-216000,-216000
10762,036250,晶技凱基11購01,0,0,0,0,0,0,0,0,0,-216000,0,0,0,36000,252000,-216000,-216000
10763,037629,台郡元大0C購04,0,0,0,0,0,0,0,0,0,-216000,0,0,0,138000,354000,-216000,-216000
10764,039000,全新國泰13購01,0,0,0,0,0,0,0,0,0,-216000,0,0,0,94000,310000,-216000,-216000
10765,039076,智原元大11購02,0,0,0,0,0,0,0,0,0,-216000,0,0,0,100000,316000,-216000,-216000
10766,038644,偉詮電國泰13購03,0,0,0,0,0,0,0,0,0,-216000,0,0,0,23000,239000,-216000,-216000
10767,089790,昇陽半凱基11購01,0,0,0,0,0,0,0,0,0,-216000,0,0,0,10000,226000,-216000,-216000
10768,9802,鈺齊-KY,221000,214000,7000,0,0,0,0,223000,-223000,0,0,0,0,0,0,0,-216000
10769,034748,愛普元大0B購02,0,0,0,0,0,0,0,0,0,-217000,0,0,0,619000,836000,-217000,-217000
10770,037093,惠特凱基11購01,0,0,0,0,0,0,0,0,0,-217000,0,0,0,43000,260000,-217000,-217000
10771,030604,友訊元大0A購01,0,0,0,0,0,0,0,0,0,-218000,0,0,0,0,218000,-218000,-218000
10772,035912,聯電永豐0C購02,0,0,0,0,0,0,0,0,0,-218000,0,0,0,0,218000,-218000,-218000
10773,086211,義隆國泰0A購01,0,0,0,0,0,0,0,0,0,-218000,0,0,0,8000,226000,-218000,-218000
10774,07476P,亞德客元大11售01,0,0,0,0,0,0,0,0,0,-218000,0,0,0,52000,270000,-218000,-218000
10775,07365P,台光電康和0C售02,0,0,0,0,0,0,0,0,0,-218000,0,0,0,1000,219000,-218000,-218000
10776,3450,聯鈞,100000,318000,-218000,0,0,0,0,0,0,-910,5103,13,5090,0,6000,-6000,-218910
10777,036603,健策永豐0C購01,0,0,0,0,0,0,0,0,0,-219000,0,0,0,55000,274000,-219000,-219000
10778,034071,S&P反1元大12購01,0,0,0,0,0,0,0,0,0,-219000,0,0,0,0,219000,-219000,-219000
10779,039703,鑫永銓國票11購01,0,0,0,0,0,0,0,0,0,-219000,0,0,0,0,219000,-219000,-219000
10780,039949,智易元富14購01,0,0,0,0,0,0,0,0,0,-219000,0,0,0,24000,243000,-219000,-219000
10781,3021,鴻名,301000,519000,-218000,0,0,0,0,0,0,-1000,0,1000,-1000,0,0,0,-219000
10782,030595,力山元大0C購01,0,0,0,0,0,0,0,0,0,-220000,0,0,0,0,220000,-220000,-220000
10783,031951,中鋼元大0A購07,0,0,0,0,0,0,0,0,0,-220000,0,0,0,0,220000,-220000,-220000
10784,032752,鴻海日盛13購01,0,0,0,0,0,0,0,0,0,-220000,0,0,0,0,220000,-220000,-220000
10785,034904,中鋼元大11購03,0,0,0,0,0,0,0,0,0,-220000,0,0,0,28000,248000,-220000,-220000
10786,040250,飛宏永豐11購01,0,0,0,0,0,0,0,0,0,-220000,0,0,0,0,220000,-220000,-220000
10787,06587P,臺股指凱基0C售12,0,0,0,0,0,0,0,0,0,-220000,0,0,0,50000,270000,-220000,-220000
10788,06575P,儒鴻元大09售02,0,0,0,0,0,0,0,0,0,-220000,0,0,0,0,220000,-220000,-220000
10789,089238,大立光永豐0C購01,0,0,0,0,0,0,0,0,0,-220000,0,0,0,0,220000,-220000,-220000
10790,089087,鴻海統一13購04,0,0,0,0,0,0,0,0,0,-220000,0,0,0,0,220000,-220000,-220000
10791,031842,義隆兆豐0B購01,0,0,0,0,0,0,0,0,0,-221000,0,0,0,39000,260000,-221000,-221000
10792,07506P,景碩凱基11售03,0,0,0,0,0,0,0,0,0,-221000,0,0,0,11000,232000,-221000,-221000
10793,033363,欣興群益0C購02,0,0,0,0,0,0,0,0,0,-221000,0,0,0,1539000,1760000,-221000,-221000
10794,033389,欣興元大0C購01,0,0,0,0,0,0,0,0,0,-221000,0,0,0,64000,285000,-221000,-221000
10795,037961,貿聯元大0C購03,0,0,0,0,0,0,0,0,0,-221000,0,0,0,151000,372000,-221000,-221000
10796,06773P,臺股指群益0A售04,0,0,0,0,0,0,0,0,0,-221000,0,0,0,1000,222000,-221000,-221000
10797,088982,健策元富0A購01,0,0,0,0,0,0,0,0,0,-221000,0,0,0,0,221000,-221000,-221000
10798,033756,旺宏凱基0C購01,0,0,0,0,0,0,0,0,0,-222000,0,0,0,25000,247000,-222000,-222000
10799,040559,矽創統一13購02,0,0,0,0,0,0,0,0,0,-222000,0,0,0,0,222000,-222000,-222000
10800,1457,宜進,69000,291000,-222000,0,0,0,0,0,0,0,4000,3000,1000,0,1000,-1000,-222000
10801,030427,益登元大0A購02,0,0,0,0,0,0,0,0,0,-223000,0,0,0,83000,306000,-223000,-223000
10802,085217,友達國票0A購01,0,0,0,0,0,0,0,0,0,-223000,0,0,0,276000,499000,-223000,-223000
10803,087347,貿聯凱基0B購01,0,0,0,0,0,0,0,0,0,-223000,0,0,0,30000,253000,-223000,-223000
10804,038015,華邦電凱基0C購07,0,0,0,0,0,0,0,0,0,-223000,0,0,0,27000,250000,-223000,-223000
10805,5521,工信,39000,263000,-224000,0,0,0,0,0,0,0,0,0,0,0,0,0,-224000
10806,031268,友達統一0C購02,0,0,0,0,0,0,0,0,0,-225000,0,0,0,0,225000,-225000,-225000
10807,031524,廣宇康和11購01,0,0,0,0,0,0,0,0,0,-225000,0,0,0,45000,270000,-225000,-225000
10808,037090,祥碩凱基11購01,0,0,0,0,0,0,0,0,0,-225000,0,0,0,247000,472000,-225000,-225000
10809,037308,亞德客凱基12購01,0,0,0,0,0,0,0,0,0,-225000,0,0,0,20000,245000,-225000,-225000
10810,033902,聯發科統一15購07,0,0,0,0,0,0,0,0,0,-225000,0,0,0,0,225000,-225000,-225000
10811,037837,偉詮電國票12購01,0,0,0,0,0,0,0,0,0,-225000,0,0,0,26000,251000,-225000,-225000
10812,039900,瑞昱永豐11購01,0,0,0,0,0,0,0,0,0,-225000,0,0,0,125000,350000,-225000,-225000
10813,031055,凌陽元大0A購03,0,0,0,0,0,0,0,0,0,-226000,0,0,0,67000,293000,-226000,-226000
10814,034108,旺宏群益11購02,0,0,0,0,0,0,0,0,0,-226000,0,0,0,0,226000,-226000,-226000
10815,07324P,長榮航國票0C售02,0,0,0,0,0,0,0,0,0,-226000,0,0,0,39000,265000,-226000,-226000
10816,089632,華邦電凱基13購01,0,0,0,0,0,0,0,0,0,-226000,0,0,0,446000,672000,-226000,-226000
10817,1519,華城,115000,337000,-222000,0,0,0,0,0,0,-4523,2158,2681,-523,5000,9000,-4000,-226523
10818,084007,聯電統一09購07,0,0,0,0,0,0,0,0,0,-227000,0,0,0,0,227000,-227000,-227000
10819,038369,燁輝元大11購06,0,0,0,0,0,0,0,0,0,-227000,0,0,0,10000,237000,-227000,-227000
10820,2467,志聖,183000,410000,-227000,0,0,0,0,0,0,0,0,0,0,0,0,0,-227000
10821,038973,T50反1國票14購01,0,0,0,0,0,0,0,0,0,-228000,0,0,0,0,228000,-228000,-228000
10822,040082,聯電國票12購01,15000,30000,-15000,0,0,0,0,0,0,-213000,0,0,0,451000,664000,-213000,-228000
10823,040005,景碩永豐11購04,0,0,0,0,0,0,0,0,0,-228000,0,0,0,170000,398000,-228000,-228000
10824,039535,健策凱基12購01,0,0,0,0,0,0,0,0,0,-228000,0,0,0,0,228000,-228000,-228000
10825,2305,全友,14000,242000,-228000,0,0,0,0,0,0,0,0,0,0,0,0,0,-228000
10826,2511,太子,22000,250000,-228000,0,0,0,0,0,0,-255,1000,0,1000,0,1255,-1255,-228255
10827,031515,聯詠元大0A購07,50000,0,50000,0,0,0,0,0,0,-279000,0,0,0,361000,640000,-279000,-229000
10828,032606,晶技元大0A購04,0,0,0,0,0,0,0,0,0,-229000,0,0,0,44000,273000,-229000,-229000
10829,031963,宏達電元大0A購01,0,0,0,0,0,0,0,0,0,-229000,0,0,0,88000,317000,-229000,-229000
10830,037634,順德元富11購03,0,0,0,0,0,0,0,0,0,-229000,0,0,0,189000,418000,-229000,-229000
10831,088851,永光永豐09購01,0,0,0,0,0,0,0,0,0,-229000,0,0,0,21000,250000,-229000,-229000
10832,033008,矽創元富0C購02,0,0,0,0,0,0,0,0,0,-230000,0,0,0,89000,319000,-230000,-230000
10833,07520P,臺股指元大13售16,0,0,0,0,0,0,0,0,0,-230000,0,0,0,20000,250000,-230000,-230000
10834,085653,華邦電統一0A購03,0,0,0,0,0,0,0,0,0,-230000,0,0,0,460000,690000,-230000,-230000
10835,037934,超豐元富0C購02,0,0,0,0,0,0,0,0,0,-230000,0,0,0,39000,269000,-230000,-230000
10836,040189,T50反1凱基15購01,0,0,0,0,0,0,0,0,0,-230000,0,0,0,0,230000,-230000,-230000
10837,089453,台積電統一13購02,0,0,0,0,0,0,0,0,0,-230000,0,0,0,20000,250000,-230000,-230000
10838,030911,聯陽凱基0B購01,0,0,0,0,0,0,0,0,0,-231000,0,0,0,43000,274000,-231000,-231000
10839,033088,聯電元富0A購03,0,0,0,0,0,0,0,0,0,-231000,0,0,0,0,231000,-231000,-231000
10840,036425,聯電凱基0C購07,0,0,0,0,0,0,0,0,0,-231000,0,0,0,5000,236000,-231000,-231000
10841,038528,康普永豐11購01,0,0,0,0,0,0,0,0,0,-231000,0,0,0,236000,467000,-231000,-231000
10842,030151,臺股指凱基11購04,0,0,0,0,0,0,0,0,0,-232000,0,0,0,598000,830000,-232000,-232000
10843,032303,鴻海永豐0A購05,0,0,0,0,0,0,0,0,0,-232000,0,0,0,100000,332000,-232000,-232000
10844,038747,健策元富13購01,0,0,0,0,0,0,0,0,0,-232000,0,0,0,0,232000,-232000,-232000
10845,031514,聯詠元大0A購06,0,0,0,0,0,0,0,0,0,-233000,0,0,0,400000,633000,-233000,-233000
10846,030043,台積電元大0A購06,0,0,0,0,0,0,0,0,0,-233000,0,0,0,295000,528000,-233000,-233000
10847,033853,健策永豐0B購01,0,0,0,0,0,0,0,0,0,-233000,0,0,0,253000,486000,-233000,-233000
10848,038149,台積電富邦13購05,0,0,0,0,0,0,0,0,0,-233000,0,0,0,0,233000,-233000,-233000
10849,1216,統一,3078815,3304510,-225695,0,0,0,1000,0,1000,-8978,22,0,22,1000,10000,-9000,-233673
10850,039921,盛群中信11購01,0,0,0,0,0,0,0,0,0,-234000,0,0,0,70000,304000,-234000,-234000
10851,006208,富邦台50,38378,53500,-15122,0,0,0,0,0,0,-219231,0,0,0,361000,580231,-219231,-234353
10852,6251,定穎,502000,736000,-234000,0,0,0,0,0,0,-907,4093,0,4093,51000,56000,-5000,-234907
10853,088215,同欣電統一0B購01,0,0,0,0,0,0,0,0,0,-235000,0,0,0,591000,826000,-235000,-235000
10854,038014,旺宏凱基0C購05,0,0,0,0,0,0,0,0,0,-235000,0,0,0,0,235000,-235000,-235000
10855,089354,京元電元大09購03,0,0,0,0,0,0,0,0,0,-235000,0,0,0,138000,373000,-235000,-235000
10856,032855,光罩群益0A購03,0,0,0,0,0,0,0,0,0,-236000,0,0,0,298000,534000,-236000,-236000
10857,086844,華晶科元大09購02,0,0,0,0,0,0,0,0,0,-236000,0,0,0,30000,266000,-236000,-236000
10858,034950,華邦電凱基11購03,0,0,0,0,0,0,0,0,0,-236000,0,0,0,133000,369000,-236000,-236000
10859,034193,鴻準元大0C購01,0,0,0,0,0,0,0,0,0,-236000,0,0,0,0,236000,-236000,-236000
10860,00639,富邦深100,140000,226000,-86000,0,0,0,0,0,0,-150583,0,0,0,475528,626111,-150583,-236583
10861,033365,矽創群益0B購05,0,0,0,0,0,0,0,0,0,-237000,0,0,0,104000,341000,-237000,-237000
10862,038105,同欣電元富11購02,0,0,0,0,0,0,0,0,0,-237000,0,0,0,6000,243000,-237000,-237000
10863,038734,新唐元大12購01,0,0,0,0,0,0,0,0,0,-237000,0,0,0,870000,1107000,-237000,-237000
10864,088891,玉晶光凱基0A購01,0,0,0,0,0,0,0,0,0,-237000,0,0,0,59000,296000,-237000,-237000
10865,089695,惠特元大09購04,0,0,0,0,0,0,0,0,0,-237000,0,0,0,31000,268000,-237000,-237000
10866,040610,天鈺國票12購02,0,0,0,0,0,0,0,0,0,-238000,0,0,0,0,238000,-238000,-238000
10867,07313P,長榮航元大0C售07,0,0,0,0,0,0,0,0,0,-238000,0,0,0,0,238000,-238000,-238000
10868,034990,友達群益0B購09,0,0,0,0,0,0,0,0,0,-239000,0,0,0,10000,249000,-239000,-239000
10869,083670,聯電統一09購06,0,0,0,0,0,0,0,0,0,-240000,0,0,0,0,240000,-240000,-240000
10870,034696,長榮群益11購06,0,0,0,0,0,0,0,0,0,-240000,0,0,0,5000,245000,-240000,-240000
10871,037720,新光鋼凱基11購02,0,0,0,0,0,0,0,0,0,-240000,0,0,0,404000,644000,-240000,-240000
10872,032853,聯電群益0B購07,0,0,0,0,0,0,0,0,0,-241000,0,0,0,21000,262000,-241000,-241000
10873,085621,T50反1凱基0C購05,0,0,0,0,0,0,0,0,0,-241000,0,0,0,70000,311000,-241000,-241000
10874,034243,新光鋼統一0C購03,0,0,0,0,0,0,0,0,0,-241000,0,0,0,1867000,2108000,-241000,-241000
10875,8249,菱光,99000,340000,-241000,0,0,0,0,0,0,0,0,0,0,0,0,0,-241000
10876,030853,南茂兆豐0B購01,0,0,0,0,0,0,0,0,0,-242000,0,0,0,101000,343000,-242000,-242000
10877,030126,台積電凱基0B購06,0,0,0,0,0,0,0,0,0,-242000,0,0,0,0,242000,-242000,-242000
10878,032604,慧洋元大0C購01,0,0,0,0,0,0,0,0,0,-242000,0,0,0,67000,309000,-242000,-242000
10879,037929,台郡群益0C購02,0,0,0,0,0,0,0,0,0,-242000,0,0,0,207000,449000,-242000,-242000
10880,8429,金麗-KY,63000,305000,-242000,0,0,0,0,0,0,0,0,0,0,0,0,0,-242000
10881,2024,志聯,252000,494000,-242000,0,0,0,0,0,0,0,0,0,0,0,0,0,-242000
10882,032400,GIS統一0B購03,0,0,0,0,0,0,0,0,0,-243000,0,0,0,100000,343000,-243000,-243000
10883,031992,聯電群益0B購06,0,0,0,0,0,0,0,0,0,-243000,0,0,0,10000,253000,-243000,-243000
10884,033380,上銀元大0B購01,0,0,0,0,0,0,0,0,0,-243000,0,0,0,47000,290000,-243000,-243000
10885,034203,合勤控元大11購01,0,0,0,0,0,0,0,0,0,-243000,0,0,0,59000,302000,-243000,-243000
10886,038023,長華凱基13購01,0,0,0,0,0,0,0,0,0,-243000,0,0,0,33000,276000,-243000,-243000
10887,089988,松翰元大11購01,0,0,0,0,0,0,0,0,0,-243000,0,0,0,150000,393000,-243000,-243000
10888,031952,中鋼元大12購02,0,0,0,0,0,0,0,0,0,-244000,0,0,0,0,244000,-244000,-244000
10889,081803,中鋼凱基09購01,0,0,0,0,0,0,0,0,0,-244000,0,0,0,21000,265000,-244000,-244000
10890,07372P,台灣50國泰12售01,0,0,0,0,0,0,0,0,0,-244000,0,0,0,2000,246000,-244000,-244000
10891,036646,宏達電統一0C購02,0,0,0,0,0,0,0,0,0,-244000,0,0,0,128000,372000,-244000,-244000
10892,034740,長榮元大11購03,0,0,0,0,0,0,0,0,0,-244000,0,0,0,16000,260000,-244000,-244000
10893,038106,愛普元富11購01,0,0,0,0,0,0,0,0,0,-244000,0,0,0,68000,312000,-244000,-244000
10894,3023,信邦,261753,340000,-78247,0,0,0,0,165000,-165000,-1000,3000,6000,-3000,4000,2000,2000,-244247
10895,032882,玉晶光凱基0A購04,0,0,0,0,0,0,0,0,0,-245000,0,0,0,6000,251000,-245000,-245000
10896,031656,華邦電元大0A購06,0,0,0,0,0,0,0,0,0,-245000,0,0,0,19000,264000,-245000,-245000
10897,030515,松翰群益0A購01,0,0,0,0,0,0,0,0,0,-245000,0,0,0,150000,395000,-245000,-245000
10898,087144,聯詠國票09購02,0,0,0,0,0,0,0,0,0,-245000,0,0,0,290000,535000,-245000,-245000
10899,089027,祥碩元大0B購01,0,0,0,0,0,0,0,0,0,-245000,0,0,0,201000,446000,-245000,-245000
10900,083669,聯電統一09購05,0,0,0,0,0,0,0,0,0,-246000,0,0,0,80000,326000,-246000,-246000
10901,036281,威致元大13購01,0,0,0,0,0,0,0,0,0,-246000,0,0,0,58000,304000,-246000,-246000
10902,035371,南亞凱基0B購02,0,0,0,0,0,0,0,0,0,-246000,0,0,0,320000,566000,-246000,-246000
10903,037686,南亞科元大0C購06,0,0,0,0,0,0,0,0,0,-246000,0,0,0,10000,256000,-246000,-246000
10904,030241,鴻海永豐0A購03,0,0,0,0,0,0,0,0,0,-247000,0,0,0,13000,260000,-247000,-247000
10905,036844,華邦電凱基0C購05,0,0,0,0,0,0,0,0,0,-247000,0,0,0,206000,453000,-247000,-247000
10906,036875,台表科統一0C購01,0,0,0,0,0,0,0,0,0,-247000,0,0,0,357000,604000,-247000,-247000
10907,035936,旺宏凱基0C購02,0,0,0,0,0,0,0,0,0,-248000,0,0,0,142000,390000,-248000,-248000
10908,087296,松翰元大0B購01,0,0,0,0,0,0,0,0,0,-248000,0,0,0,36000,284000,-248000,-248000
10909,087073,聯電統一0A購06,0,0,0,0,0,0,0,0,0,-248000,0,0,0,0,248000,-248000,-248000
10910,038987,天鈺國票11購01,0,0,0,0,0,0,0,0,0,-248000,0,0,0,254000,502000,-248000,-248000
10911,040545,聯電統一13購01,0,0,0,0,0,0,0,0,0,-248000,0,0,0,0,248000,-248000,-248000
10912,07078P,大亞凱基0B售02,0,0,0,0,0,0,0,0,0,-248000,0,0,0,0,248000,-248000,-248000
10913,089954,上証2X元大0B購01,0,0,0,0,0,0,0,0,0,-248000,0,0,0,0,248000,-248000,-248000
10914,037959,晶技元大0C購07,0,0,0,0,0,0,0,0,0,-249000,0,0,0,0,249000,-249000,-249000
10915,035518,華晶科永豐0B購01,0,0,0,0,0,0,0,0,0,-250000,0,0,0,69000,319000,-250000,-250000
10916,031310,滬深2X元大0A購06,0,0,0,0,0,0,0,0,0,-250000,0,0,0,100000,350000,-250000,-250000
10917,031284,華邦電日盛0A購03,0,0,0,0,0,0,0,0,0,-250000,0,0,0,0,250000,-250000,-250000
10918,032016,大立光統一0C購02,0,0,0,0,0,0,0,0,0,-250000,0,0,0,0,250000,-250000,-250000
10919,033188,遠東新凱基11購01,0,0,0,0,0,0,0,0,0,-250000,0,0,0,0,250000,-250000,-250000
10920,086853,南電元大09購04,0,0,0,0,0,0,0,0,0,-250000,0,0,0,3000,253000,-250000,-250000
10921,081931,愛普凱基09購01,0,0,0,0,0,0,0,0,0,-250000,0,0,0,40000,290000,-250000,-250000
10922,088484,新光金富邦0A購01,0,0,0,0,0,0,0,0,0,-250000,0,0,0,0,250000,-250000,-250000
10923,038564,京元電凱基11購02,0,0,0,0,0,0,0,0,0,-250000,0,0,0,0,250000,-250000,-250000
10924,040206,光罩國票12購02,5000,0,5000,0,0,0,0,0,0,-255000,0,0,0,251000,506000,-255000,-250000
10925,088665,華碩元大11購01,0,0,0,0,0,0,0,0,0,-251000,0,0,0,40000,291000,-251000,-251000
10926,086243,同欣電元富0B購02,0,0,0,0,0,0,0,0,0,-251000,0,0,0,10000,261000,-251000,-251000
10927,036727,京元電凱基11購01,0,0,0,0,0,0,0,0,0,-251000,0,0,0,0,251000,-251000,-251000
10928,037774,旺宏凱基0C購04,0,0,0,0,0,0,0,0,0,-251000,0,0,0,407000,658000,-251000,-251000
10929,035402,華邦電元富0C購04,0,0,0,0,0,0,0,0,0,-252000,0,0,0,66000,318000,-252000,-252000
10930,039324,菱生元大12購02,0,0,0,0,0,0,0,0,0,-252000,0,0,0,410000,662000,-252000,-252000
10931,033498,長榮航統一15購01,0,0,0,0,0,0,0,0,0,-253000,0,0,0,26000,279000,-253000,-253000
10932,030016,松翰元富0C購01,0,0,0,0,0,0,0,0,0,-253000,0,0,0,0,253000,-253000,-253000
10933,088521,宏碁國泰0B購01,0,0,0,0,0,0,0,0,0,-253000,0,0,0,6000,259000,-253000,-253000
10934,088209,光寶科統一0B購01,0,0,0,0,0,0,0,0,0,-253000,0,0,0,123000,376000,-253000,-253000
10935,2404,漢唐,187138,395029,-207891,0,0,0,0,2000,-2000,-44053,7000,7053,-53,0,44000,-44000,-253944
10936,032689,聯電永豐0A購04,0,0,0,0,0,0,0,0,0,-254000,0,0,0,90000,344000,-254000,-254000
10937,032156,華東凱基0A購01,0,0,0,0,0,0,0,0,0,-254000,0,0,0,347000,601000,-254000,-254000
10938,034241,大成鋼統一17購01,0,0,0,0,0,0,0,0,0,-254000,0,0,0,89000,343000,-254000,-254000
10939,2345,智邦,911168,1074516,-163348,0,0,0,0,82000,-82000,-8823,8000,11323,-3323,1000,6500,-5500,-254171
10940,032155,惠特凱基0A購02,0,0,0,0,0,0,0,0,0,-255000,0,0,0,1020000,1275000,-255000,-255000
10941,032617,鈺齊元大0A購02,0,0,0,0,0,0,0,0,0,-255000,0,0,0,0,255000,-255000,-255000
10942,086173,群創元大0C購03,0,0,0,0,0,0,0,0,0,-255000,0,0,0,70000,325000,-255000,-255000
10943,084838,致伸統一0A購01,0,0,0,0,0,0,0,0,0,-255000,0,0,0,0,255000,-255000,-255000
10944,07451P,臺股指凱基13售04,0,0,0,0,0,0,0,0,0,-255000,0,0,0,280000,535000,-255000,-255000
10945,039157,台表科群益11購01,0,0,0,0,0,0,0,0,0,-255000,0,0,0,429000,684000,-255000,-255000
10946,040505,祥碩永豐12購01,0,0,0,0,0,0,0,0,0,-255000,0,0,0,0,255000,-255000,-255000
10947,088185,國喬群益0A購01,0,0,0,0,0,0,0,0,0,-256000,0,0,0,128000,384000,-256000,-256000
10948,1783,和康生,1857000,2113000,-256000,0,0,0,0,0,0,0,0,0,0,0,0,0,-256000
10949,033228,聯電康和0B購03,0,0,0,0,0,0,0,0,0,-257000,0,0,0,165000,422000,-257000,-257000
10950,031367,中鋼永豐0A購02,0,0,0,0,0,0,0,0,0,-257000,0,0,0,4000,261000,-257000,-257000
10951,083476,力成統一09購01,0,0,0,0,0,0,0,0,0,-257000,0,0,0,56000,313000,-257000,-257000
10952,040254,天鈺永豐11購03,0,0,0,0,0,0,0,0,0,-257000,0,0,0,28000,285000,-257000,-257000
10953,038133,中鋼群益11購04,0,0,0,0,0,0,0,0,0,-257000,0,0,0,101000,358000,-257000,-257000
10954,083672,金寶統一09購01,0,0,0,0,0,0,0,0,0,-258000,0,0,0,92000,350000,-258000,-258000
10955,086482,義隆統一0B購02,0,0,0,0,0,0,0,0,0,-258000,0,0,0,105000,363000,-258000,-258000
10956,033182,矽創永豐0B購01,0,0,0,0,0,0,0,0,0,-259000,0,0,0,38000,297000,-259000,-259000
10957,033273,TPK富邦0C購01,0,0,0,0,0,0,0,0,0,-260000,0,0,0,0,260000,-260000,-260000
10958,087734,國巨元富13購01,0,0,0,0,0,0,0,0,0,-260000,0,0,0,64000,324000,-260000,-260000
10959,039225,A50正2國票12購01,0,0,0,0,0,0,0,0,0,-260000,0,0,0,0,260000,-260000,-260000
10960,039563,滬深2X元富14購01,0,0,0,0,0,0,0,0,0,-260000,0,0,0,0,260000,-260000,-260000
10961,039480,旺宏國泰13購03,0,0,0,0,0,0,0,0,0,-260000,0,0,0,199000,459000,-260000,-260000
10962,034341,臻鼎群益0C購02,0,0,0,0,0,0,0,0,0,-261000,0,0,0,310000,571000,-261000,-261000
10963,038029,全新富邦13購01,0,0,0,0,0,0,0,0,0,-261000,0,0,0,42000,303000,-261000,-261000
10964,037643,聯電麥證12購02,0,0,0,15000,277000,-262000,0,0,0,-262000,0,0,0,15000,277000,-262000,-262000
10965,039172,智原永豐11購03,0,0,0,0,0,0,0,0,0,-262000,0,0,0,418000,680000,-262000,-262000
10966,040583,新唐元大12購03,0,0,0,0,0,0,0,0,0,-262000,0,0,0,20000,282000,-262000,-262000
10967,06990P,聯發科康和11售02,0,0,0,0,0,0,0,0,0,-262000,0,0,0,0,262000,-262000,-262000
10968,035934,鴻海凱基0C購07,0,0,0,0,0,0,0,0,0,-263000,0,0,0,163000,426000,-263000,-263000
10969,032937,光罩富邦0C購01,0,0,0,0,0,0,0,0,0,-263000,0,0,0,555000,818000,-263000,-263000
10970,030603,廣宇元大12購01,0,0,0,0,0,0,0,0,0,-263000,0,0,0,39000,302000,-263000,-263000
10971,087856,兆豐金國票0A購01,0,0,0,0,0,0,0,0,0,-263000,0,0,0,13000,276000,-263000,-263000
10972,037652,光罩凱基0C購02,0,0,0,0,0,0,0,0,0,-263000,0,0,0,462000,725000,-263000,-263000
10973,039528,中鋼凱基13購04,0,0,0,0,0,0,0,0,0,-263000,0,0,0,10000,273000,-263000,-263000
10974,089074,聯詠凱基0A購02,0,0,0,0,0,0,0,0,0,-263000,0,0,0,22000,285000,-263000,-263000
10975,037539,聯詠元大0C購12,0,0,0,0,0,0,0,0,0,-264000,0,0,0,161000,425000,-264000,-264000
10976,033357,台玻群益0C購01,0,0,0,0,0,0,0,0,0,-264000,0,0,0,159000,423000,-264000,-264000
10977,039668,京元電元富17購01,0,0,0,0,0,0,0,0,0,-264000,0,0,0,10000,274000,-264000,-264000
10978,3062,建漢,646000,910000,-264000,0,0,0,0,0,0,0,0,0,0,0,0,0,-264000
10979,035691,泰鼎凱基0C購01,0,0,0,0,0,0,0,0,0,-265000,0,0,0,0,265000,-265000,-265000
10980,039561,精成科元大12購01,0,0,0,0,0,0,0,0,0,-265000,0,0,0,54000,319000,-265000,-265000
10981,083864,鴻海國票0A購01,0,0,0,0,0,0,0,0,0,-266000,0,0,0,0,266000,-266000,-266000
10982,2428,興勤,100000,300000,-200000,0,0,0,0,1000,-1000,-65000,3000,58000,-55000,6000,16000,-10000,-266000
10983,1444,力麗,288000,551000,-263000,0,0,0,0,0,0,-4000,0,0,0,14000,18000,-4000,-267000
10984,031081,惠特元大0B購02,0,0,0,0,0,0,0,0,0,-268000,0,0,0,301000,569000,-268000,-268000
10985,034802,京元電凱基0B購01,0,0,0,0,0,0,0,0,0,-268000,0,0,0,12000,280000,-268000,-268000
10986,040388,臻鼎元大12購02,0,0,0,0,0,0,0,0,0,-268000,0,0,0,0,268000,-268000,-268000
10987,039296,凌陽元富11購02,0,0,0,0,0,0,0,0,0,-268000,0,0,0,0,268000,-268000,-268000
10988,039337,盛群元大12購01,0,0,0,0,0,0,0,0,0,-268000,0,0,0,209000,477000,-268000,-268000
10989,6573,虹揚-KY,296000,564000,-268000,0,0,0,0,0,0,0,0,0,0,0,0,0,-268000
10990,033692,華擎元大0B購02,0,0,0,0,0,0,0,0,0,-269000,0,0,0,10000,279000,-269000,-269000
10991,032670,聯詠富邦13購01,0,0,0,0,0,0,0,0,0,-270000,0,0,0,2231000,2501000,-270000,-270000
10992,035521,滬深2X群益0B購02,0,0,0,0,0,0,0,0,0,-270000,0,0,0,0,270000,-270000,-270000
10993,082627,欣興國票08購01,0,0,0,0,0,0,0,0,0,-270000,0,0,0,0,270000,-270000,-270000
10994,034440,超豐凱基0B購01,0,0,0,0,0,0,0,0,0,-270000,0,0,0,29000,299000,-270000,-270000
10995,039369,健策中信11購01,0,0,0,0,0,0,0,0,0,-270000,0,0,0,0,270000,-270000,-270000
10996,07227P,台灣50富邦0C售03,0,0,0,0,0,0,0,0,0,-270000,0,0,0,0,270000,-270000,-270000
10997,089492,台積電元富0C購22,0,0,0,0,0,0,0,0,0,-270000,0,0,0,0,270000,-270000,-270000
10998,034844,A50正2元大12購01,0,0,0,0,0,0,0,0,0,-271000,0,0,0,0,271000,-271000,-271000
10999,034533,華新統一11購04,0,0,0,0,0,0,0,0,0,-271000,0,0,0,68000,339000,-271000,-271000
11000,037761,T50反1兆豐15購01,0,0,0,0,0,0,0,0,0,-271000,0,0,0,0,271000,-271000,-271000
11001,039176,台玻元大14購01,0,0,0,0,0,0,0,0,0,-271000,0,0,0,22000,293000,-271000,-271000
11002,088702,華碩國泰0B購02,0,0,0,0,0,0,0,0,0,-272000,0,0,0,0,272000,-272000,-272000
11003,039863,矽格國票12購02,0,0,0,0,0,0,0,0,0,-272000,0,0,0,30000,302000,-272000,-272000
11004,083139,欣興凱基0A購01,0,0,0,0,0,0,0,0,0,-273000,0,0,0,61000,334000,-273000,-273000
11005,036342,台表科元富12購02,0,0,0,0,0,0,0,0,0,-273000,0,0,0,48000,321000,-273000,-273000
11006,039729,欣興富邦13購02,0,0,0,0,0,0,0,0,0,-273000,0,0,0,303000,576000,-273000,-273000
11007,040546,鴻海統一13購07,0,0,0,0,0,0,0,0,0,-273000,0,0,0,0,273000,-273000,-273000
11008,2387,精元,362000,494000,-132000,0,0,0,0,133000,-133000,-8000,2000,0,2000,0,10000,-10000,-273000
11009,030406,超豐元大0A購01,0,0,0,0,0,0,0,0,0,-274000,0,0,0,707000,981000,-274000,-274000
11010,088763,日月光日盛0A購01,0,0,0,0,0,0,0,0,0,-274000,0,0,0,0,274000,-274000,-274000
11011,030394,鴻海元大12購03,0,0,0,0,0,0,0,0,0,-275000,0,0,0,5000,280000,-275000,-275000
11012,030577,日月光富邦0B購01,0,0,0,0,0,0,0,0,0,-275000,0,0,0,438000,713000,-275000,-275000
11013,036759,光罩國票11購01,0,0,0,0,0,0,0,0,0,-275000,0,0,0,163000,438000,-275000,-275000
11014,039124,欣興兆豐14購01,0,0,0,0,0,0,0,0,0,-275000,0,0,0,0,275000,-275000,-275000
11015,06995P,宏達電凱基0B售01,0,0,0,0,0,0,0,0,0,-275000,0,0,0,24000,299000,-275000,-275000
11016,031826,百和元大0B購01,0,0,0,0,0,0,0,0,0,-276000,0,0,0,24000,300000,-276000,-276000
11017,1414,東和,11000,287000,-276000,0,0,0,0,0,0,0,0,0,0,0,0,0,-276000
11018,036253,同欣電凱基11購01,0,0,0,0,0,0,0,0,0,-277000,0,0,0,410000,687000,-277000,-277000
11019,038175,允強中信11購02,0,0,0,0,0,0,0,0,0,-277000,0,0,0,167000,444000,-277000,-277000
11020,040368,華晶科永豐12購01,0,0,0,0,0,0,0,0,0,-277000,0,0,0,0,277000,-277000,-277000
11021,2472,立隆電,155000,425000,-270000,0,0,0,0,0,0,-7000,35000,35000,0,0,7000,-7000,-277000
11022,033227,聯電康和0B購02,0,0,0,0,0,0,0,0,0,-278000,0,0,0,32000,310000,-278000,-278000
11023,088474,長華元富09購02,0,0,0,0,0,0,0,0,0,-278000,0,0,0,181000,459000,-278000,-278000
11024,07340P,健策元富0C售02,0,0,0,0,0,0,0,0,0,-278000,0,0,0,8000,286000,-278000,-278000
11025,033293,日月光統一15購02,0,0,0,0,0,0,0,0,0,-279000,0,0,0,14000,293000,-279000,-279000
11026,07394P,聯發科元富0C售08,0,0,0,0,0,0,0,0,0,-279000,0,0,0,0,279000,-279000,-279000
11027,036730,健策凱基11購01,0,0,0,0,0,0,0,0,0,-279000,0,0,0,98000,377000,-279000,-279000
11028,036945,聯陽中信0C購01,0,0,0,0,0,0,0,0,0,-280000,0,0,0,45000,325000,-280000,-280000
11029,039224,滬深2X國票12購02,0,0,0,0,0,0,0,0,0,-280000,0,0,0,10000,290000,-280000,-280000
11030,034206,台表科元大11購01,0,0,0,0,0,0,0,0,0,-281000,0,0,0,422000,703000,-281000,-281000
11031,033340,華通永豐0B購01,0,11000,-11000,0,0,0,0,0,0,-270000,0,0,0,545000,815000,-270000,-281000
11032,039339,同欣電元大11購05,0,0,0,0,0,0,0,0,0,-281000,0,0,0,236000,517000,-281000,-281000
11033,089861,美利達元大0B購01,0,0,0,0,0,0,0,0,0,-281000,0,0,0,450000,731000,-281000,-281000
11034,032625,臺股指元大0C購11,0,0,0,0,0,0,0,0,0,-282000,0,0,0,2000,284000,-282000,-282000
11035,036015,矽創凱基11購01,0,0,0,0,0,0,0,0,0,-282000,0,0,0,264000,546000,-282000,-282000
11036,038954,全新元大11購01,0,0,0,0,0,0,0,0,0,-284000,0,0,0,70000,354000,-284000,-284000
11037,4938,和碩,3584938,3699822,-114884,0,0,0,0,1216,-1216,-168619,2000,1619,381,6000,175000,-169000,-284719
11038,2008,高興昌,63000,348000,-285000,0,0,0,0,0,0,0,0,0,0,0,0,0,-285000
11039,033246,義隆元大0B購03,0,0,0,0,0,0,0,0,0,-286000,0,0,0,1023000,1309000,-286000,-286000
11040,088568,聯發科凱基09購09,0,0,0,0,0,0,0,0,0,-286000,0,0,0,209000,495000,-286000,-286000
11041,1806,冠軍,40000,326000,-286000,0,0,0,0,0,0,0,0,0,0,0,0,0,-286000
11042,8222,寶一,55000,341000,-286000,0,0,0,0,0,0,0,0,0,0,0,0,0,-286000
11043,031443,矽統麥證0B購01,0,0,0,486000,772000,-286000,0,0,0,-287000,0,0,0,486000,773000,-287000,-287000
11044,037971,GIS富邦13購01,0,0,0,0,0,0,0,0,0,-287000,0,0,0,48000,335000,-287000,-287000
11045,089452,台積電統一12購02,0,0,0,0,0,0,0,0,0,-287000,0,0,0,10000,297000,-287000,-287000
11046,1201,味全,42000,325000,-283000,0,0,0,0,0,0,-5000,0,0,0,0,5000,-5000,-288000
11047,071853,旺宏元富09購03,0,0,0,0,0,0,0,0,0,-289000,0,0,0,6000,295000,-289000,-289000
11048,3025,星通,67000,356000,-289000,0,0,0,0,0,0,0,0,0,0,0,0,0,-289000
11049,00641R,富邦日本反1,0,0,0,0,0,0,0,0,0,-290000,0,0,0,140000,430000,-290000,-290000
11050,035733,中鋼國票0C購07,0,0,0,0,0,0,0,0,0,-290000,0,0,0,61000,351000,-290000,-290000
11051,07360P,臺股指凱基0C售38,0,0,0,0,0,0,0,0,0,-290000,0,0,0,0,290000,-290000,-290000
11052,085143,臺指反中信0B購01,0,0,0,0,0,0,0,0,0,-290000,0,0,0,10000,300000,-290000,-290000
11053,034242,新光鋼統一0B購02,0,0,0,0,0,0,0,0,0,-290000,0,0,0,5000,295000,-290000,-290000
11054,039427,大成鋼元大11購10,0,0,0,0,0,0,0,0,0,-290000,0,0,0,10000,300000,-290000,-290000
11055,032112,GIS永豐0A購01,0,0,0,0,0,0,0,0,0,-291000,0,0,0,0,291000,-291000,-291000
11056,089138,華碩元大0C購02,0,0,0,0,0,0,0,0,0,-291000,0,0,0,53000,344000,-291000,-291000
11057,033461,日月光群益0B購01,0,0,0,0,0,0,0,0,0,-292000,0,0,0,0,292000,-292000,-292000
11058,086154,友達元大0C購02,0,0,0,0,0,0,0,0,0,-292000,0,0,0,0,292000,-292000,-292000
11059,036645,京元電統一0C購01,0,0,0,0,0,0,0,0,0,-292000,0,0,0,0,292000,-292000,-292000
11060,036598,台光電永豐0C購01,0,0,0,0,0,0,0,0,0,-293000,0,0,0,0,293000,-293000,-293000
11061,037379,晶技永豐0C購02,0,0,0,0,0,0,0,0,0,-293000,0,0,0,0,293000,-293000,-293000
11062,034456,燁輝群益11購01,0,20000,-20000,0,0,0,0,0,0,-273000,0,0,0,107000,380000,-273000,-293000
11063,036029,華邦電統一12購01,0,0,0,0,0,0,0,0,0,-293000,0,0,0,6000,299000,-293000,-293000
11064,07440P,華通元大0C售03,0,0,0,0,0,0,0,0,0,-294000,0,0,0,45000,339000,-294000,-294000
11065,034852,華通元大0C購01,0,0,0,0,0,0,0,0,0,-294000,0,0,0,16000,310000,-294000,-294000
11066,036467,中鋼元大0C購10,0,0,0,0,0,0,0,0,0,-294000,0,0,0,0,294000,-294000,-294000
11067,3094,聯傑,619000,913000,-294000,0,0,0,0,0,0,0,0,0,0,0,0,0,-294000
11068,086564,智易元大0A購01,0,0,0,0,0,0,0,0,0,-295000,0,0,0,9000,304000,-295000,-295000
11069,088310,聯詠凱基09購05,0,0,0,0,0,0,0,0,0,-295000,0,0,0,0,295000,-295000,-295000
11070,036428,旺宏凱基0C購03,0,0,0,0,0,0,0,0,0,-295000,0,0,0,0,295000,-295000,-295000
11071,1337,再生-KY,20000,315000,-295000,0,0,0,0,0,0,0,0,0,0,0,0,0,-295000
11072,032084,亞聚永豐0A購03,0,0,0,0,0,0,0,0,0,-296000,0,0,0,643000,939000,-296000,-296000
11073,031925,潤泰新永豐0A購01,0,0,0,0,0,0,0,0,0,-296000,0,0,0,20000,316000,-296000,-296000
11074,087262,樺漢國票0A購01,0,0,0,0,0,0,0,0,0,-296000,0,0,0,0,296000,-296000,-296000
11075,1466,聚隆,129000,425000,-296000,0,0,0,0,0,0,0,0,0,0,0,0,0,-296000
11076,088452,華碩統一0B購01,0,0,0,0,0,0,0,0,0,-297000,0,0,0,58000,355000,-297000,-297000
11077,07127P,長榮國票0C售06,0,0,0,0,0,0,0,0,0,-297000,0,0,0,291000,588000,-297000,-297000
11078,035969,群創元大11購04,0,0,0,0,0,0,0,0,0,-298000,0,0,0,0,298000,-298000,-298000
11079,082342,華邦電元富08購03,0,0,0,0,0,0,0,0,0,-298000,0,0,0,1000,299000,-298000,-298000
11080,035327,聯詠元大0B購03,0,0,0,0,0,0,0,0,0,-298000,0,0,0,363000,661000,-298000,-298000
11081,088557,A50正2凱基0C購01,0,0,0,0,0,0,0,0,0,-299000,0,0,0,0,299000,-299000,-299000
11082,1452,宏益,141000,440000,-299000,0,0,0,0,0,0,-10,26000,24010,1990,0,2000,-2000,-299010
11083,030505,T50反1群益0C購01,0,0,0,0,0,0,0,0,0,-300000,0,0,0,250000,550000,-300000,-300000
11084,030645,聯發科日盛0A購02,0,0,0,0,0,0,0,0,0,-300000,0,0,0,1098000,1398000,-300000,-300000
11085,086341,義隆元大0A購01,0,0,0,0,0,0,0,0,0,-300000,0,0,0,0,300000,-300000,-300000
11086,085565,日月光群益08購02,0,0,0,0,0,0,0,0,0,-300000,0,0,0,0,300000,-300000,-300000
11087,036312,聯電統一12購01,0,0,0,0,0,0,0,0,0,-300000,0,0,0,0,300000,-300000,-300000
11088,036793,健策統一12購01,0,0,0,0,0,0,0,0,0,-300000,0,0,0,438000,738000,-300000,-300000
11089,035014,聯發科第一15購04,0,0,0,0,0,0,0,0,0,-300000,0,0,0,0,300000,-300000,-300000
11090,035243,國巨群益0B購07,0,0,0,0,0,0,0,0,0,-300000,0,0,0,17000,317000,-300000,-300000
11091,038787,中鋼群益15購01,0,0,0,0,0,0,0,0,0,-300000,0,0,0,0,300000,-300000,-300000
11092,039560,瀚宇博元大11購01,0,0,0,0,0,0,0,0,0,-300000,0,0,0,0,300000,-300000,-300000
11093,089799,群創康和09購02,0,0,0,0,0,0,0,0,0,-300000,0,0,0,0,300000,-300000,-300000
11094,6108,競國,22000,322000,-300000,0,0,0,0,0,0,0,0,0,0,0,0,0,-300000
11095,032774,大成鋼元大0A購11,0,0,0,0,0,0,0,0,0,-301000,0,0,0,0,301000,-301000,-301000
11096,088183,滬深2X群益09購08,0,0,0,0,0,0,0,0,0,-301000,0,0,0,260000,561000,-301000,-301000
11097,089608,全新群益0B購02,0,0,0,0,0,0,0,0,0,-301000,0,0,0,0,301000,-301000,-301000
11098,087278,台化元大0B購01,0,0,0,0,0,0,0,0,0,-302000,0,0,0,10000,312000,-302000,-302000
11099,087008,台積電富邦0B購04,0,0,0,0,0,0,0,0,0,-303000,0,0,0,95000,398000,-303000,-303000
11100,07402P,T50正2群益0C售01,0,0,0,0,0,0,0,0,0,-303000,0,0,0,7000,310000,-303000,-303000
11101,033353,明基材永豐0B購01,0,0,0,0,0,0,0,0,0,-303000,0,0,0,70000,373000,-303000,-303000
11102,3149,正達,48000,331000,-283000,0,0,0,0,0,0,-20000,0,20000,-20000,0,0,0,-303000
11103,087357,臺股指麥證0C購03,0,0,0,57000,361000,-304000,0,0,0,-304000,0,0,0,57000,361000,-304000,-304000
11104,085061,明基材國票09購01,0,0,0,0,0,0,0,0,0,-304000,0,0,0,245000,549000,-304000,-304000
11105,040536,新唐凱基12購03,0,0,0,0,0,0,0,0,0,-304000,0,0,0,0,304000,-304000,-304000
11106,040681,滬深2X元富14購02,0,0,0,0,0,0,0,0,0,-304000,0,0,0,0,304000,-304000,-304000
11107,038216,新光鋼國泰13購01,0,0,0,0,0,0,0,0,0,-304000,0,0,0,15000,319000,-304000,-304000
11108,033109,矽創元富0C購03,0,0,0,0,0,0,0,0,0,-305000,0,0,0,0,305000,-305000,-305000
11109,040490,新唐群益13購02,0,0,0,0,0,0,0,0,0,-305000,0,0,0,5000,310000,-305000,-305000
11110,6116,彩晶,12585121,10463388,2121733,0,0,0,1000,2500000,-2499000,72109,468000,473891,-5891,110000,32000,78000,-305158
11111,6224,聚鼎,347242,409000,-61758,0,0,0,0,147000,-147000,-96637,63000,152637,-89637,2000,9000,-7000,-305395
11112,037516,華晶科永豐0C購01,0,0,0,0,0,0,0,0,0,-306000,0,0,0,59000,365000,-306000,-306000
11113,036912,南電元大14購01,0,0,0,0,0,0,0,0,0,-307000,0,0,0,15000,322000,-307000,-307000
11114,040525,華夏凱基12購01,0,0,0,0,0,0,0,0,0,-307000,0,0,0,0,307000,-307000,-307000
11115,040592,明基材元大13購01,0,0,0,0,0,0,0,0,0,-307000,0,0,0,11000,318000,-307000,-307000
11116,089262,精成科統一0B購02,0,0,0,0,0,0,0,0,0,-307000,0,0,0,218000,525000,-307000,-307000
11117,3027,盛達,520000,828000,-308000,0,0,0,0,0,0,2,2,0,2,0,0,0,-307998
11118,030526,臺股指群益0A購03,0,0,0,0,0,0,0,0,0,-308000,0,0,0,519000,827000,-308000,-308000
11119,030717,滬深2X元大0A購05,0,0,0,0,0,0,0,0,0,-308000,0,0,0,15000,323000,-308000,-308000
11120,087077,京元電統一0B購01,0,0,0,0,0,0,0,0,0,-308000,0,0,0,18000,326000,-308000,-308000
11121,2723,美食-KY,136000,442000,-306000,0,0,0,0,0,0,-2169,4143,4312,-169,1000,3000,-2000,-308169
11122,082925,鴻海統一0B購01,0,0,0,0,0,0,0,0,0,-309000,0,0,0,0,309000,-309000,-309000
11123,037839,景碩國票12購02,0,0,0,0,0,0,0,0,0,-309000,0,0,0,132000,441000,-309000,-309000
11124,040436,惠特凱基13購01,0,0,0,0,0,0,0,0,0,-309000,0,0,0,264000,573000,-309000,-309000
11125,3380,明泰,152000,454000,-302000,0,0,0,0,0,0,-7152,0,0,0,0,7152,-7152,-309152
11126,032925,矽統國票0B購02,0,0,0,0,0,0,0,0,0,-310000,0,0,0,10000,320000,-310000,-310000
11127,037519,泰鼎永豐0C購01,0,0,0,0,0,0,0,0,0,-310000,0,0,0,20000,330000,-310000,-310000
11128,037010,長華元富13購01,0,0,0,0,0,0,0,0,0,-310000,0,0,0,0,310000,-310000,-310000
11129,034192,鴻準元大0B購01,0,0,0,0,0,0,0,0,0,-310000,0,0,0,15000,325000,-310000,-310000
11130,038300,中鋼群益12購03,0,0,0,0,0,0,0,0,0,-310000,0,0,0,1000,311000,-310000,-310000
11131,030622,華晶科元大0A購02,0,0,0,0,0,0,0,0,0,-311000,0,0,0,254000,565000,-311000,-311000
11132,06566P,台灣50中信11售01,0,0,0,0,0,0,0,0,0,-311000,0,0,0,0,311000,-311000,-311000
11133,040040,華邦電元富11購01,0,0,0,0,0,0,0,0,0,-312000,0,0,0,20000,332000,-312000,-312000
11134,037567,同欣電兆豐13購01,0,0,0,0,0,0,0,0,0,-313000,0,0,0,159000,472000,-313000,-313000
11135,040354,矽創群益12購01,0,0,0,0,0,0,0,0,0,-313000,0,0,0,173000,486000,-313000,-313000
11136,2233,宇隆,82000,463461,-381461,0,0,0,70000,0,70000,-2020,2033,13053,-11020,13000,4000,9000,-313481
11137,081270,大成統一09購01,0,0,0,0,0,0,0,0,0,-314000,0,0,0,0,314000,-314000,-314000
11138,035190,華邦電元富0C購03,0,0,0,0,0,0,0,0,0,-314000,0,0,0,10000,324000,-314000,-314000
11139,038435,燁輝元大12購03,0,0,0,0,0,0,0,0,0,-314000,0,0,0,3000,317000,-314000,-314000
11140,039363,台積電富邦15購01,0,0,0,0,0,0,0,0,0,-314000,0,0,0,71000,385000,-314000,-314000
11141,1527,鑽全,36000,341000,-305000,0,0,0,0,0,0,-9000,0,9000,-9000,0,0,0,-314000
11142,039166,矽格凱基13購01,0,0,0,0,0,0,0,0,0,-315000,0,0,0,151000,466000,-315000,-315000
11143,07305P,聯發科元大0C售15,0,0,0,0,0,0,0,0,0,-315000,0,0,0,0,315000,-315000,-315000
11144,038571,元晶凱基12購01,0,0,0,0,0,0,0,0,0,-316000,0,0,0,10000,326000,-316000,-316000
11145,5469,瀚宇博,176000,480304,-304304,0,0,0,0,0,0,-12000,0,0,0,16000,28000,-12000,-316304
11146,032662,群創麥證0A購02,0,0,0,0,317000,-317000,0,0,0,-317000,0,0,0,0,317000,-317000,-317000
11147,085692,宏碁國泰0A購03,0,0,0,0,0,0,0,0,0,-317000,0,0,0,100000,417000,-317000,-317000
11148,034398,昇陽半元大11購01,0,0,0,0,0,0,0,0,0,-317000,0,0,0,34000,351000,-317000,-317000
11149,037976,榮運中信13購01,0,0,0,0,0,0,0,0,0,-317000,0,0,0,0,317000,-317000,-317000
11150,034201,牧德元大0C購01,0,0,0,0,0,0,0,0,0,-318000,0,0,0,190000,508000,-318000,-318000
11151,038582,聯詠永豐11購01,0,0,0,0,0,0,0,0,0,-318000,0,0,0,0,318000,-318000,-318000
11152,00650L,FH香港正2,387000,152000,235000,0,0,0,0,0,0,-553995,0,0,0,1207005,1761000,-553995,-318995
11153,030633,惠特元大0A購02,0,0,0,0,0,0,0,0,0,-319000,0,0,0,353000,672000,-319000,-319000
11154,035532,鴻海兆豐12購01,0,0,0,0,0,0,0,0,0,-319000,0,0,0,120000,439000,-319000,-319000
11155,038331,強茂凱基12購01,0,0,0,0,0,0,0,0,0,-319000,0,0,0,686000,1005000,-319000,-319000
11156,3661,世芯-KY,517150,803543,-286393,0,0,0,0,5000,-5000,-27886,26829,46715,-19886,0,8000,-8000,-319279
11157,087684,旺宏元大09購07,0,0,0,0,0,0,0,0,0,-320000,0,0,0,0,320000,-320000,-320000
11158,076290,玉晶光統一09購01,0,0,0,0,0,0,0,0,0,-320000,0,0,0,130000,450000,-320000,-320000
11159,034357,華碩康和0B購01,0,0,0,0,0,0,0,0,0,-320000,0,0,0,0,320000,-320000,-320000
11160,033814,亞德客統一11購01,0,0,0,0,0,0,0,0,0,-320000,0,0,0,39000,359000,-320000,-320000
11161,040009,華新群益11購01,0,0,0,0,0,0,0,0,0,-320000,0,0,0,254000,574000,-320000,-320000
11162,5285,界霖,477000,818000,-341000,0,0,0,0,0,0,21000,23000,0,23000,1000,3000,-2000,-320000
11163,038709,智原凱基11購03,0,0,0,0,0,0,0,0,0,-321000,0,0,0,27000,348000,-321000,-321000
11164,030520,惠特群益0B購01,0,0,0,0,0,0,0,0,0,-322000,0,0,0,393000,715000,-322000,-322000
11165,031561,T50反1凱基11購03,0,0,0,0,0,0,0,0,0,-322000,0,0,0,50000,372000,-322000,-322000
11166,033198,矽創凱基0C購01,0,0,0,0,0,0,0,0,0,-322000,0,0,0,62000,384000,-322000,-322000
11167,07538P,台光電凱基11售02,0,0,0,0,0,0,0,0,0,-322000,0,0,0,110000,432000,-322000,-322000
11168,078848,聯電統一08購03,0,0,0,0,0,0,0,0,0,-322000,0,0,0,578000,900000,-322000,-322000
11169,034944,健策群益0B購03,0,0,0,0,0,0,0,0,0,-322000,0,0,0,127000,449000,-322000,-322000
11170,038380,強茂元大13購01,0,0,0,0,0,0,0,0,0,-322000,0,0,0,170000,492000,-322000,-322000
11171,06606P,臺股指中信11售03,0,0,0,0,0,0,0,0,0,-322000,0,0,0,74000,396000,-322000,-322000
11172,086504,友達麥證0B購02,0,0,0,0,323000,-323000,0,0,0,-323000,0,0,0,0,323000,-323000,-323000
11173,035193,京元電元富0B購01,0,0,0,0,0,0,0,0,0,-323000,0,0,0,53000,376000,-323000,-323000
11174,032129,東鋼凱基14購02,0,0,0,0,0,0,0,0,0,-324000,0,0,0,10000,334000,-324000,-324000
11175,036692,聯電國泰12購02,0,0,0,0,0,0,0,0,0,-324000,0,0,0,976000,1300000,-324000,-324000
11176,040576,華邦電元大12購04,0,0,0,0,0,0,0,0,0,-324000,0,0,0,18000,342000,-324000,-324000
11177,035981,臺股指麥證11購02,0,0,0,0,325000,-325000,0,0,0,-325000,0,0,0,0,325000,-325000,-325000
11178,036335,燁輝元富0C購02,0,0,0,0,0,0,0,0,0,-325000,0,0,0,282000,607000,-325000,-325000
11179,033395,聯茂元大0C購01,0,0,0,0,0,0,0,0,0,-325000,0,0,0,9000,334000,-325000,-325000
11180,06806P,聯電元大0A售07,0,0,0,0,0,0,0,0,0,-325000,0,0,0,55000,380000,-325000,-325000
11181,088936,群創統一0B購05,0,0,0,0,0,0,0,0,0,-325000,0,0,0,0,325000,-325000,-325000
11182,033281,京元電統一15購01,0,0,0,0,0,0,0,0,0,-326000,0,0,0,0,326000,-326000,-326000
11183,087796,玉晶光日盛09購01,0,0,0,0,0,0,0,0,0,-326000,0,0,0,154000,480000,-326000,-326000
11184,07377P,滬深2X凱基12售03,0,0,0,0,0,0,0,0,0,-326000,0,0,0,2000,328000,-326000,-326000
11185,039474,聯電富邦11購02,0,0,0,0,0,0,0,0,0,-326000,0,0,0,248000,574000,-326000,-326000
11186,031617,中鋼統一0C購03,0,0,0,0,0,0,0,0,0,-327000,0,0,0,227000,554000,-327000,-327000
11187,040255,同欣電永豐11購03,0,0,0,0,0,0,0,0,0,-327000,0,0,0,0,327000,-327000,-327000
11188,030871,同欣電永豐0A購01,0,0,0,0,0,0,0,0,0,-328000,0,0,0,218000,546000,-328000,-328000
11189,030917,臺股指凱基0C購23,0,0,0,0,0,0,0,0,0,-328000,0,0,0,162000,490000,-328000,-328000
11190,033787,京元電元大0B購03,0,0,0,0,0,0,0,0,0,-328000,0,0,0,430000,758000,-328000,-328000
11191,037443,聯電元大11購05,0,0,0,0,0,0,0,0,0,-328000,0,0,0,268000,596000,-328000,-328000
11192,033841,聯詠兆豐0C購02,0,0,0,0,0,0,0,0,0,-329000,0,0,0,438000,767000,-329000,-329000
11193,1451,年興,210000,539000,-329000,0,0,0,0,0,0,0,0,0,0,0,0,0,-329000
11194,030463,威盛中信0A購01,0,0,0,0,0,0,0,0,0,-330000,0,0,0,0,330000,-330000,-330000
11195,082556,元金2X統一09購01,0,0,0,0,0,0,0,0,0,-330000,0,0,0,0,330000,-330000,-330000
11196,083479,GIS統一09購02,0,0,0,0,0,0,0,0,0,-330000,0,0,0,8000,338000,-330000,-330000
11197,085786,華邦電元大0C購02,0,0,0,0,0,0,0,0,0,-330000,0,0,0,50000,380000,-330000,-330000
11198,030233,宏全凱基0C購01,0,0,0,0,0,0,0,0,0,-331000,0,0,0,168000,499000,-331000,-331000
11199,037202,凌陽凱基0C購01,0,0,0,0,0,0,0,0,0,-332000,0,0,0,255000,587000,-332000,-332000
11200,034144,國巨凱基15購01,0,0,0,0,0,0,0,0,0,-332000,0,0,0,229000,561000,-332000,-332000
11201,040330,聯鈞國票13購01,0,0,0,0,0,0,0,0,0,-332000,0,0,0,18000,350000,-332000,-332000
11202,1590,亞德客-KY,784740,1121226,-336486,0,0,0,0,4000,-4000,7659,80086,80007,79,12000,4420,7580,-332827
11203,039039,矽創凱基11購02,0,0,0,0,0,0,0,0,0,-333000,0,0,0,114000,447000,-333000,-333000
11204,086785,華邦電兆豐0A購01,0,0,0,0,0,0,0,0,0,-334000,0,0,0,140000,474000,-334000,-334000
11205,034202,合勤控元大0B購02,0,0,0,0,0,0,0,0,0,-334000,0,0,0,0,334000,-334000,-334000
11206,039537,上証2X元大13購01,0,0,0,0,0,0,0,0,0,-334000,0,0,0,20000,354000,-334000,-334000
11207,2415,錩新,159000,488000,-329000,0,0,0,0,0,0,-5000,0,5000,-5000,0,0,0,-334000
11208,083798,日月光統一09購07,0,0,0,0,0,0,0,0,0,-336000,0,0,0,0,336000,-336000,-336000
11209,081954,祥碩統一09購02,0,0,0,0,0,0,0,0,0,-336000,0,0,0,17000,353000,-336000,-336000
11210,031853,新光鋼中信0A購01,0,0,0,0,0,0,0,0,0,-337000,0,0,0,199000,536000,-337000,-337000
11211,037382,同欣電永豐0C購01,0,0,0,0,0,0,0,0,0,-338000,0,0,0,40000,378000,-338000,-338000
11212,080882,華邦電中信0B購01,0,0,0,0,0,0,0,0,0,-339000,0,0,0,250000,589000,-339000,-339000
11213,034563,旺宏國泰11購01,0,0,0,0,0,0,0,0,0,-339000,0,0,0,152000,491000,-339000,-339000
11214,040585,祥碩元大14購03,0,0,0,0,0,0,0,0,0,-339000,0,0,0,3000,342000,-339000,-339000
11215,087119,日月光元大0B購02,0,0,0,0,0,0,0,0,0,-340000,0,0,0,130000,470000,-340000,-340000
11216,034018,台積電統一12購03,0,0,0,0,0,0,0,0,0,-340000,0,0,0,0,340000,-340000,-340000
11217,036567,茂林元大0C購01,0,0,0,0,0,0,0,0,0,-340000,0,0,0,170000,510000,-340000,-340000
11218,1708,東鹼,296000,636000,-340000,0,0,0,0,0,0,0,0,0,0,0,0,0,-340000
11219,037223,玉晶光富邦11購01,0,0,0,0,0,0,0,0,0,-341000,0,0,0,0,341000,-341000,-341000
11220,036979,聯電凱基14購02,0,0,0,0,0,0,0,0,0,-341000,0,0,0,37000,378000,-341000,-341000
11221,037907,華通凱基0C購01,0,0,0,0,0,0,0,0,0,-341000,0,0,0,54000,395000,-341000,-341000
11222,040744,明基材國票13購02,0,0,0,0,0,0,0,0,0,-341000,0,0,0,16000,357000,-341000,-341000
11223,06348P,大立光元大08售07,0,0,0,0,0,0,0,0,0,-342000,0,0,0,0,342000,-342000,-342000
11224,040249,超豐永豐11購01,0,0,0,0,0,0,0,0,0,-342000,0,0,0,238000,580000,-342000,-342000
11225,031447,A50正2元富11購01,0,0,0,0,0,0,0,0,0,-343000,0,0,0,52000,395000,-343000,-343000
11226,030857,大成鋼永豐0A購02,0,0,0,0,0,0,0,0,0,-343000,0,0,0,117000,460000,-343000,-343000
11227,038299,華新群益12購01,0,0,0,0,0,0,0,0,0,-343000,0,0,0,47000,390000,-343000,-343000
11228,038150,華邦電富邦13購02,0,0,0,0,0,0,0,0,0,-343000,0,0,0,49000,392000,-343000,-343000
11229,2426,鼎元,1064000,1319000,-255000,0,0,0,0,0,0,-88000,4000,0,4000,11000,103000,-92000,-343000
11230,038512,中華永豐11購01,0,0,0,0,0,0,0,0,0,-344000,0,0,0,0,344000,-344000,-344000
11231,030686,聯發科兆豐0A購02,0,0,0,0,0,0,0,0,0,-345000,0,0,0,0,345000,-345000,-345000
11232,088478,聯詠國票0B購02,0,0,0,0,0,0,0,0,0,-345000,0,0,0,100000,445000,-345000,-345000
11233,1217,愛之味,147100,492000,-344900,0,0,0,0,0,0,-622,2000,2622,-622,0,0,0,-345522
11234,039680,聯電麥證11購01,0,0,0,19000,391000,-372000,0,0,0,-346000,0,0,0,49000,395000,-346000,-346000
11235,4746,台耀,362000,708472,-346472,0,0,0,0,0,0,0,0,0,0,0,0,0,-346472
11236,085612,大立光元大0C購03,0,0,0,0,0,0,0,0,0,-347000,0,0,0,30000,377000,-347000,-347000
11237,085437,創意統一0A購02,0,0,0,0,0,0,0,0,0,-347000,0,0,0,0,347000,-347000,-347000
11238,2727,王品,77000,434000,-357000,0,0,0,0,0,0,9020,17169,7149,10020,18000,19000,-1000,-347980
11239,033918,華新元大0B購05,0,0,0,0,0,0,0,0,0,-348000,0,0,0,13000,361000,-348000,-348000
11240,039456,新唐凱基13購02,0,0,0,0,0,0,0,0,0,-348000,0,0,0,876000,1224000,-348000,-348000
11241,03739C,鴻海富邦0C牛01,0,0,0,0,0,0,0,0,0,-349000,0,0,0,214000,563000,-349000,-349000
11242,036604,惠特永豐0C購01,0,0,0,0,0,0,0,0,0,-349000,0,0,0,771000,1120000,-349000,-349000
11243,07095P,聯電國泰11售02,0,0,0,0,0,0,0,0,0,-349000,0,0,0,80000,429000,-349000,-349000
11244,078900,立積元大09購01,0,0,0,0,0,0,0,0,0,-350000,0,0,0,595000,945000,-350000,-350000
11245,036070,貿聯群益0C購01,0,0,0,0,0,0,0,0,0,-350000,0,0,0,31000,381000,-350000,-350000
11246,034750,愛普元大0C購01,0,0,0,0,0,0,0,0,0,-350000,0,0,0,75000,425000,-350000,-350000
11247,089588,滬深2X群益09購12,0,0,0,0,0,0,0,0,0,-350000,0,0,0,0,350000,-350000,-350000
11248,030173,國光生國泰12購01,0,0,0,0,0,0,0,0,0,-351000,0,0,0,133000,484000,-351000,-351000
11249,086556,禾伸堂元大09購01,0,0,0,0,0,0,0,0,0,-351000,0,0,0,23000,374000,-351000,-351000
11250,040003,可成永豐11購01,0,0,0,0,0,0,0,0,0,-351000,0,0,0,0,351000,-351000,-351000
11251,089067,凌陽凱基0A購01,0,0,0,0,0,0,0,0,0,-351000,0,0,0,189000,540000,-351000,-351000
11252,034575,亞德客凱基0B購01,0,0,0,0,0,0,0,0,0,-352000,0,0,0,116000,468000,-352000,-352000
11253,033267,矽創元大0C購03,0,0,0,0,0,0,0,0,0,-353000,0,0,0,224000,577000,-353000,-353000
11254,088097,光寶科國票0A購01,0,0,0,0,0,0,0,0,0,-353000,0,0,0,127000,480000,-353000,-353000
11255,040290,聯茂元大14購01,0,0,0,0,0,0,0,0,0,-353000,0,0,0,5000,358000,-353000,-353000
11256,006206,元大上證50,890000,128000,762000,0,0,0,0,0,0,-1115506,0,0,0,402000,1517506,-1115506,-353506
11257,031025,致茂凱基0B購01,0,0,0,0,0,0,0,0,0,-354000,0,0,0,0,354000,-354000,-354000
11258,040452,矽創富邦13購01,15000,0,15000,0,0,0,0,0,0,-369000,0,0,0,341000,710000,-369000,-354000
11259,2614,東森,4304000,4670150,-366150,0,0,0,0,0,0,11050,50,0,50,16000,5000,11000,-355100
11260,032383,聯電統一0C購04,2000,0,2000,0,0,0,0,0,0,-358000,0,0,0,56000,414000,-358000,-356000
11261,2103,台橡,955000,722000,233000,0,0,0,0,576000,-576000,-13016,1000,1016,-16,16000,29000,-13000,-356016
11262,3703,欣陸,118000,413000,-295000,0,0,0,0,0,0,-61665,3000,2665,335,64000,126000,-62000,-356665
11263,032436,宏達電元大0A購02,0,0,0,0,0,0,0,0,0,-357000,0,0,0,41000,398000,-357000,-357000
11264,030024,群創日盛0B購01,0,0,0,0,0,0,0,0,0,-357000,0,0,0,1000,358000,-357000,-357000
11265,07516P,臺股指麥證13售02,0,0,0,0,357000,-357000,0,0,0,-357000,0,0,0,0,357000,-357000,-357000
11266,089749,全新統一0B購01,0,0,0,0,0,0,0,0,0,-357000,0,0,0,159000,516000,-357000,-357000
11267,038549,偉詮電國泰13購02,0,0,0,0,0,0,0,0,0,-358000,0,0,0,23000,381000,-358000,-358000
11268,089748,聯發科統一11購01,0,0,0,0,0,0,0,0,0,-359000,0,0,0,10000,369000,-359000,-359000
11269,5471,松翰,894600,1588020,-693420,0,0,0,0,3000,-3000,337056,291000,1944,289056,93000,45000,48000,-359364
11270,040111,菱生國泰13購02,0,0,0,0,0,0,0,0,0,-360000,0,0,0,41000,401000,-360000,-360000
11271,4961,天鈺,1714000,2814000,-1100000,0,0,0,642000,0,642000,97100,172000,129000,43000,61000,6900,54100,-360900
11272,07512P,光罩元富14售03,0,0,0,0,0,0,0,0,0,-361000,0,0,0,59000,420000,-361000,-361000
11273,037065,華東國票0C購01,0,0,0,0,0,0,0,0,0,-361000,0,0,0,801000,1162000,-361000,-361000
11274,037928,矽格群益0C購01,0,0,0,0,0,0,0,0,0,-361000,0,0,0,529000,890000,-361000,-361000
11275,1402,遠東新,3451559,4333817,-882258,0,0,0,1000,0,1000,519351,624000,19649,604351,1000,86000,-85000,-361907
11276,037750,台郡中信0C購01,0,0,0,0,0,0,0,0,0,-362000,0,0,0,212000,574000,-362000,-362000
11277,087443,A50正2群益09購02,0,0,0,0,0,0,0,0,0,-363000,0,0,0,0,363000,-363000,-363000
11278,039939,華晶科凱基11購01,0,0,0,0,0,0,0,0,0,-363000,0,0,0,176000,539000,-363000,-363000
11279,06994P,瑞昱凱基0B售02,0,0,0,0,0,0,0,0,0,-363000,0,0,0,113000,476000,-363000,-363000
11280,033131,矽統元大0B購02,0,0,0,0,0,0,0,0,0,-364000,0,0,0,273000,637000,-364000,-364000
11281,087720,GIS統一0B購01,0,0,0,0,0,0,0,0,0,-364000,0,0,0,181000,545000,-364000,-364000
11282,040430,聯詠凱基15購02,0,0,0,0,0,0,0,0,0,-364000,0,0,0,10000,374000,-364000,-364000
11283,031757,鈺齊凱基12購01,0,0,0,0,0,0,0,0,0,-365000,0,0,0,0,365000,-365000,-365000
11284,088182,上証2X群益09購05,0,0,0,0,0,0,0,0,0,-365000,0,0,0,100000,465000,-365000,-365000
11285,035426,京元電元大11購02,0,0,0,0,0,0,0,0,0,-365000,0,0,0,58000,423000,-365000,-365000
11286,089403,旺宏凱基0B購02,0,0,0,0,0,0,0,0,0,-365000,0,0,0,332000,697000,-365000,-365000
11287,6215,和椿,551000,916000,-365000,0,0,0,0,0,0,0,0,0,0,0,0,0,-365000
11288,039517,同欣電群益12購01,0,0,0,0,0,0,0,0,0,-366000,0,0,0,78000,444000,-366000,-366000
11289,031847,松翰兆豐0A購02,0,0,0,0,0,0,0,0,0,-367000,0,0,0,49000,416000,-367000,-367000
11290,038279,健策富邦13購01,0,0,0,0,0,0,0,0,0,-367000,0,0,0,64000,431000,-367000,-367000
11291,039397,揚明光群益11購02,0,0,0,0,0,0,0,0,0,-367000,0,0,0,0,367000,-367000,-367000
11292,080229,聯電元大08購04,0,0,0,0,0,0,0,0,0,-368000,0,0,0,139000,507000,-368000,-368000
11293,037900,南電永豐0C購03,0,0,0,0,0,0,0,0,0,-368000,0,0,0,50000,418000,-368000,-368000
11294,3515,華擎,755000,938000,-183000,0,0,0,0,0,0,-185000,3000,184000,-181000,10000,14000,-4000,-368000
11295,031940,南亞元大0B購01,0,0,0,0,0,0,0,0,0,-369000,0,0,0,369000,738000,-369000,-369000
11296,039068,為升元大11購01,0,0,0,0,0,0,0,0,0,-369000,0,0,0,0,369000,-369000,-369000
11297,06740P,臺股指凱基0C售19,0,0,0,0,0,0,0,0,0,-370000,0,0,0,312000,682000,-370000,-370000
11298,089432,上銀群益09購01,0,0,0,0,0,0,0,0,0,-370000,0,0,0,0,370000,-370000,-370000
11299,089078,祥碩凱基0B購01,0,0,0,0,0,0,0,0,0,-370000,0,0,0,25000,395000,-370000,-370000
11300,06908P,T50正2群益0A售02,0,0,0,0,0,0,0,0,0,-371000,0,0,0,315000,686000,-371000,-371000
11301,2360,致茂,318000,690000,-372000,0,0,0,0,0,0,1000,0,0,0,1000,0,1000,-371000
11302,037831,台郡永豐0C購01,0,0,0,0,0,0,0,0,0,-374000,0,0,0,0,374000,-374000,-374000
11303,03500B,臺股指凱基0C熊10,0,0,0,0,0,0,0,0,0,-374000,0,0,0,191000,565000,-374000,-374000
11304,089703,台積電元富0C購24,0,0,0,0,0,0,0,0,0,-374000,0,0,0,10000,384000,-374000,-374000
11305,032779,義隆元大0B購01,0,0,0,0,0,0,0,0,0,-375000,0,0,0,373000,748000,-375000,-375000
11306,034886,健策群益0B購02,0,0,0,0,0,0,0,0,0,-375000,0,0,0,90000,465000,-375000,-375000
11307,078338,華邦電凱基0A購01,0,0,0,0,0,0,0,0,0,-376000,0,0,0,196000,572000,-376000,-376000
11308,084978,宏碁國泰0A購01,0,0,0,0,0,0,0,0,0,-376000,0,0,0,0,376000,-376000,-376000
11309,089371,臻鼎元大09購02,0,0,0,0,0,0,0,0,0,-376000,0,0,0,0,376000,-376000,-376000
11310,2436,偉詮電,1101200,1485000,-383800,0,0,0,0,0,0,6940,19085,18446,639,48150,41849,6301,-376860
11311,033269,旺宏富邦13購01,0,0,0,0,0,0,0,0,0,-377000,0,0,0,220000,597000,-377000,-377000
11312,035168,宏達電國票0B購02,0,0,0,0,0,0,0,0,0,-377000,0,0,0,206000,583000,-377000,-377000
11313,031131,群創統一0C購04,0,0,0,0,0,0,0,0,0,-378000,0,0,0,0,378000,-378000,-378000
11314,030632,惠特元大0A購01,0,0,0,0,0,0,0,0,0,-379000,0,0,0,403000,782000,-379000,-379000
11315,035611,T50反1國票0C購02,0,0,0,0,0,0,0,0,0,-380000,0,0,0,0,380000,-380000,-380000
11316,086314,義隆凱基0B購01,0,0,0,0,0,0,0,0,0,-380000,0,0,0,125000,505000,-380000,-380000
11317,037031,京元電元大0C購03,0,0,0,0,0,0,0,0,0,-380000,0,0,0,12000,392000,-380000,-380000
11318,07048P,富邦金元富12售05,0,0,0,0,0,0,0,0,0,-380000,0,0,0,0,380000,-380000,-380000
11319,040345,同欣電中信12購01,0,0,0,0,0,0,0,0,0,-381000,0,0,0,0,381000,-381000,-381000
11320,040612,祥碩國票13購01,0,0,0,0,0,0,0,0,0,-381000,0,0,0,23000,404000,-381000,-381000
11321,3682,亞太電,106000,487000,-381000,0,0,0,0,0,0,0,0,0,0,0,0,0,-381000
11322,085415,華晶科元大09購01,0,0,0,0,0,0,0,0,0,-384000,0,0,0,686000,1070000,-384000,-384000
11323,040304,康普統一13購01,0,0,0,0,0,0,0,0,0,-386000,0,0,0,126000,512000,-386000,-386000
11324,039280,矽統永豐11購01,0,0,0,0,0,0,0,0,0,-386000,0,0,0,0,386000,-386000,-386000
11325,038570,康舒凱基11購01,0,0,0,0,0,0,0,0,0,-386000,0,0,0,54000,440000,-386000,-386000
11326,036876,愛普統一0C購03,0,0,0,0,0,0,0,0,0,-387000,0,0,0,1000,388000,-387000,-387000
11327,036329,矽創麥證0C購01,0,0,0,65000,452000,-387000,0,0,0,-387000,0,0,0,65000,452000,-387000,-387000
11328,2492,華新科,372317,745153,-372836,0,0,0,0,1132,-1132,-14165,23000,40165,-17165,28000,25000,3000,-388133
11329,039577,惠特康和12購01,0,0,0,0,0,0,0,0,0,-389000,0,0,0,271000,660000,-389000,-389000
11330,040107,台表科中信12購01,0,0,0,0,0,0,0,0,0,-389000,0,0,0,291000,680000,-389000,-389000
11331,040207,矽統國票12購01,0,0,0,0,0,0,0,0,0,-389000,0,0,0,289000,678000,-389000,-389000
11332,031134,力成統一0C購02,0,0,0,0,0,0,0,0,0,-390000,0,0,0,118000,508000,-390000,-390000
11333,032637,長榮統一11購05,0,0,0,0,0,0,0,0,0,-390000,0,0,0,0,390000,-390000,-390000
11334,034797,T50正2凱基0C購03,0,0,0,0,0,0,0,0,0,-390000,0,0,0,10000,400000,-390000,-390000
11335,087387,旺宏元大11購01,0,0,0,0,0,0,0,0,0,-391000,0,0,0,182000,573000,-391000,-391000
11336,035782,世紀鋼富邦0C購01,0,0,0,0,0,0,0,0,0,-392000,0,0,0,50000,442000,-392000,-392000
11337,037467,聯電國泰12購04,0,0,0,0,0,0,0,0,0,-392000,0,0,0,169000,561000,-392000,-392000
11338,039226,亞泥國票11購01,0,0,0,0,0,0,0,0,0,-392000,0,0,0,315000,707000,-392000,-392000
11339,06838P,臺股指群益0A售08,0,0,0,0,0,0,0,0,0,-393000,0,0,0,139000,532000,-393000,-393000
11340,035227,南亞科兆豐0B購01,0,0,0,0,0,0,0,0,0,-394000,0,0,0,156000,550000,-394000,-394000
11341,6405,悅城,44000,440000,-396000,0,0,0,0,0,0,2000,2000,0,2000,0,0,0,-394000
11342,084397,華城國票08購01,0,0,0,0,0,0,0,0,0,-395000,0,0,0,0,395000,-395000,-395000
11343,038013,聯電凱基0C購12,0,0,0,0,0,0,0,0,0,-395000,0,0,0,40000,435000,-395000,-395000
11344,040389,天鈺元大12購02,0,0,0,0,0,0,0,0,0,-395000,0,0,0,40000,435000,-395000,-395000
11345,035715,友達元大0B購16,0,0,0,0,0,0,0,0,0,-396000,0,0,0,2000,398000,-396000,-396000
11346,033384,義隆元大11購01,0,0,0,0,0,0,0,0,0,-396000,0,0,0,31000,427000,-396000,-396000
11347,039164,智原凱基11購04,0,0,0,0,0,0,0,0,0,-396000,0,0,0,191000,587000,-396000,-396000
11348,030605,華邦電元大0A購01,0,0,0,0,0,0,0,0,0,-397000,0,0,0,648000,1045000,-397000,-397000
11349,084480,華邦電凱基0B購01,0,0,0,0,0,0,0,0,0,-397000,0,0,0,284000,681000,-397000,-397000
11350,037755,華碩國泰13購01,0,0,0,0,0,0,0,0,0,-397000,0,0,0,56000,453000,-397000,-397000
11351,034679,愛普凱基11購01,0,0,0,0,0,0,0,0,0,-398000,0,0,0,200000,598000,-398000,-398000
11352,038712,台化富邦13購01,0,0,0,0,0,0,0,0,0,-398000,0,0,0,30000,428000,-398000,-398000
11353,3090,日電貿,100000,500000,-400000,0,0,0,0,0,0,2000,0,0,0,2000,0,2000,-398000
11354,034447,聯發科國泰11購03,0,0,0,0,0,0,0,0,0,-399000,0,0,0,92000,491000,-399000,-399000
11355,038585,台表科永豐11購01,0,0,0,0,0,0,0,0,0,-399000,0,0,0,0,399000,-399000,-399000
11356,030716,上証2X元大0A購03,0,0,0,0,0,0,0,0,0,-400000,0,0,0,200000,600000,-400000,-400000
11357,033117,臺指反元大12購02,0,0,0,0,0,0,0,0,0,-400000,0,0,0,0,400000,-400000,-400000
11358,033161,華新中信0B購01,0,0,0,0,0,0,0,0,0,-400000,0,0,0,0,400000,-400000,-400000
11359,033172,聯發科永豐0B購03,0,0,0,0,0,0,0,0,0,-400000,0,0,0,0,400000,-400000,-400000
11360,032688,大成鋼永豐0A購06,0,0,0,0,0,0,0,0,0,-400000,0,0,0,511000,911000,-400000,-400000
11361,037200,華新凱基0C購03,0,0,0,0,0,0,0,0,0,-400000,0,0,0,489000,889000,-400000,-400000
11362,033951,華邦電國票0C購01,0,0,0,0,0,0,0,0,0,-400000,0,0,0,0,400000,-400000,-400000
11363,040108,晶碩中信12購01,0,0,0,0,0,0,0,0,0,-400000,0,0,0,0,400000,-400000,-400000
11364,089372,立積元大09購08,0,0,0,0,0,0,0,0,0,-400000,0,0,0,0,400000,-400000,-400000
11365,030272,華晶科統一0C購01,0,0,0,0,0,0,0,0,0,-401000,0,0,0,161000,562000,-401000,-401000
11366,040726,明基材元大13購02,0,0,0,0,0,0,0,0,0,-401000,0,0,0,32000,433000,-401000,-401000
11367,034596,鴻海統一0B購04,0,0,0,0,0,0,0,0,0,-402000,0,0,0,23000,425000,-402000,-402000
11368,037958,欣興元大0C購12,0,0,0,0,0,0,0,0,0,-402000,0,0,0,221000,623000,-402000,-402000
11369,040346,惠特中信12購01,0,0,0,0,0,0,0,0,0,-403000,0,0,0,34000,437000,-403000,-403000
11370,037171,祥碩中信11購01,0,0,0,0,0,0,0,0,0,-405000,0,0,0,119000,524000,-405000,-405000
11371,040112,聯詠國泰13購03,0,0,0,0,0,0,0,0,0,-405000,0,0,0,157000,562000,-405000,-405000
11372,031076,帆宣元大0A購01,0,0,0,0,0,0,0,0,0,-406000,0,0,0,40000,446000,-406000,-406000
11373,085450,聯電元富0A購01,0,0,0,0,0,0,0,0,0,-406000,0,0,0,16000,422000,-406000,-406000
11374,085691,宏碁國泰0A購02,0,0,0,0,0,0,0,0,0,-407000,0,0,0,0,407000,-407000,-407000
11375,037430,台積電富邦16購01,0,0,0,0,0,0,0,0,0,-408000,0,0,0,30000,438000,-408000,-408000
11376,1319,東陽,202000,560000,-358000,0,0,0,0,0,0,-51468,2000,1468,532,0,52000,-52000,-409468
11377,038362,東鋼富邦13購01,0,0,0,0,0,0,0,0,0,-410000,0,0,0,0,410000,-410000,-410000
11378,087517,國巨凱基11購01,0,0,0,0,0,0,0,0,0,-412000,0,0,0,74000,486000,-412000,-412000
11379,032102,華邦電永豐0A購04,0,0,0,0,0,0,0,0,0,-413000,0,0,0,0,413000,-413000,-413000
11380,038631,臺股指元大13購14,0,0,0,0,0,0,0,0,0,-413000,0,0,0,0,413000,-413000,-413000
11381,033294,矽創統一11購02,0,0,0,0,0,0,0,0,0,-414000,0,0,0,232000,646000,-414000,-414000
11382,030648,聯發科日盛14購01,0,0,0,0,0,0,0,0,0,-414000,0,0,0,1000,415000,-414000,-414000
11383,032851,矽創永豐0A購03,0,0,0,0,0,0,0,0,0,-416000,0,0,0,769000,1185000,-416000,-416000
11384,085619,T50反1凱基0B購02,0,0,0,0,0,0,0,0,0,-416000,0,0,0,74000,490000,-416000,-416000
11385,078847,亞德客統一08購01,0,0,0,0,0,0,0,0,0,-416000,0,0,0,4000,420000,-416000,-416000
11386,3056,總太,1579000,2225000,-646000,0,0,0,0,0,0,230000,204000,104000,100000,130000,0,130000,-416000
11387,035238,東聯群益0B購02,0,0,0,0,0,0,0,0,0,-417000,0,0,0,92000,509000,-417000,-417000
11388,039444,愛普元大11購02,0,0,0,0,0,0,0,0,0,-417000,0,0,0,44000,461000,-417000,-417000
11389,085987,華邦電元大08購06,0,0,0,0,0,0,0,0,0,-418000,0,0,0,20000,438000,-418000,-418000
11390,035792,南亞永豐0B購01,0,0,0,0,0,0,0,0,0,-418000,0,0,0,46000,464000,-418000,-418000
11391,032641,晶技統一11購01,0,0,0,0,0,0,0,0,0,-419000,0,0,0,499000,918000,-419000,-419000
11392,037584,力成中信0C購01,0,0,0,0,0,0,0,0,0,-419000,0,0,0,280000,699000,-419000,-419000
11393,039890,南亞科康和11購01,0,0,0,0,0,0,0,0,0,-420000,0,0,0,70000,490000,-420000,-420000
11394,036160,晶技元大0C購03,0,0,0,0,0,0,0,0,0,-421000,0,0,0,213000,634000,-421000,-421000
11395,030128,凌陽凱基0A購02,0,0,0,0,0,0,0,0,0,-423000,0,0,0,194000,617000,-423000,-423000
11396,077217,聯電凱基09購01,0,0,0,0,0,0,0,0,0,-423000,0,0,0,1176000,1599000,-423000,-423000
11397,036804,健策康和0C購02,0,0,0,0,0,0,0,0,0,-423000,0,0,0,135000,558000,-423000,-423000
11398,039460,台表科凱基13購02,0,0,0,0,0,0,0,0,0,-425000,0,0,0,222000,647000,-425000,-425000
11399,1904,正隆,519000,944000,-425000,0,0,0,0,0,0,-331,4000,4331,-331,18000,18000,0,-425331
11400,035318,京元電元大0B購04,0,20000,-20000,0,0,0,0,0,0,-407000,0,0,0,132000,539000,-407000,-427000
11401,081151,大立光凱基0A購01,0,0,0,0,0,0,0,0,0,-428000,0,0,0,38000,466000,-428000,-428000
11402,020020,元大台股領航N,0,0,0,0,0,0,0,0,0,-429000,0,0,0,144000,573000,-429000,-429000
11403,032647,南茂統一0A購02,0,0,0,0,0,0,0,0,0,-429000,0,0,0,31000,460000,-429000,-429000
11404,088420,聯發科群益0C購02,0,0,0,0,0,0,0,0,0,-430000,0,0,0,0,430000,-430000,-430000
11405,037500,T50反1群益12購02,0,0,0,0,0,0,0,0,0,-430000,0,0,0,0,430000,-430000,-430000
11406,037229,聯電元大0C購12,0,0,0,0,0,0,0,0,0,-431000,0,0,0,0,431000,-431000,-431000
11407,2820,華票,987000,1034000,-47000,0,0,0,0,0,0,-384000,0,384000,-384000,0,0,0,-431000
11408,036453,京元電康和0C購01,0,0,0,0,0,0,0,0,0,-432000,0,0,0,0,432000,-432000,-432000
11409,039622,超豐元大12購01,0,0,0,0,0,0,0,0,0,-432000,0,0,0,142000,574000,-432000,-432000
11410,2477,美隆電,114000,546000,-432000,0,0,0,0,0,0,0,0,0,0,0,0,0,-432000
11411,038616,燁輝元大13購01,0,2000,-2000,0,0,0,0,0,0,-432000,0,0,0,195000,627000,-432000,-434000
11412,2349,錸德,70000,504000,-434000,0,0,0,0,0,0,0,0,0,0,0,0,0,-434000
11413,1477,聚陽,898254,1126644,-228390,0,0,0,0,194000,-194000,-12351,0,351,-351,3000,15000,-12000,-434741
11414,031213,友達凱基12購01,0,0,0,0,0,0,0,0,0,-437000,0,0,0,170000,607000,-437000,-437000
11415,040181,康普元富12購06,0,0,0,0,0,0,0,0,0,-437000,0,0,0,63000,500000,-437000,-437000
11416,035744,愛普國票0B購02,0,0,0,0,0,0,0,0,0,-438000,0,0,0,71000,509000,-438000,-438000
11417,088060,聯詠元大09購06,0,0,0,0,0,0,0,0,0,-438000,0,0,0,0,438000,-438000,-438000
11418,087933,玉山金統一0B購01,0,0,0,0,0,0,0,0,0,-440000,0,0,0,0,440000,-440000,-440000
11419,037088,聯詠凱基11購03,0,0,0,0,0,0,0,0,0,-440000,0,0,0,292000,732000,-440000,-440000
11420,033657,友達統一15購03,0,0,0,0,0,0,0,0,0,-440000,0,0,0,0,440000,-440000,-440000
11421,089633,友達凱基13購02,0,0,0,0,0,0,0,0,0,-440000,0,0,0,608000,1048000,-440000,-440000
11422,6164,華興,579000,1020000,-441000,0,0,0,0,0,0,0,0,0,0,0,0,0,-441000
11423,034706,長榮元富0B購04,0,0,0,0,0,0,0,0,0,-442000,0,0,0,36000,478000,-442000,-442000
11424,036414,創意群益12購01,0,0,0,0,0,0,0,0,0,-442000,0,0,0,89000,531000,-442000,-442000
11425,088672,聯詠元大0A購02,0,0,0,0,0,0,0,0,0,-443000,0,0,0,0,443000,-443000,-443000
11426,2608,嘉里大榮,434000,864000,-430000,0,0,0,0,0,0,-13781,12000,7781,4219,1000,19000,-18000,-443781
11427,035635,鴻海富邦13購03,0,0,0,0,0,0,0,0,0,-444000,0,0,0,0,444000,-444000,-444000
11428,038781,景碩凱基11購02,0,0,0,0,0,0,0,0,0,-446000,0,0,0,19000,465000,-446000,-446000
11429,087647,京元電群益0A購01,0,0,0,0,0,0,0,0,0,-447000,0,0,0,381000,828000,-447000,-447000
11430,038910,天鈺群益11購01,0,0,0,0,0,0,0,0,0,-447000,0,0,0,140000,587000,-447000,-447000
11431,038676,宇隆群益11購01,0,0,0,0,0,0,0,0,0,-447000,0,0,0,150000,597000,-447000,-447000
11432,030129,聯發科凱基14購01,0,0,0,0,0,0,0,0,0,-448000,0,0,0,98000,546000,-448000,-448000
11433,034246,新光鋼統一12購01,0,0,0,0,0,0,0,0,0,-448000,0,0,0,7000,455000,-448000,-448000
11434,085236,聯詠元大08購02,0,0,0,0,0,0,0,0,0,-449000,0,0,0,113000,562000,-449000,-449000
11435,031571,新光鋼凱基12購01,0,0,0,0,0,0,0,0,0,-450000,0,0,0,150000,600000,-450000,-450000
11436,040244,聯電永豐11購04,0,0,0,0,0,0,0,0,0,-451000,0,0,0,34000,485000,-451000,-451000
11437,06668P,鴻海凱基0C售02,0,0,0,0,0,0,0,0,0,-452000,0,0,0,173000,625000,-452000,-452000
11438,086070,台郡統一0A購02,0,0,0,0,0,0,0,0,0,-453000,0,0,0,605000,1058000,-453000,-453000
11439,2009,第一銅,1212000,1690000,-478000,0,0,0,0,0,0,24000,49000,49000,0,24000,0,24000,-454000
11440,036796,惠特統一11購01,0,0,0,0,0,0,0,0,0,-455000,0,0,0,654000,1109000,-455000,-455000
11441,2458,義隆,686000,741451,-55451,0,0,0,0,340000,-340000,-62006,2000,3118,-1118,21000,81888,-60888,-457457
11442,034556,台積電富邦11購03,0,0,0,0,0,0,0,0,0,-458000,0,0,0,0,458000,-458000,-458000
11443,038961,康普元大11購01,0,0,0,0,0,0,0,0,0,-458000,0,0,0,595000,1053000,-458000,-458000
11444,033448,精成科元大0B購01,0,0,0,0,0,0,0,0,0,-459000,0,0,0,27000,486000,-459000,-459000
11445,036770,京元電富邦0C購01,0,0,0,0,0,0,0,0,0,-459000,0,0,0,0,459000,-459000,-459000
11446,037823,順德永豐0C購03,0,0,0,0,0,0,0,0,0,-459000,0,0,0,317000,776000,-459000,-459000
11447,038108,台表科康和12購01,0,0,0,0,0,0,0,0,0,-460000,0,0,0,30000,490000,-460000,-460000
11448,078241,帆宣元富0C購01,0,0,0,0,0,0,0,0,0,-461000,0,0,0,0,461000,-461000,-461000
11449,089317,群創國票0A購05,0,0,0,0,0,0,0,0,0,-461000,0,0,0,0,461000,-461000,-461000
11450,034049,牧德元富12購01,0,0,0,0,0,0,0,0,0,-462000,0,0,0,0,462000,-462000,-462000
11451,3419,譁裕,37000,499000,-462000,0,0,0,0,0,0,0,0,0,0,0,0,0,-462000
11452,039810,華晶科元大11購03,0,0,0,0,0,0,0,0,0,-463000,0,0,0,82000,545000,-463000,-463000
11453,2012,春雨,207000,652000,-445000,0,0,0,0,1000,-1000,-17000,103000,103000,0,0,17000,-17000,-463000
11454,2801,彰銀,3560988,4025602,-464614,0,0,0,1000,0,1000,0,0,0,0,0,0,0,-463614
11455,037511,台表科群益0C購01,0,0,0,0,0,0,0,0,0,-464000,0,0,0,205000,669000,-464000,-464000
11456,037751,同欣電中信0C購02,0,0,0,0,0,0,0,0,0,-465000,0,0,0,110000,575000,-465000,-465000
11457,1515,力山,153000,604000,-451000,0,0,0,0,0,0,-14000,0,0,0,0,14000,-14000,-465000
11458,030378,致新群益0B購01,0,0,0,0,0,0,0,0,0,-466000,0,0,0,2000,468000,-466000,-466000
11459,035189,旺宏元富0B購03,0,0,0,0,0,0,0,0,0,-466000,0,0,0,141000,607000,-466000,-466000
11460,00646,元大S&P500,1000,108000,-107000,0,0,0,0,0,0,-361000,0,0,0,0,361000,-361000,-468000
11461,036789,創意統一12購01,0,0,0,0,0,0,0,0,0,-469000,0,0,0,131000,600000,-469000,-469000
11462,036707,光罩群益11購01,0,0,0,0,0,0,0,0,0,-469000,0,0,0,381000,850000,-469000,-469000
11463,036980,聯電凱基14購03,0,0,0,0,0,0,0,0,0,-469000,0,0,0,25000,494000,-469000,-469000
11464,087146,聯詠國票0B購01,0,0,0,0,0,0,0,0,0,-470000,0,0,0,387000,857000,-470000,-470000
11465,086874,祥碩國票0B購01,0,0,0,0,0,0,0,0,0,-470000,0,0,0,74000,544000,-470000,-470000
11466,040605,京元電國票13購02,0,0,0,0,0,0,0,0,0,-470000,0,0,0,0,470000,-470000,-470000
11467,089038,台達電國泰0B購01,0,0,0,0,0,0,0,0,0,-470000,0,0,0,17000,487000,-470000,-470000
11468,06502P,聯詠元大09售03,0,0,0,0,0,0,0,0,0,-471000,0,0,0,0,471000,-471000,-471000
11469,036651,矽創統一12購04,0,0,0,0,0,0,0,0,0,-473000,0,0,0,310000,783000,-473000,-473000
11470,8070,長華*,884000,1680000,-796000,0,0,0,0,0,0,322354,3050,2696,354,326000,4000,322000,-473646
11471,089927,聯電永豐0A購01,0,0,0,0,0,0,0,0,0,-474000,0,0,0,97000,571000,-474000,-474000
11472,040507,矽創永豐12購01,0,0,0,0,0,0,0,0,0,-475000,0,0,0,0,475000,-475000,-475000
11473,032621,臺股指元大0C購05,0,0,0,0,0,0,0,0,0,-476000,0,0,0,0,476000,-476000,-476000
11474,032431,矽統元大0B購01,0,0,0,0,0,0,0,0,0,-477000,0,0,0,702000,1179000,-477000,-477000
11475,06284P,台積電元大0C售01,0,0,0,0,0,0,0,0,0,-477000,0,0,0,37000,514000,-477000,-477000
11476,089412,聯詠凱基09購08,0,0,0,0,0,0,0,0,0,-477000,0,0,0,578000,1055000,-477000,-477000
11477,082770,同欣電統一09購02,0,0,0,0,0,0,0,0,0,-478000,0,0,0,387000,865000,-478000,-478000
11478,033266,惠特元大11購01,0,0,0,0,0,0,0,0,0,-479000,0,0,0,603000,1082000,-479000,-479000
11479,030808,大成鋼富邦0C購01,0,0,0,0,0,0,0,0,0,-479000,0,0,0,2000,481000,-479000,-479000
11480,040541,矽創凱基13購02,0,0,0,0,0,0,0,0,0,-479000,0,0,0,0,479000,-479000,-479000
11481,039478,聯電國泰13購03,0,0,0,0,0,0,0,0,0,-479000,0,0,0,154000,633000,-479000,-479000
11482,038250,道瓊反凱基13購01,0,0,0,0,0,0,0,0,0,-479000,0,0,0,40000,519000,-479000,-479000
11483,032318,南茂永豐0A購01,0,0,0,0,0,0,0,0,0,-481000,0,0,0,57000,538000,-481000,-481000
11484,038439,中華元大11購01,0,0,0,0,0,0,0,0,0,-481000,0,0,0,229000,710000,-481000,-481000
11485,040383,菱生元大12購03,0,0,0,0,0,0,0,0,0,-481000,0,0,0,0,481000,-481000,-481000
11486,06808P,友達元大0A售04,0,0,0,0,0,0,0,0,0,-481000,0,0,0,0,481000,-481000,-481000
11487,079454,聯發科元富0C購02,0,0,0,0,0,0,0,0,0,-482000,0,0,0,33000,515000,-482000,-482000
11488,037141,智原統一12購01,0,0,0,0,0,0,0,0,0,-482000,0,0,0,311000,793000,-482000,-482000
11489,05170P,嘉晶元富0C售02,0,0,0,0,0,0,0,0,0,-483000,0,0,0,337000,820000,-483000,-483000
11490,035800,道瓊反凱基12購01,0,0,0,0,0,0,0,0,0,-484000,0,0,0,15000,499000,-484000,-484000
11491,088080,日月光統一13購01,0,0,0,0,0,0,0,0,0,-487000,0,0,0,258000,745000,-487000,-487000
11492,034720,南亞麥證0B購01,0,0,0,266000,753000,-487000,0,0,0,-487000,0,0,0,266000,753000,-487000,-487000
11493,035023,鴻海凱基0C購03,0,0,0,0,0,0,0,0,0,-488000,0,0,0,73000,561000,-488000,-488000
11494,6213,聯茂,571000,1000000,-429000,0,0,0,0,0,0,-59999,34000,59000,-25000,6000,40999,-34999,-488999
11495,030403,鼎元元大0A購01,0,0,0,0,0,0,0,0,0,-489000,0,0,0,86000,575000,-489000,-489000
11496,037804,超豐元大0C購01,0,0,0,0,0,0,0,0,0,-489000,0,0,0,376000,865000,-489000,-489000
11497,039508,上銀群益12購01,0,0,0,0,0,0,0,0,0,-489000,0,0,0,12000,501000,-489000,-489000
11498,039077,智原元大13購01,0,0,0,0,0,0,0,0,0,-489000,0,0,0,280000,769000,-489000,-489000
11499,07079P,裕民凱基0B售01,0,0,0,0,0,0,0,0,0,-489000,0,0,0,3000,492000,-489000,-489000
11500,031848,彩晶兆豐0A購04,0,0,0,0,0,0,0,0,0,-490000,0,0,0,0,490000,-490000,-490000
11501,00631L,元大台灣50正2,103000,91000,12000,0,0,0,0,0,0,-502115,0,52000,-52000,405018,855133,-450115,-490115
11502,037861,景碩元富13購02,0,0,0,0,0,0,0,0,0,-491000,0,0,0,5000,496000,-491000,-491000
11503,033006,同欣電元富0A購02,0,0,0,0,0,0,0,0,0,-492000,0,0,0,97000,589000,-492000,-492000
11504,035126,華新統一0C購04,0,0,0,0,0,0,0,0,0,-492000,0,0,0,97000,589000,-492000,-492000
11505,034784,鴻海國泰11購05,0,0,0,0,0,0,0,0,0,-492000,0,0,0,143000,635000,-492000,-492000
11506,03754C,T50反1元大0A牛11,0,0,0,0,0,0,0,0,0,-494000,0,0,0,66000,560000,-494000,-494000
11507,038241,晶技元大12購02,0,0,0,0,0,0,0,0,0,-494000,0,0,0,8000,502000,-494000,-494000
11508,3036,文曄,823000,1338000,-515000,0,0,0,0,14000,-14000,33792,50230,2438,47792,37000,51000,-14000,-495208
11509,035083,華新凱基11購01,0,0,0,0,0,0,0,0,0,-496000,0,0,0,63000,559000,-496000,-496000
11510,081817,鴻海凱基0C購01,0,0,0,0,0,0,0,0,0,-496000,0,0,0,4000,500000,-496000,-496000
11511,081486,台積電凱基0B購02,0,0,0,0,0,0,0,0,0,-497000,0,0,0,1000,498000,-497000,-497000
11512,036128,威致凱基12購01,0,0,0,0,0,0,0,0,0,-497000,0,0,0,117000,614000,-497000,-497000
11513,037213,旺宏元富0C購03,0,0,0,0,0,0,0,0,0,-497000,0,0,0,259000,756000,-497000,-497000
11514,030777,華晶科麥證0B購01,0,0,0,109000,607000,-498000,0,0,0,-498000,0,0,0,109000,607000,-498000,-498000
11515,040719,新唐元大13購03,0,0,0,0,0,0,0,0,0,-498000,0,0,0,0,498000,-498000,-498000
11516,3257,虹冠電,348000,830000,-482000,0,0,0,0,0,0,-16000,0,16000,-16000,0,0,0,-498000
11517,00753L,中信中國50正2,43000,257000,-214000,0,0,0,0,0,0,-285000,0,0,0,245000,530000,-285000,-499000
11518,032139,華邦電凱基0A購10,0,0,0,0,0,0,0,0,0,-499000,0,0,0,0,499000,-499000,-499000
11519,083181,鴻海國票0B購01,0,0,0,0,0,0,0,0,0,-499000,0,0,0,0,499000,-499000,-499000
11520,06549P,臺股指元大09售11,0,0,0,0,0,0,0,0,0,-499000,0,0,0,0,499000,-499000,-499000
11521,086576,同欣電元大09購01,0,0,0,0,0,0,0,0,0,-500000,0,0,0,2000,502000,-500000,-500000
11522,086311,南亞科凱基12購01,0,0,0,0,0,0,0,0,0,-501000,0,0,0,0,501000,-501000,-501000
11523,06457P,緯穎凱基09售01,0,0,0,0,0,0,0,0,0,-501000,0,0,0,0,501000,-501000,-501000
11524,2327,國巨,932930,1463525,-530595,0,0,0,48000,846,47154,-18212,69000,67412,1588,17000,36800,-19800,-501653
11525,2020,美亞,315000,795000,-480000,0,0,0,0,1000,-1000,-21000,66000,66000,0,0,21000,-21000,-502000
11526,3437,榮創,1533000,2004000,-471000,0,0,0,0,0,0,-31000,0,31000,-31000,0,0,0,-502000
11527,2461,光群雷,261000,763000,-502000,0,0,0,0,0,0,0,0,0,0,0,0,0,-502000
11528,086152,華邦電元大0B購01,0,0,0,0,0,0,0,0,0,-503000,0,0,0,34000,537000,-503000,-503000
11529,040240,欣興群益14購01,0,0,0,0,0,0,0,0,0,-503000,0,0,0,101000,604000,-503000,-503000
11530,00665L,富邦恒生國企正2,0,197000,-197000,0,0,0,0,0,0,-306582,0,0,0,174000,480582,-306582,-503582
11531,2101,南港,126000,631000,-505000,0,0,0,0,0,0,0,0,0,0,0,0,0,-505000
11532,088832,南茂元大0C購01,0,0,0,0,0,0,0,0,0,-505000,0,0,0,184000,689000,-505000,-505000
11533,081383,台積電麥證0A購01,0,0,0,10000,517000,-507000,0,0,0,-507000,0,0,0,10000,517000,-507000,-507000
11534,039012,智原永豐11購02,0,0,0,0,0,0,0,0,0,-507000,0,0,0,174000,681000,-507000,-507000
11535,087868,上証2X元大09購04,0,0,0,0,0,0,0,0,0,-508000,0,0,0,0,508000,-508000,-508000
11536,088220,上銀元富11購01,0,0,0,0,0,0,0,0,0,-510000,0,0,0,0,510000,-510000,-510000
11537,036995,晶技統一11購03,0,0,0,0,0,0,0,0,0,-510000,0,0,0,66000,576000,-510000,-510000
11538,034746,群創元大0B購11,0,0,0,0,0,0,0,0,0,-510000,0,0,0,0,510000,-510000,-510000
11539,038260,盟立凱基14購01,0,0,0,0,0,0,0,0,0,-510000,0,0,0,9000,519000,-510000,-510000
11540,040050,華新元大14購01,0,0,0,0,0,0,0,0,0,-510000,0,0,0,117000,627000,-510000,-510000
11541,07294P,臺股指群益0C售04,0,0,0,0,0,0,0,0,0,-510000,0,0,0,10000,520000,-510000,-510000
11542,038962,聯茂元大11購01,0,0,0,0,0,0,0,0,0,-512000,0,0,0,20000,532000,-512000,-512000
11543,1710,東聯,334000,983000,-649000,0,0,0,0,0,0,135700,7000,2300,4700,151000,20000,131000,-513300
11544,05900P,臺股指國票0B售08,0,0,0,0,0,0,0,0,0,-515000,0,0,0,30000,545000,-515000,-515000
11545,089345,台積電元大09購31,0,0,0,0,0,0,0,0,0,-516000,0,0,0,50000,566000,-516000,-516000
11546,039518,台表科群益12購01,0,0,0,0,0,0,0,0,0,-517000,0,0,0,37000,554000,-517000,-517000
11547,036206,矽創統一12購03,0,0,0,0,0,0,0,0,0,-518000,0,0,0,66000,584000,-518000,-518000
11548,032697,群創永豐0A購10,0,0,0,0,0,0,0,0,0,-519000,0,0,0,0,519000,-519000,-519000
11549,030996,滬深2X國泰0C購01,0,0,0,0,0,0,0,0,0,-520000,0,0,0,0,520000,-520000,-520000
11550,2032,新鋼,526000,1046000,-520000,0,0,0,0,0,0,0,226000,226000,0,0,0,0,-520000
11551,086049,聯陽元富0B購01,0,0,0,0,0,0,0,0,0,-521000,0,0,0,10000,531000,-521000,-521000
11552,084696,宏碁統一0A購01,0,0,0,0,0,0,0,0,0,-522000,0,0,0,0,522000,-522000,-522000
11553,087732,鴻海元富0C購05,0,0,0,0,0,0,0,0,0,-524000,0,0,0,0,524000,-524000,-524000
11554,03493B,臺股指凱基08熊17,0,0,0,0,0,0,0,0,0,-524000,0,0,0,338000,862000,-524000,-524000
11555,07527P,第一銅凱基11售02,0,0,0,0,0,0,0,0,0,-525000,0,0,0,5000,530000,-525000,-525000
11556,030155,玉晶光富邦0C購01,0,0,0,0,0,0,0,0,0,-526000,0,0,0,5000,531000,-526000,-526000
11557,077292,南亞科元富0B購01,0,0,0,0,0,0,0,0,0,-526000,0,0,0,109000,635000,-526000,-526000
11558,039366,健策富邦11購01,0,0,0,0,0,0,0,0,0,-526000,0,0,0,286000,812000,-526000,-526000
11559,034550,世紀鋼統一0C購01,0,0,0,0,0,0,0,0,0,-527000,0,0,0,0,527000,-527000,-527000
11560,2347,聯強,3800139,4327927,-527788,0,0,0,0,0,0,305,1000,695,305,0,0,0,-527483
11561,039233,聯陽國票12購01,0,0,0,0,0,0,0,0,0,-528000,0,0,0,42000,570000,-528000,-528000
11562,05343P,全新元富09售02,0,0,0,0,0,0,0,0,0,-528000,0,0,0,0,528000,-528000,-528000
11563,085260,瑞儀國泰0A購01,0,0,0,0,0,0,0,0,0,-529000,0,0,0,71000,600000,-529000,-529000
11564,040223,台積電中信17購01,0,0,0,0,0,0,0,0,0,-529000,0,0,0,0,529000,-529000,-529000
11565,06956P,台灣50元大0B售02,0,0,0,0,0,0,0,0,0,-530000,0,0,0,0,530000,-530000,-530000
11566,040709,超豐元大12購02,0,0,0,0,0,0,0,0,0,-531000,0,0,0,16000,547000,-531000,-531000
11567,037476,晶技國泰12購02,0,0,0,0,0,0,0,0,0,-532000,0,0,0,105000,637000,-532000,-532000
11568,037399,京元電凱基0C購02,0,0,0,0,0,0,0,0,0,-533000,0,0,0,80000,613000,-533000,-533000
11569,083686,日月光統一09購06,0,0,0,0,0,0,0,0,0,-534000,0,0,0,52000,586000,-534000,-534000
11570,089893,南電統一0C購01,0,0,0,0,0,0,0,0,0,-534000,0,0,0,354000,888000,-534000,-534000
11571,2352,佳世達,1263000,1793000,-530000,0,0,0,0,0,0,-4995,28000,50995,-22995,21000,3000,18000,-534995
11572,034023,台玻中信0C購01,0,0,0,0,0,0,0,0,0,-535000,0,0,0,93000,628000,-535000,-535000
11573,031856,宏達電中信11購01,0,0,0,0,0,0,0,0,0,-536000,0,0,0,400000,936000,-536000,-536000
11574,2809,京城銀,164000,502000,-338000,0,0,0,0,0,0,-199000,20000,0,20000,0,219000,-219000,-537000
11575,039300,欣興元富11購01,0,0,0,0,0,0,0,0,0,-539000,0,0,0,300000,839000,-539000,-539000
11576,6672,騰輝電子-KY,484000,1009000,-525000,0,0,0,0,15000,-15000,907,20958,14051,6907,0,6000,-6000,-539093
11577,083702,日月光元富0A購01,0,0,0,0,0,0,0,0,0,-541000,0,0,0,304000,845000,-541000,-541000
11578,089414,松翰凱基0A購03,0,0,0,0,0,0,0,0,0,-541000,0,0,0,24000,565000,-541000,-541000
11579,039693,超豐群益11購01,0,0,0,0,0,0,0,0,0,-542000,0,0,0,220000,762000,-542000,-542000
11580,06145P,聯電兆豐09售01,0,0,0,0,0,0,0,0,0,-543000,0,0,0,0,543000,-543000,-543000
11581,039821,南茂元大14購01,0,0,0,0,0,0,0,0,0,-544000,0,0,0,32000,576000,-544000,-544000
11582,030933,大立光群益0A購03,0,0,0,0,0,0,0,0,0,-545000,0,0,0,20000,565000,-545000,-545000
11583,037913,景碩凱基14購01,0,0,0,0,0,0,0,0,0,-545000,0,0,0,167000,712000,-545000,-545000
11584,037287,第一銅元大11購01,0,0,0,0,0,0,0,0,0,-546000,0,0,0,68000,614000,-546000,-546000
11585,084409,致伸國票08購02,0,0,0,0,0,0,0,0,0,-547000,0,0,0,34000,581000,-547000,-547000
11586,8213,志超,306000,849000,-543000,0,0,0,0,0,0,-5000,1000,0,1000,0,6000,-6000,-548000
11587,030063,A50正2群益0A購01,0,0,0,0,0,0,0,0,0,-549000,0,0,0,0,549000,-549000,-549000
11588,039403,祥碩元富11購01,0,0,0,0,0,0,0,0,0,-550000,0,0,0,60000,610000,-550000,-550000
11589,4967,十銓,895000,1446000,-551000,0,0,0,0,0,0,0,0,0,0,0,0,0,-551000
11590,2069,運錩,1285000,1844000,-559000,0,0,0,2000,0,2000,5458,35000,6000,29000,315088,338630,-23542,-551542
11591,2314,台揚,1888000,2103000,-215000,0,0,0,0,0,0,-336996,16349,344345,-327996,127000,136000,-9000,-551996
11592,2108,南帝,592481,1027000,-434519,0,0,0,0,4000,-4000,-115384,11000,11384,-384,7000,122000,-115000,-553903
11593,088937,正文統一0B購01,0,0,0,0,0,0,0,0,0,-554000,0,0,0,35000,589000,-554000,-554000
11594,032798,南茂元大11購01,0,0,0,0,0,0,0,0,0,-557000,0,0,0,22000,579000,-557000,-557000
11595,083928,聯電中信09購02,0,0,0,0,0,0,0,0,0,-559000,0,0,0,50000,609000,-559000,-559000
11596,037669,聯詠國泰12購02,0,0,0,0,0,0,0,0,0,-562000,0,0,0,1214000,1776000,-562000,-562000
11597,078239,達麗元富0C購01,0,0,0,0,0,0,0,0,0,-563000,0,0,0,10000,573000,-563000,-563000
11598,033348,日月光永豐0B購01,0,0,0,0,0,0,0,0,0,-563000,0,0,0,20000,583000,-563000,-563000
11599,07120P,愛普元大0B售01,0,0,0,0,0,0,0,0,0,-563000,0,0,0,0,563000,-563000,-563000
11600,038112,聯電凱基11購02,0,0,0,0,0,0,0,0,0,-564000,0,0,0,270000,834000,-564000,-564000
11601,030073,台積電群益0A購12,0,0,0,0,0,0,0,0,0,-565000,0,0,0,62000,627000,-565000,-565000
11602,035692,祥碩凱基0B購02,0,0,0,0,0,0,0,0,0,-565000,0,0,0,73000,638000,-565000,-565000
11603,081142,華邦電凱基0A購02,0,0,0,0,0,0,0,0,0,-565000,0,0,0,9000,574000,-565000,-565000
11604,006205,富邦上証,181000,116000,65000,0,0,0,0,0,0,-635165,0,0,0,557949,1193114,-635165,-570165
11605,039244,聯詠富邦13購02,0,0,0,0,0,0,0,0,0,-572000,0,0,0,1159000,1731000,-572000,-572000
11606,2611,志信,1953000,2525000,-572000,0,0,0,0,0,0,0,0,0,0,0,0,0,-572000
11607,034783,台達電國泰11購01,0,0,0,0,0,0,0,0,0,-573000,0,0,0,45000,618000,-573000,-573000
11608,083433,聯電凱基0A購04,0,0,0,0,0,0,0,0,0,-574000,0,0,0,0,574000,-574000,-574000
11609,033164,矽統中信0B購01,15000,0,15000,0,0,0,0,0,0,-590000,0,0,0,251000,841000,-590000,-575000
11610,037317,宏達電凱基0C購02,0,0,0,0,0,0,0,0,0,-575000,0,0,0,0,575000,-575000,-575000
11611,038443,菱生元大12購01,0,0,0,0,0,0,0,0,0,-577000,0,0,0,337000,914000,-577000,-577000
11612,06505P,國巨元富0C售06,0,0,0,0,0,0,0,0,0,-577000,0,0,0,0,577000,-577000,-577000
11613,088953,聯電國票0A購02,0,0,0,0,0,0,0,0,0,-577000,0,0,0,803000,1380000,-577000,-577000
11614,087153,牧德國泰0B購01,0,0,0,0,0,0,0,0,0,-578000,0,0,0,47000,625000,-578000,-578000
11615,8039,台虹,508000,1096000,-588000,0,0,0,0,0,0,8046,2101,1055,1046,8000,1000,7000,-579954
11616,084568,京元電國票09購01,0,0,0,0,0,0,0,0,0,-580000,0,0,0,0,580000,-580000,-580000
11617,07350P,玉晶光元大0C售08,0,0,0,0,0,0,0,0,0,-580000,0,0,0,0,580000,-580000,-580000
11618,3312,弘憶股,174000,724000,-550000,0,0,0,0,0,0,-30000,0,30000,-30000,0,0,0,-580000
11619,03748C,台積電富邦0C牛01,0,0,0,0,0,0,0,0,0,-581000,0,0,0,52000,633000,-581000,-581000
11620,089982,聯詠元大0C購06,0,0,0,0,0,0,0,0,0,-582000,0,0,0,0,582000,-582000,-582000
11621,039310,聯電麥證13購02,0,0,0,40000,607000,-567000,0,0,0,-587000,0,0,0,44000,631000,-587000,-587000
11622,030809,台積電富邦11購01,0,0,0,0,0,0,0,0,0,-588000,0,0,0,0,588000,-588000,-588000
11623,039727,康舒國票12購01,0,0,0,0,0,0,0,0,0,-588000,0,0,0,0,588000,-588000,-588000
11624,030535,華邦電凱基0A購05,0,0,0,0,0,0,0,0,0,-589000,0,0,0,114000,703000,-589000,-589000
11625,033277,聯電統一15購01,0,0,0,0,0,0,0,0,0,-589000,0,0,0,86000,675000,-589000,-589000
11626,3376,新日興,525000,770420,-245420,0,0,0,0,0,0,-345000,6000,370000,-364000,20000,1000,19000,-590420
11627,037744,台化富邦0C購01,0,0,0,0,0,0,0,0,0,-591000,0,0,0,164000,755000,-591000,-591000
11628,032446,晶技元大0A購02,0,0,0,0,0,0,0,0,0,-593000,0,0,0,67000,660000,-593000,-593000
11629,033196,晶相光凱基0B購02,0,0,0,0,0,0,0,0,0,-594000,0,0,0,246000,840000,-594000,-594000
11630,06551P,臺股指元大0C售02,0,0,0,0,0,0,0,0,0,-594000,0,0,0,70000,664000,-594000,-594000
11631,088631,南茂永豐09購02,0,0,0,0,0,0,0,0,0,-595000,0,0,0,185000,780000,-595000,-595000
11632,038540,元晶富邦11購01,0,0,0,0,0,0,0,0,0,-598000,0,0,0,0,598000,-598000,-598000
11633,033254,威健元大0C購01,0,0,0,0,0,0,0,0,0,-599000,0,0,0,128000,727000,-599000,-599000
11634,031374,晶技永豐0A購01,0,0,0,0,0,0,0,0,0,-600000,0,0,0,577000,1177000,-600000,-600000
11635,031683,宏達電中信0A購01,0,0,0,0,0,0,0,0,0,-600000,0,0,0,50000,650000,-600000,-600000
11636,084916,T50反1元大0B購04,0,0,0,0,0,0,0,0,0,-600000,0,0,0,0,600000,-600000,-600000
11637,039133,亞泥中信11購01,0,0,0,0,0,0,0,0,0,-600000,0,0,0,0,600000,-600000,-600000
11638,038391,惠特元大15購01,0,0,0,0,0,0,0,0,0,-603000,0,0,0,118000,721000,-603000,-603000
11639,2891,中信金,21488125,22194398,-706273,0,0,0,5000,20512,-15512,117000,258000,162000,96000,48000,27000,21000,-604785
11640,07033P,健策元大0B售04,0,0,0,0,0,0,0,0,0,-605000,0,0,0,5000,610000,-605000,-605000
11641,087506,聯電日盛0B購01,0,0,0,0,0,0,0,0,0,-606000,0,0,0,150000,756000,-606000,-606000
11642,06812P,臺股指元大0A售27,0,0,0,0,0,0,0,0,0,-606000,0,0,0,58000,664000,-606000,-606000
11643,038900,天鈺永豐11購02,0,0,0,0,0,0,0,0,0,-606000,0,0,0,4000,610000,-606000,-606000
11644,033821,友達統一15購04,0,0,0,0,0,0,0,0,0,-607000,0,0,0,106000,713000,-607000,-607000
11645,2884,玉山金,12207141,12739777,-532636,0,0,0,3000,43552,-40552,-36496,0,0,0,31000,67496,-36496,-609684
11646,032875,光罩凱基0A購01,0,0,0,0,0,0,0,0,0,-613000,0,0,0,769000,1382000,-613000,-613000
11647,087710,台積電統一13購01,0,0,0,0,0,0,0,0,0,-613000,0,0,0,1000,614000,-613000,-613000
11648,033734,台表科國票0C購01,0,0,0,0,0,0,0,0,0,-614000,0,0,0,55000,669000,-614000,-614000
11649,031495,聯電元大0A購10,0,0,0,0,0,0,0,0,0,-615000,0,0,0,98000,713000,-615000,-615000
11650,037099,億光永豐0C購01,0,0,0,0,0,0,0,0,0,-617000,0,0,0,31000,648000,-617000,-617000
11651,035795,全新永豐0B購01,0,0,0,0,0,0,0,0,0,-618000,0,0,0,0,618000,-618000,-618000
11652,06685P,聯電元大09售08,0,0,0,0,0,0,0,0,0,-618000,0,0,0,530000,1148000,-618000,-618000
11653,039718,聯詠國票11購02,0,0,0,0,0,0,0,0,0,-618000,0,0,0,40000,658000,-618000,-618000
11654,033067,矽統凱基0B購01,0,0,0,0,0,0,0,0,0,-619000,0,0,0,134000,753000,-619000,-619000
11655,040208,菱生國票12購01,0,0,0,0,0,0,0,0,0,-620000,0,0,0,0,620000,-620000,-620000
11656,080067,上銀元大08購02,0,0,0,0,0,0,0,0,0,-621000,0,0,0,74000,695000,-621000,-621000
11657,082489,華邦電統一09購05,0,0,0,0,0,0,0,0,0,-621000,0,0,0,30000,651000,-621000,-621000
11658,083881,大立光國泰0B購01,0,0,0,0,0,0,0,0,0,-625000,0,0,0,181000,806000,-625000,-625000
11659,040128,捷敏永豐11購01,0,0,0,0,0,0,0,0,0,-625000,0,0,0,243000,868000,-625000,-625000
11660,039084,長華元大12購01,0,0,0,0,0,0,0,0,0,-625000,0,0,0,5000,630000,-625000,-625000
11661,033140,健和興元大0C購01,0,0,0,0,0,0,0,0,0,-627000,0,0,0,136000,763000,-627000,-627000
11662,036932,鴻海富邦14購01,0,0,0,0,0,0,0,0,0,-627000,0,0,0,312000,939000,-627000,-627000
11663,036792,健策統一11購01,0,0,0,0,0,0,0,0,0,-627000,0,0,0,229000,856000,-627000,-627000
11664,039831,晶技康和12購01,0,0,0,0,0,0,0,0,0,-628000,0,0,0,0,628000,-628000,-628000
11665,034625,牧德元富12購02,0,0,0,0,0,0,0,0,0,-630000,0,0,0,79000,709000,-630000,-630000
11666,039264,新唐兆豐13購02,0,0,0,0,0,0,0,0,0,-631000,0,0,0,315000,946000,-631000,-631000
11667,031282,惠特統一0B購02,0,0,0,0,0,0,0,0,0,-633000,0,0,0,274000,907000,-633000,-633000
11668,039575,華邦電康和11購03,0,0,0,0,0,0,0,0,0,-633000,0,0,0,252000,885000,-633000,-633000
11669,2485,兆赫,213000,846000,-633000,0,0,0,0,0,0,-572,0,2572,-2572,2000,0,2000,-633572
11670,033824,群創統一15購03,0,0,0,0,0,0,0,0,0,-635000,0,0,0,0,635000,-635000,-635000
11671,039576,矽統康和11購01,0,0,0,0,0,0,0,0,0,-635000,0,0,0,58000,693000,-635000,-635000
11672,2642,宅配通,280000,921000,-641000,0,0,0,0,0,0,3274,0,0,0,12100,8826,3274,-637726
11673,039558,天鈺元大12購01,0,0,0,0,0,0,0,0,0,-638000,0,0,0,3000,641000,-638000,-638000
11674,00673R,期元大S&P原油反1,1000,113000,-112000,0,0,0,0,0,0,-529000,0,0,0,232000,761000,-529000,-641000
11675,00701,國泰股利精選30,22000,455000,-433000,0,0,0,0,0,0,-211143,0,0,0,0,211143,-211143,-644143
11676,031024,華邦電凱基0A購07,0,0,0,0,0,0,0,0,0,-646000,0,0,0,24000,670000,-646000,-646000
11677,034250,國巨統一11購01,0,0,0,0,0,0,0,0,0,-650000,0,0,0,588000,1238000,-650000,-650000
11678,040191,南亞凱基11購01,0,0,0,0,0,0,0,0,0,-650000,0,0,0,226000,876000,-650000,-650000
11679,6443,元晶,862000,1574000,-712000,0,0,0,0,0,0,62000,0,0,0,72000,10000,62000,-650000
11680,040704,聯電元大13購04,0,0,0,0,0,0,0,0,0,-652000,0,0,0,9000,661000,-652000,-652000
11681,00656R,國泰中國A50反1,0,0,0,0,0,0,0,0,0,-653000,0,0,0,339000,992000,-653000,-653000
11682,037431,台積電富邦16購02,0,0,0,0,0,0,0,0,0,-653000,0,0,0,0,653000,-653000,-653000
11683,2007,燁興,9651200,10652000,-1000800,0,0,0,6000,0,6000,339000,376000,37000,339000,0,0,0,-655800
11684,033063,聚鼎永豐0A購01,0,0,0,0,0,0,0,0,0,-656000,0,0,0,54000,710000,-656000,-656000
11685,037288,第一銅元大14購01,0,0,0,0,0,0,0,0,0,-658000,0,0,0,0,658000,-658000,-658000
11686,089856,精成科元大09購05,0,0,0,0,0,0,0,0,0,-660000,0,0,0,34000,694000,-660000,-660000
11687,1711,永光,481000,1064000,-583000,0,0,0,0,0,0,-79955,5000,955,4045,54000,138000,-84000,-662955
11688,036803,光罩康和0C購01,10000,20000,-10000,0,0,0,0,0,0,-653000,0,0,0,716000,1369000,-653000,-663000
11689,040703,聯電元大12購04,0,0,0,0,0,0,0,0,0,-663000,0,0,0,4000,667000,-663000,-663000
11690,035423,聯電元大11購03,0,0,0,0,0,0,0,0,0,-666000,0,0,0,13000,679000,-666000,-666000
11691,9907,統一實,260000,918000,-658000,0,0,0,0,3000,-3000,-5088,0,88,-88,0,5000,-5000,-666088
11692,6153,嘉聯益,102000,750000,-648000,0,0,0,0,0,0,-19337,13000,12000,1000,0,20337,-20337,-667337
11693,03064F,恒指麥證0C購01,0,0,0,30000,698000,-668000,0,0,0,-668000,0,0,0,30000,698000,-668000,-668000
11694,2353,宏碁,8109977,9087362,-977385,0,0,0,1000,10340,-9340,316000,0,0,0,354000,38000,316000,-670725
11695,3026,禾伸堂,85000,477000,-392000,0,0,0,0,270000,-270000,-11000,0,10000,-10000,2000,3000,-1000,-673000
11696,030564,華晶科統一11購01,0,0,0,0,0,0,0,0,0,-674000,0,0,0,249000,923000,-674000,-674000
11697,07053P,裕民元大0C售01,0,0,0,0,0,0,0,0,0,-678000,0,0,0,30000,708000,-678000,-678000
11698,033224,日月光元富12購01,0,0,0,0,0,0,0,0,0,-679000,0,0,0,223000,902000,-679000,-679000
11699,037131,惠特元大0C購03,0,0,0,0,0,0,0,0,0,-680000,0,0,0,194000,874000,-680000,-680000
11700,06988P,聯電兆豐11售02,0,0,0,0,0,0,0,0,0,-680000,0,0,0,10000,690000,-680000,-680000
11701,033173,長榮永豐0B購01,2000,0,2000,0,0,0,0,0,0,-685000,0,0,0,0,685000,-685000,-683000
11702,033620,華新元富0B購01,0,0,0,0,0,0,0,0,0,-683000,0,0,0,348000,1031000,-683000,-683000
11703,039938,欣興凱基11購02,0,0,0,0,0,0,0,0,0,-685000,0,0,0,433000,1118000,-685000,-685000
11704,3003,健和興,469000,1109000,-640000,0,0,0,0,0,0,-45020,28533,37553,-9020,35000,71000,-36000,-685020
11705,033816,聯電統一15購03,0,0,0,0,0,0,0,0,0,-689000,0,0,0,215000,904000,-689000,-689000
11706,07149P,台灣50元大0C售10,0,0,0,0,0,0,0,0,0,-690000,0,0,0,0,690000,-690000,-690000
11707,089726,光寶科永豐09購01,0,0,0,0,0,0,0,0,0,-690000,0,0,0,10000,700000,-690000,-690000
11708,039365,凌陽富邦11購01,0,0,0,0,0,0,0,0,0,-691000,0,0,0,63000,754000,-691000,-691000
11709,038877,天鈺凱基13購01,0,0,0,0,0,0,0,0,0,-691000,0,0,0,48000,739000,-691000,-691000
11710,031008,華邦電永豐0A購02,0,0,0,0,0,0,0,0,0,-692000,0,0,0,0,692000,-692000,-692000
11711,088004,華碩兆豐0A購01,0,0,0,0,0,0,0,0,0,-694000,0,0,0,38000,732000,-694000,-694000
11712,033932,禾伸堂元大0B購01,0,0,0,0,0,0,0,0,0,-695000,0,0,0,0,695000,-695000,-695000
11713,040295,明基材元大11購01,0,0,0,0,0,0,0,0,0,-696000,0,0,0,611000,1307000,-696000,-696000
11714,086503,華碩麥證09購01,0,0,0,0,701000,-701000,0,0,0,-700000,0,0,0,1000,701000,-700000,-700000
11715,040557,台表科統一12購02,0,0,0,0,0,0,0,0,0,-701000,0,0,0,0,701000,-701000,-701000
11716,039642,群創永豐11購03,0,0,0,0,0,0,0,0,0,-701000,0,0,0,99000,800000,-701000,-701000
11717,039402,新唐元富11購02,0,0,0,0,0,0,0,0,0,-704000,0,0,0,443000,1147000,-704000,-704000
11718,033302,矽創中信0B購02,0,0,0,0,0,0,0,0,0,-706000,0,0,0,312000,1018000,-706000,-706000
11719,039986,聯電國票11購05,0,0,0,0,0,0,0,0,0,-707000,0,0,0,92000,799000,-707000,-707000
11720,06963P,長榮元富0A售17,0,0,0,0,0,0,0,0,0,-709000,0,0,0,86000,795000,-709000,-709000
11721,032468,友達中信0B購02,0,0,0,0,0,0,0,0,0,-710000,0,0,0,0,710000,-710000,-710000
11722,033396,矽創元大0B購02,0,0,0,0,0,0,0,0,0,-715000,0,0,0,84000,799000,-715000,-715000
11723,038876,天鈺凱基11購01,0,0,0,0,0,0,0,0,0,-717000,0,0,0,175000,892000,-717000,-717000
11724,3035,智原,3328000,4459000,-1131000,0,0,0,276000,2000,274000,138829,424862,196033,228829,98000,188000,-90000,-718171
11725,033366,欣興國票0C購01,0,0,0,0,0,0,0,0,0,-720000,0,0,0,21000,741000,-720000,-720000
11726,2028,威致,271000,992000,-721000,0,0,0,0,0,0,0,32000,32000,0,0,0,0,-721000
11727,040079,華新國票12購01,0,100000,-100000,0,0,0,0,0,0,-623000,0,0,0,257000,880000,-623000,-723000
11728,07598P,電子類群益11售02,0,0,0,0,0,0,0,0,0,-724000,0,0,0,65000,789000,-724000,-724000
11729,038623,致伸元大11購01,0,40000,-40000,0,0,0,0,0,0,-684000,0,0,0,280000,964000,-684000,-724000
11730,07224P,儒鴻國票0B售01,0,0,0,0,0,0,0,0,0,-728000,0,0,0,20000,748000,-728000,-728000
11731,088917,精成科群益0A購01,0,0,0,0,0,0,0,0,0,-728000,0,0,0,60000,788000,-728000,-728000
11732,034798,華新凱基0B購03,0,0,0,0,0,0,0,0,0,-729000,0,0,0,99000,828000,-729000,-729000
11733,036457,A50正2元大0C購02,0,0,0,0,0,0,0,0,0,-732000,0,0,0,0,732000,-732000,-732000
11734,037597,聯電富邦0C購01,0,0,0,0,0,0,0,0,0,-739000,0,0,0,529000,1268000,-739000,-739000
11735,039656,矽格凱基11購01,0,0,0,0,0,0,0,0,0,-739000,0,0,0,284000,1023000,-739000,-739000
11736,032056,王品國票0B購01,0,0,0,0,0,0,0,0,0,-740000,0,0,0,0,740000,-740000,-740000
11737,087921,達方群益0A購01,0,0,0,0,0,0,0,0,0,-745000,0,0,0,0,745000,-745000,-745000
11738,033278,聯電統一15購02,0,0,0,0,0,0,0,0,0,-749000,0,0,0,688000,1437000,-749000,-749000
11739,033301,晶技中信0C購01,0,0,0,0,0,0,0,0,0,-750000,0,0,0,0,750000,-750000,-750000
11740,032935,矽創國票0B購01,0,0,0,0,0,0,0,0,0,-752000,0,0,0,1048000,1800000,-752000,-752000
11741,07421P,臺股指凱基13售02,0,0,0,0,0,0,0,0,0,-755000,0,0,0,0,755000,-755000,-755000
11742,036686,惠特國票11購01,0,0,0,0,0,0,0,0,0,-757000,0,0,0,74000,831000,-757000,-757000
11743,034200,牧德元大0B購01,0,0,0,0,0,0,0,0,0,-760000,0,0,0,470000,1230000,-760000,-760000
11744,039304,新唐元富11購01,0,0,0,0,0,0,0,0,0,-764000,0,0,0,68000,832000,-764000,-764000
11745,07203P,聯電凱基0C售06,0,0,0,0,0,0,0,0,0,-766000,0,0,0,100000,866000,-766000,-766000
11746,088781,致伸國票0A購01,0,0,0,0,0,0,0,0,0,-776000,0,0,0,57000,833000,-776000,-776000
11747,032845,光罩永豐0A購01,0,0,0,0,0,0,0,0,0,-777000,0,0,0,324000,1101000,-777000,-777000
11748,4306,炎洲,372000,1125000,-753000,0,0,0,0,0,0,-24000,7000,0,7000,0,31000,-31000,-777000
11749,088069,南亞統一0B購01,0,0,0,0,0,0,0,0,0,-778000,0,0,0,317000,1095000,-778000,-778000
11750,2377,微星,1361010,2225629,-864619,0,0,0,0,0,0,84711,180000,16289,163711,3000,82000,-79000,-779908
11751,035178,滬深2X元富15購01,0,0,0,0,0,0,0,0,0,-782000,0,0,0,44000,826000,-782000,-782000
11752,030011,聯發科元富11購06,0,0,0,0,0,0,0,0,0,-785000,0,0,0,11000,796000,-785000,-785000
11753,2201,裕隆,196000,937000,-741000,0,0,0,0,0,0,-52078,2000,2078,-78,0,52000,-52000,-793078
11754,030545,聯詠凱基12購01,0,0,0,0,0,0,0,0,0,-798000,0,0,0,647000,1445000,-798000,-798000
11755,07011P,臺股指凱基0B售08,0,0,0,0,0,0,0,0,0,-799000,0,0,0,33000,832000,-799000,-799000
11756,3704,合勤控,716000,1519000,-803000,0,0,0,0,0,0,-2091,1000,1091,-91,0,2000,-2000,-805091
11757,036034,全新統一12購01,0,0,0,0,0,0,0,0,0,-807000,0,0,0,299000,1106000,-807000,-807000
11758,035469,日月光國票0C購02,0,0,0,0,0,0,0,0,0,-814000,0,0,0,25000,839000,-814000,-814000
11759,037228,華新元大11購03,0,0,0,0,0,0,0,0,0,-820000,0,0,0,137000,957000,-820000,-820000
11760,084249,祥碩統一09購04,0,0,0,0,0,0,0,0,0,-826000,0,0,0,462000,1288000,-826000,-826000
11761,1304,台聚,1019000,1794000,-775000,0,0,0,0,0,0,-55900,0,0,0,77100,133000,-55900,-830900
11762,2388,威盛,894000,1649000,-755000,0,0,0,0,0,0,-77000,0,0,0,3000,80000,-77000,-832000
11763,033817,聯電統一15購04,0,0,0,0,0,0,0,0,0,-839000,0,0,0,1320000,2159000,-839000,-839000
11764,3016,嘉晶,1201000,1979000,-778000,0,0,0,0,0,0,-65000,3000,0,3000,37000,105000,-68000,-843000
11765,2489,瑞軒,686000,1544000,-858000,0,0,0,0,0,0,10868,0,0,0,99012,88144,10868,-847132
11766,031023,華邦電凱基0A購06,2000,0,2000,0,0,0,0,0,0,-852000,0,0,0,1203000,2055000,-852000,-850000
11767,039271,正文凱基11購01,0,0,0,0,0,0,0,0,0,-854000,0,0,0,0,854000,-854000,-854000
11768,2392,正崴,125000,984755,-859755,0,0,0,0,0,0,0,0,0,0,0,0,0,-859755
11769,031322,聯電元大0A購08,0,0,0,0,0,0,0,0,0,-861000,0,0,0,162000,1023000,-861000,-861000
11770,2851,中再保,125000,987000,-862000,0,0,0,0,0,0,810,3000,2190,810,0,0,0,-861190
11771,00651R,FH香港反1,0,0,0,0,0,0,0,0,0,-863800,0,0,0,533200,1397000,-863800,-863800
11772,087371,華夏元大0B購01,0,0,0,0,0,0,0,0,0,-866000,0,0,0,1000,867000,-866000,-866000
11773,034434,台玻凱基0B購02,0,0,0,0,0,0,0,0,0,-867000,0,0,0,525000,1392000,-867000,-867000
11774,4976,佳凌,479000,1306000,-827000,0,0,0,0,0,0,-40000,39000,79000,-40000,0,0,0,-867000
11775,030464,超豐中信0A購01,0,0,0,0,0,0,0,0,0,-868000,0,0,0,550000,1418000,-868000,-868000
11776,07336P,臺股指元大0C售39,0,0,0,0,0,0,0,0,0,-869000,0,0,0,4000,873000,-869000,-869000
11777,6176,瑞儀,725000,1158451,-433451,0,0,0,0,352000,-352000,-92846,2000,4846,-2846,18000,108000,-90000,-878297
11778,030040,光寶科元大0A購01,0,0,0,0,0,0,0,0,0,-881000,0,0,0,1093000,1974000,-881000,-881000
11779,082130,台積電統一0A購02,0,0,0,0,0,0,0,0,0,-883000,0,0,0,1000,884000,-883000,-883000
11780,033777,華新元大0B購04,0,0,0,0,0,0,0,0,0,-884000,0,0,0,953000,1837000,-884000,-884000
11781,1608,華榮,913000,1798000,-885000,0,0,0,0,0,0,0,0,0,0,0,0,0,-885000
11782,040355,華東群益12購01,0,0,0,0,0,0,0,0,0,-891000,0,0,0,37000,928000,-891000,-891000
11783,039670,天鈺元富14購01,0,0,0,0,0,0,0,0,0,-893000,0,0,0,241000,1134000,-893000,-893000
11784,034110,華邦電群益0B購07,0,0,0,0,0,0,0,0,0,-906000,0,0,0,83000,989000,-906000,-906000
11785,040221,台表科富邦11購01,0,0,0,0,0,0,0,0,0,-907000,0,0,0,448000,1355000,-907000,-907000
11786,089757,美利達統一0B購01,0,0,0,0,0,0,0,0,0,-907000,0,0,0,14000,921000,-907000,-907000
11787,038442,菱生元大11購01,0,0,0,0,0,0,0,0,0,-909000,0,0,0,10000,919000,-909000,-909000
11788,2812,台中銀,334000,1099682,-765682,0,0,0,0,0,0,-147000,0,147000,-147000,0,0,0,-912682
11789,081869,鴻海麥證0A購01,0,0,0,210000,1123000,-913000,0,0,0,-913000,0,0,0,210000,1123000,-913000,-913000
11790,2538,基泰,191000,1105000,-914000,0,0,0,0,0,0,-1,0,1,-1,0,0,0,-914001
11791,00634R,富邦上証反1,49000,142000,-93000,0,0,0,0,0,0,-829000,0,0,0,197000,1026000,-829000,-922000
11792,2612,中航,1214000,2037000,-823000,0,0,0,0,0,0,-100000,0,100000,-100000,0,0,0,-923000
11793,3596,智易,325000,1258000,-933000,0,0,0,0,1000,-1000,8000,0,0,0,9000,1000,8000,-926000
11794,00671R,富邦NASDAQ反1,5000,135000,-130000,0,0,0,0,0,0,-800000,0,0,0,1511000,2311000,-800000,-930000
11795,033582,大成鋼凱基0B購03,0,0,0,0,0,0,0,0,0,-930000,0,0,0,110000,1040000,-930000,-930000
11796,039070,聯電元大11購06,0,0,0,0,0,0,0,0,0,-936000,0,0,0,450000,1386000,-936000,-936000
11797,034578,上銀凱基0B購01,0,0,0,0,0,0,0,0,0,-940000,0,0,0,342000,1282000,-940000,-940000
11798,040264,天鈺元富11購01,0,0,0,0,0,0,0,0,0,-944000,0,0,0,12000,956000,-944000,-944000
11799,033345,欣興永豐0B購02,1000,0,1000,0,0,0,0,0,0,-951000,0,0,0,437000,1388000,-951000,-950000
11800,034662,愛普永豐0B購02,0,0,0,0,0,0,0,0,0,-951000,0,0,0,178000,1129000,-951000,-951000
11801,039820,矽創元大13購01,0,0,0,0,0,0,0,0,0,-951000,0,0,0,420000,1371000,-951000,-951000
11802,088856,矽統永豐09購01,0,0,0,0,0,0,0,0,0,-953000,0,0,0,174000,1127000,-953000,-953000
11803,037712,同欣電永豐0C購02,0,0,0,0,0,0,0,0,0,-962000,0,0,0,102000,1064000,-962000,-962000
11804,031227,臺股指凱基0B購06,0,0,0,0,0,0,0,0,0,-964000,0,0,0,28000,992000,-964000,-964000
11805,031559,台積電第一14購03,0,0,0,0,0,0,0,0,0,-964000,0,0,0,0,964000,-964000,-964000
11806,3530,晶相光,1075000,1769000,-694000,0,0,0,0,300000,-300000,28000,190000,178000,12000,26000,10000,16000,-966000
11807,00757,統一FANG+,100,124000,-123900,0,0,0,0,0,0,-848210,57000,0,57000,41000,946210,-905210,-972110
11808,2208,台船,505000,1443000,-938000,0,0,0,0,0,0,-37000,125000,71000,54000,0,91000,-91000,-975000
11809,030453,超豐富邦0C購01,0,0,0,0,0,0,0,0,0,-978000,0,0,0,173000,1151000,-978000,-978000
11810,031373,長榮航永豐0A購01,0,0,0,0,0,0,0,0,0,-979000,0,0,0,165000,1144000,-979000,-979000
11811,038978,光罩國票12購01,0,0,0,0,0,0,0,0,0,-979000,0,0,0,109000,1088000,-979000,-979000
11812,2455,全新,948000,2005000,-1057000,0,0,0,20000,4000,16000,56907,35056,40149,-5093,91000,29000,62000,-984093
11813,2312,金寶,755000,1779000,-1024000,0,0,0,0,0,0,37759,0,241,-241,57000,19000,38000,-986241
11814,032980,惠特元大0B購03,0,0,0,0,0,0,0,0,0,-990000,0,0,0,432000,1422000,-990000,-990000
11815,1795,美時,783000,1667000,-884000,0,0,0,14000,110000,-96000,-11000,10000,0,10000,4000,25000,-21000,-991000
11816,031368,聯電永豐11購01,0,0,0,0,0,0,0,0,0,-992000,0,0,0,2354000,3346000,-992000,-992000
11817,035938,台驊控凱基13購03,0,0,0,0,0,0,0,0,0,-995000,0,0,0,952000,1947000,-995000,-995000
11818,07585P,聯電國泰13售04,0,0,0,0,0,0,0,0,0,-998000,0,0,0,19000,1017000,-998000,-998000
11819,040140,亞光群益11購02,0,0,0,0,0,0,0,0,0,-998000,0,0,0,29000,1027000,-998000,-998000
11820,087688,技嘉元大09購01,0,0,0,0,0,0,0,0,0,-1000000,0,0,0,0,1000000,-1000000,-1000000
11821,040213,康普國票12購02,0,0,0,0,0,0,0,0,0,-1000000,0,0,0,0,1000000,-1000000,-1000000
11822,4904,遠傳,1155274,1225412,-70138,0,0,0,1000,8334,-7334,-923949,2000,925949,-923949,0,0,0,-1001421
11823,086648,臺股指凱基0A購07,0,0,0,0,0,0,0,0,0,-1002000,0,0,0,0,1002000,-1002000,-1002000
11824,2323,中環,146000,1149000,-1003000,0,0,0,0,0,0,-6346,0,346,-346,2000,8000,-6000,-1009346
11825,033112,友達富邦13購01,0,0,0,0,0,0,0,0,0,-1010000,0,0,0,0,1010000,-1010000,-1010000
11826,2481,強茂,1409000,2354420,-945420,0,0,0,200000,1000,199000,-263634,233000,407000,-174000,16000,105634,-89634,-1010054
11827,084901,鴻海元富0B購03,0,0,0,0,0,0,0,0,0,-1018000,0,0,0,0,1018000,-1018000,-1018000
11828,081935,廣宇國票08購01,0,0,0,0,0,0,0,0,0,-1020000,0,0,0,40000,1060000,-1020000,-1020000
11829,1905,華紙,1251000,2090000,-839000,0,0,0,0,1000,-1000,-181000,189000,189000,0,7000,188000,-181000,-1021000
11830,2332,友訊,97000,1010000,-913000,0,0,0,0,0,0,-108953,5000,4953,47,14000,123000,-109000,-1021953
11831,036984,欣興凱基0C購05,0,0,0,0,0,0,0,0,0,-1027000,0,0,0,2128000,3155000,-1027000,-1027000
11832,040243,明基材群益11購01,0,0,0,0,0,0,0,0,0,-1032000,0,0,0,304000,1336000,-1032000,-1032000
11833,032508,長榮永豐0A購11,1000,0,1000,0,0,0,0,0,0,-1035000,0,0,0,0,1035000,-1035000,-1034000
11834,089945,南電永豐0A購01,0,0,0,0,0,0,0,0,0,-1040000,0,0,0,925000,1965000,-1040000,-1040000
11835,037841,同欣電國票12購01,0,0,0,0,0,0,0,0,0,-1042000,0,0,0,128000,1170000,-1042000,-1042000
11836,2033,佳大,621000,1668000,-1047000,0,0,0,3000,0,3000,0,177000,177000,0,0,0,0,-1044000
11837,1517,利奇,4292000,5336245,-1044245,0,0,0,0,0,0,0,0,0,0,0,0,0,-1044245
11838,036721,欣興第一16購01,0,0,0,0,0,0,0,0,0,-1048000,0,0,0,74000,1122000,-1048000,-1048000
11839,039113,界霖國票12購01,0,0,0,0,0,0,0,0,0,-1048000,0,0,0,565000,1613000,-1048000,-1048000
11840,037199,上証2X凱基12購03,0,0,0,0,0,0,0,0,0,-1050000,0,0,0,0,1050000,-1050000,-1050000
11841,3044,健鼎,2862000,3674946,-812946,0,0,0,1000,152000,-151000,-88131,6000,1131,4869,1000,94000,-93000,-1052077
11842,00752,中信中國50,188000,1280000,-1092000,0,0,0,0,0,0,34544,0,0,0,605247,570703,34544,-1057456
11843,039109,智原國票12購01,0,0,0,0,0,0,0,0,0,-1060000,0,0,0,440000,1500000,-1060000,-1060000
11844,2030,彰源,4703000,5789000,-1086000,0,0,0,8000,0,8000,12092,886577,872485,14092,0,2000,-2000,-1065908
11845,038079,同欣電元富13購01,0,0,0,0,0,0,0,0,0,-1072000,0,0,0,2000,1074000,-1072000,-1072000
11846,037064,愛普國票0C購04,0,0,0,0,0,0,0,0,0,-1074000,0,0,0,57000,1131000,-1074000,-1074000
11847,089646,訊芯凱基0B購01,0,0,0,0,0,0,0,0,0,-1075000,0,0,0,10000,1085000,-1075000,-1075000
11848,4739,康普,513020,1626000,-1112980,0,0,0,49000,0,49000,-14000,43000,72000,-29000,28000,13000,15000,-1077980
11849,06689P,聯電凱基0A售06,0,0,0,0,0,0,0,0,0,-1085000,0,0,0,350000,1435000,-1085000,-1085000
11850,088969,華邦電富邦0A購01,0,0,0,0,0,0,0,0,0,-1086000,0,0,0,331000,1417000,-1086000,-1086000
11851,035646,祥碩群益0B購04,0,0,0,0,0,0,0,0,0,-1093000,0,0,0,20000,1113000,-1093000,-1093000
11852,2034,允強,4173100,4885000,-711900,0,0,0,2000,0,2000,-385168,270023,338191,-68168,666000,983000,-317000,-1095068
11853,2457,飛宏,630000,1736000,-1106000,0,0,0,0,0,0,9253,121000,120747,253,9000,0,9000,-1096747
11854,037057,超豐國票0C購01,0,0,0,0,0,0,0,0,0,-1097000,0,0,0,168000,1265000,-1097000,-1097000
11855,06521P,聯電國泰0B售02,6000,0,6000,0,0,0,0,0,0,-1111000,0,0,0,804000,1915000,-1111000,-1105000
11856,039557,天鈺元大11購01,0,0,0,0,0,0,0,0,0,-1108000,0,0,0,169000,1277000,-1108000,-1108000
11857,035072,華邦電群益0B購10,0,0,0,0,0,0,0,0,0,-1111000,0,0,0,118000,1229000,-1111000,-1111000
11858,035943,晶相光凱基13購01,0,0,0,0,0,0,0,0,0,-1113000,0,0,0,329000,1442000,-1113000,-1113000
11859,039753,華邦電群益11購02,0,0,0,0,0,0,0,0,0,-1114000,0,0,0,117000,1231000,-1114000,-1114000
11860,030861,矽統永豐0A購01,0,0,0,0,0,0,0,0,0,-1122000,0,0,0,401000,1523000,-1122000,-1122000
11861,05927P,臺股指麥證09售01,0,0,0,0,1125000,-1125000,0,0,0,-1125000,0,0,0,0,1125000,-1125000,-1125000
11862,085656,技嘉統一0A購01,0,0,0,0,0,0,0,0,0,-1127000,0,0,0,21000,1148000,-1127000,-1127000
11863,3588,通嘉,513038,1634000,-1120962,0,0,0,0,0,0,-11000,1000,12000,-11000,0,0,0,-1131962
11864,031420,聯電凱基14購01,0,0,0,0,0,0,0,0,0,-1134000,0,0,0,2575000,3709000,-1134000,-1134000
11865,039210,滬深2X元富11購02,0,0,0,0,0,0,0,0,0,-1143000,0,0,0,303000,1446000,-1143000,-1143000
11866,3591,艾笛森,443000,1588000,-1145000,0,0,0,0,0,0,-347,33,380,-347,0,0,0,-1145347
11867,5607,遠雄港,227000,1375000,-1148000,0,0,0,0,0,0,0,0,0,0,0,0,0,-1148000
11868,4952,凌通,985000,2197000,-1212000,0,0,0,0,0,0,53000,53000,0,53000,0,0,0,-1159000
11869,4906,正文,316000,1442000,-1126000,0,0,0,0,0,0,-34131,0,0,0,49000,83131,-34131,-1160131
11870,2515,中工,185000,1351000,-1166000,0,0,0,0,0,0,-10348,0,348,-348,0,10000,-10000,-1176348
11871,087380,聯電元大11購01,0,0,0,0,0,0,0,0,0,-1180000,0,0,0,599000,1779000,-1180000,-1180000
11872,2476,鉅祥,838000,2081000,-1243000,0,0,0,0,0,0,58000,30000,0,30000,29000,1000,28000,-1185000
11873,034072,A50正2元大0B購01,0,0,0,0,0,0,0,0,0,-1186000,0,0,0,0,1186000,-1186000,-1186000
11874,00878,國泰永續高股息,390000,359000,31000,0,0,0,0,0,0,-1218137,0,0,0,785000,2003137,-1218137,-1187137
11875,03747C,聯電富邦13牛01,0,0,0,0,0,0,0,0,0,-1205000,0,0,0,434000,1639000,-1205000,-1205000
11876,032093,華新永豐0A購02,0,0,0,0,0,0,0,0,0,-1206000,0,0,0,106000,1312000,-1206000,-1206000
11877,06728P,台灣50元富09售05,0,0,0,0,0,0,0,0,0,-1209000,0,0,0,165000,1374000,-1209000,-1209000
11878,083687,日月光統一0A購01,0,0,0,0,0,0,0,0,0,-1212000,0,0,0,698000,1910000,-1212000,-1212000
11879,037746,華晶科富邦0C購01,0,0,0,0,0,0,0,0,0,-1212000,0,0,0,118000,1330000,-1212000,-1212000
11880,033331,中石化永豐0B購01,0,0,0,0,0,0,0,0,0,-1213000,0,0,0,0,1213000,-1213000,-1213000
11881,040721,同欣電元大12購02,0,0,0,0,0,0,0,0,0,-1215000,0,0,0,0,1215000,-1215000,-1215000
11882,040645,聯電凱基12購03,0,0,0,0,0,0,0,0,0,-1228000,0,0,0,7000,1235000,-1228000,-1228000
11883,2613,中櫃,371000,1600000,-1229000,0,0,0,0,0,0,-315,0,0,0,41001,41316,-315,-1229315
11884,035643,滬深2X中信12購01,0,0,0,0,0,0,0,0,0,-1230000,0,0,0,200000,1430000,-1230000,-1230000
11885,039016,致伸永豐11購01,0,0,0,0,0,0,0,0,0,-1237000,0,0,0,205000,1442000,-1237000,-1237000
11886,034449,聯詠國泰11購02,0,0,0,0,0,0,0,0,0,-1239000,0,0,0,822000,2061000,-1239000,-1239000
11887,039273,新唐凱基11購03,1000,0,1000,0,0,0,0,0,0,-1253000,0,0,0,2648000,3901000,-1253000,-1252000
11888,00636,國泰中國A50,159000,361000,-202000,0,0,0,0,0,0,-1061234,0,0,0,1079100,2140334,-1061234,-1263234
11889,032938,矽統富邦0C購01,0,0,0,0,0,0,0,0,0,-1293000,0,0,0,247000,1540000,-1293000,-1293000
11890,031309,美利達富邦0B購01,0,0,0,0,0,0,0,0,0,-1302000,0,0,0,0,1302000,-1302000,-1302000
11891,8261,富鼎,2691145,4006000,-1314855,0,0,0,0,0,0,0,0,0,0,0,0,0,-1314855
11892,030058,瀚宇博元大0B購01,0,0,0,0,0,0,0,0,0,-1326000,0,0,0,0,1326000,-1326000,-1326000
11893,030715,惠特群益0B購02,0,0,0,0,0,0,0,0,0,-1327000,0,0,0,425000,1752000,-1327000,-1327000
11894,031522,宏全元大0B購01,0,0,0,0,0,0,0,0,0,-1342000,0,0,0,395000,1737000,-1342000,-1342000
11895,039495,欣興台新11購01,0,0,0,0,0,0,0,0,0,-1342000,0,0,0,112000,1454000,-1342000,-1342000
11896,8046,南電,1602428,2994932,-1392504,0,0,0,21000,0,21000,-10758,337327,329085,8242,64000,83000,-19000,-1382262
11897,1447,力鵬,253000,1611000,-1358000,0,0,0,0,0,0,-32000,0,0,0,0,32000,-32000,-1390000
11898,00669R,國泰美國道瓊反1,25000,83000,-58000,0,0,0,0,0,0,-1338000,0,0,0,253000,1591000,-1338000,-1396000
11899,039455,新唐凱基12購02,0,0,0,0,0,0,0,0,0,-1399000,0,0,0,2237000,3636000,-1399000,-1399000
11900,039290,愛普永豐11購01,0,0,0,0,0,0,0,0,0,-1410000,0,0,0,691000,2101000,-1410000,-1410000
11901,038042,聯電群益13購03,0,0,0,0,0,0,0,0,0,-1468000,0,0,0,5000,1473000,-1468000,-1468000
11902,06416P,臺股指元大0B售08,0,0,0,0,0,0,0,0,0,-1469000,0,0,0,608000,2077000,-1469000,-1469000
11903,040504,欣興永豐12購01,0,0,0,0,0,0,0,0,0,-1475000,0,0,0,6000,1481000,-1475000,-1475000
11904,1308,亞聚,467000,1646000,-1179000,0,0,0,0,0,0,-298133,3559,171492,-167933,25000,155200,-130200,-1477133
11905,031080,惠特元大0A購03,0,0,0,0,0,0,0,0,0,-1483000,0,0,0,553000,2036000,-1483000,-1483000
11906,07010P,臺股指凱基0B售07,0,0,0,0,0,0,0,0,0,-1485000,0,0,0,8000,1493000,-1485000,-1485000
11907,039757,聯詠群益12購02,0,0,0,0,0,0,0,0,0,-1495000,0,0,0,112000,1607000,-1495000,-1495000
11908,086375,精英國票0A購01,0,0,0,0,0,0,0,0,0,-1497000,0,0,0,0,1497000,-1497000,-1497000
11909,2886,兆豐金,12664394,14074106,-1409712,0,0,0,181000,3449,177551,-292169,2000,2169,-169,0,292000,-292000,-1524330
11910,036530,欣興兆豐11購01,0,0,0,0,0,0,0,0,0,-1548000,0,0,0,209000,1757000,-1548000,-1548000
11911,035292,聯詠國票0B購05,0,0,0,0,0,0,0,0,0,-1553000,0,0,0,813000,2366000,-1553000,-1553000
11912,1909,榮成,1351000,2496000,-1145000,0,0,0,0,0,0,-412224,40000,103118,-63118,152000,501106,-349106,-1557224
11913,087908,聯電群益0A購05,0,0,0,0,0,0,0,0,0,-1578000,0,0,0,117000,1695000,-1578000,-1578000
11914,2504,國產,107000,1670006,-1563006,0,0,0,0,0,0,-16375,3000,3375,-375,0,16000,-16000,-1579381
11915,038045,華邦電群益12購01,0,0,0,0,0,0,0,0,0,-1599000,0,0,0,33000,1632000,-1599000,-1599000
11916,2010,春源,2035000,3588000,-1553000,0,0,0,0,2000,-2000,-52465,5049,5514,-465,198000,250000,-52000,-1607465
11917,2038,海光,839000,2458000,-1619000,0,0,0,0,0,0,4000,65000,65000,0,4000,0,4000,-1615000
11918,2017,官田鋼,630166,2245700,-1615534,0,0,0,0,1000,-1000,222,48067,47845,222,0,0,0,-1616312
11919,1440,南紡,602000,2238000,-1636000,0,0,0,0,0,0,15578,214000,0,214000,11000,209422,-198422,-1620422
11920,2357,華碩,1730051,3300741,-1570690,0,0,0,1000,51328,-50328,-9492,43000,30891,12109,30000,51601,-21601,-1630510
11921,036794,日月光統一11購01,0,0,0,0,0,0,0,0,0,-1651000,0,0,0,54000,1705000,-1651000,-1651000
11922,078736,華邦電元富0C購01,0,0,0,0,0,0,0,0,0,-1672000,0,0,0,414000,2086000,-1672000,-1672000
11923,030423,聯詠元大12購01,0,0,0,0,0,0,0,0,0,-1687000,0,0,0,333000,2020000,-1687000,-1687000
11924,082231,台郡麥證09購01,0,0,0,161000,1873000,-1712000,0,0,0,-1712000,0,0,0,161000,1873000,-1712000,-1712000
11925,2354,鴻準,812941,2507730,-1694789,0,0,0,0,0,0,-22295,2000,2295,-295,0,22000,-22000,-1717084
11926,2330,台積電,19990089,21478327,-1488238,0,0,0,11000,154277,-143277,-86433,108000,90168,17832,24100,128365,-104265,-1717948
11927,2883,開發金,12140488,15192161,-3051673,0,0,0,2441000,19984,2421016,-1088000,0,250000,-250000,103000,941000,-838000,-1718657
11928,040431,天鈺凱基12購01,0,0,0,0,0,0,0,0,0,-1736000,0,0,0,38000,1774000,-1736000,-1736000
11929,5608,四維航,5592260,7327000,-1734740,0,0,0,0,0,0,-2000,20000,22000,-2000,0,0,0,-1736740
11930,2371,大同,9395000,11158000,-1763000,0,0,0,0,0,0,-117,0,117,-117,0,0,0,-1763117
11931,034079,上銀元大12購01,0,0,0,0,0,0,0,0,0,-1772000,0,0,0,116000,1888000,-1772000,-1772000
11932,00664R,國泰臺灣加權反1,0,0,0,0,0,0,0,0,0,-1778000,0,0,0,2577000,4355000,-1778000,-1778000
11933,032772,東鋼元大0B購03,0,0,0,0,0,0,0,0,0,-1780000,0,0,0,0,1780000,-1780000,-1780000
11934,3042,晶技,1241000,1946584,-705584,0,0,0,0,1137000,-1137000,-9074,51000,61443,-10443,59000,57631,1369,-1851658
11935,033110,聯電富邦13購02,0,0,0,0,0,0,0,0,0,-1863000,0,0,0,2258000,4121000,-1863000,-1863000
11936,2105,正新,1000919,2824720,-1823801,0,0,0,0,0,0,-41274,10000,4274,5726,1000,48000,-47000,-1865075
11937,089518,總太元大09購01,0,0,0,0,0,0,0,0,0,-1925000,0,0,0,131000,2056000,-1925000,-1925000
11938,2412,中華電,1246405,3205115,-1958710,0,0,0,1000,5991,-4991,20000,60000,40000,20000,0,0,0,-1943701
11939,2454,聯發科,2650270,3940964,-1290694,0,0,0,0,480626,-480626,-178955,33000,99749,-66749,36130,148336,-112206,-1950275
11940,040337,明基材國票13購01,0,0,0,0,0,0,0,0,0,-2005000,0,0,0,41000,2046000,-2005000,-2005000
11941,030422,聯詠元大11購02,0,0,0,0,0,0,0,0,0,-2010000,0,0,0,50000,2060000,-2010000,-2010000
11942,2049,上銀,1549503,2926977,-1377474,0,0,0,1000,652226,-651226,3143,43000,42980,20,11000,7877,3123,-2025557
11943,037225,上証2X元大0C購08,0,0,0,0,0,0,0,0,0,-2033000,0,0,0,0,2033000,-2033000,-2033000
11944,2313,華通,2148000,3505720,-1357720,0,0,0,0,280000,-280000,-400061,256000,511272,-255272,10000,154789,-144789,-2037781
11945,036371,宏達電國票11購01,0,0,0,0,0,0,0,0,0,-2042000,0,0,0,91000,2133000,-2042000,-2042000
11946,030588,T50反1元大11購03,0,0,0,0,0,0,0,0,0,-2044000,0,0,0,65000,2109000,-2044000,-2044000
11947,086357,日月光元大09購02,0,0,0,0,0,0,0,0,0,-2073000,0,0,0,0,2073000,-2073000,-2073000
11948,030033,滬深2X元大0B購02,0,0,0,0,0,0,0,0,0,-2099000,0,0,0,692000,2791000,-2099000,-2099000
11949,038328,允強凱基15購01,0,0,0,0,0,0,0,0,0,-2159000,0,0,0,568000,2727000,-2159000,-2159000
11950,00655L,國泰中國A50正2,240000,694000,-454000,0,0,0,0,0,0,-1718434,0,0,0,2350150,4068584,-1718434,-2172434
11951,2834,臺企銀,3306134,5680480,-2374346,0,0,0,1000,0,1000,86000,66000,0,66000,20000,0,20000,-2287346
11952,2393,億光,1490000,3860000,-2370000,0,0,0,1399000,918000,481000,-404858,195160,248735,-53575,127000,478283,-351283,-2293858
11953,2892,第一金,11016831,13380188,-2363357,0,0,0,2000,6808,-4808,5000,0,0,0,5000,0,5000,-2363165
11954,040475,明基材國泰13購01,0,0,0,0,0,0,0,0,0,-2440000,0,0,0,27000,2467000,-2440000,-2440000
11955,2881,富邦金,16130960,18361298,-2230338,0,0,0,1000,79167,-78167,-159908,87000,80730,6270,31000,197178,-166178,-2468413
11956,1301,台塑,6304073,8737592,-2433519,0,0,0,0,13847,-13847,-49820,16000,3820,12180,0,62000,-62000,-2497186
11957,2605,新興,4669000,7131000,-2462000,0,0,0,50000,0,50000,-141344,0,93000,-93000,72000,120344,-48344,-2553344
11958,2022,聚亨,1574000,4256000,-2682000,0,0,0,1000,0,1000,0,162000,162000,0,0,0,0,-2681000
11959,2617,台航,3225000,5906000,-2681000,0,0,0,0,0,0,-92000,21000,44000,-23000,1000,70000,-69000,-2773000
11960,2317,鴻海,16772837,19277720,-2504883,0,0,0,5000,27617,-22617,-292861,44000,81861,-37861,149000,404000,-255000,-2820361
11961,2867,三商壽,1769050,4559755,-2790705,0,0,0,0,0,0,-70000,0,70000,-70000,0,0,0,-2860705
11962,2601,益航,9267000,12099000,-2832000,0,0,0,0,0,0,-40000,33000,33000,0,1000,41000,-40000,-2872000
11963,1455,集盛,650000,3536000,-2886000,0,0,0,0,0,0,0,0,0,0,15000,15000,0,-2886000
11964,3006,晶豪科,3299543,6095650,-2796107,0,0,0,32000,0,32000,-122508,384996,510504,-125508,22000,19000,3000,-2886615
11965,1102,亞泥,4279537,8246902,-3967365,0,0,0,434000,16000,418000,648846,1110000,250954,859046,35000,245200,-210200,-2900519
11966,2637,慧洋-KY,4818000,7595000,-2777000,0,0,0,0,0,0,-124431,199000,294000,-95000,29100,58531,-29431,-2901431
11967,6168,宏齊,1856000,4798000,-2942000,0,0,0,0,0,0,0,0,0,0,0,0,0,-2942000
11968,030993,明基材元大0A購01,1000,0,1000,0,0,0,0,0,0,-2964000,0,0,0,498000,3462000,-2964000,-2963000
11969,083966,欣興凱基0C購01,0,0,0,0,0,0,0,0,0,-2975000,0,0,0,1000,2976000,-2975000,-2975000
11970,3714,富采,3104000,6806000,-3702000,0,0,0,600000,0,600000,59999,100999,41000,59999,0,0,0,-3042001
11971,3189,景碩,2609046,5031979,-2422933,0,0,0,0,259000,-259000,-389531,229000,614431,-385431,39000,43100,-4100,-3071464
11972,033371,滬深2X元大13購01,0,0,0,0,0,0,0,0,0,-3110000,0,0,0,200000,3310000,-3110000,-3110000
11973,2382,廣達,4912480,6814325,-1901845,0,0,0,1000,1100000,-1099000,-144697,20000,20697,-697,1000,145000,-144000,-3145542
11974,033094,京元電元富0A購02,0,0,0,0,0,0,0,0,0,-3170000,0,0,0,0,3170000,-3170000,-3170000
11975,2029,盛餘,786000,3896000,-3110000,0,0,0,0,1000,-1000,-66024,214000,214024,-24,4000,70000,-66000,-3177024
11976,2338,光罩,1562000,4929000,-3367000,0,0,0,0,0,0,178915,194000,100000,94000,424084,339169,84915,-3188085
11977,036570,長華元大0C購01,0,0,0,0,0,0,0,0,0,-3284000,0,0,0,194000,3478000,-3284000,-3284000
11978,033300,欣興中信0B購01,0,0,0,0,0,0,0,0,0,-3311000,0,0,0,1296000,4607000,-3311000,-3311000
11979,00676R,富邦臺灣加權反1,0,38000,-38000,0,0,0,0,0,0,-3394000,0,0,0,1062000,4456000,-3394000,-3432000
11980,6505,台塑化,2212590,3350212,-1137622,0,0,0,1000,2378489,-2377489,-51984,13000,64984,-51984,0,0,0,-3567095
11981,2308,台達電,2348331,5912173,-3563842,0,0,0,1000,82227,-81227,-7999,93000,163999,-70999,95000,32000,63000,-3653068
11982,089644,立積凱基12購01,0,0,0,0,0,0,0,0,0,-3770000,0,0,0,0,3770000,-3770000,-3770000
11983,8110,華東,3320170,7314000,-3993830,0,0,0,0,1000,-1000,177000,29000,29000,0,201000,24000,177000,-3817830
11984,00633L,富邦上証正2,594000,2996000,-2402000,0,0,0,0,0,0,-1468075,0,0,0,3454530,4922605,-1468075,-3870075
11985,2607,榮運,3321000,7288000,-3967000,0,0,0,0,0,0,-118000,1000,1000,0,261000,379000,-118000,-4085000
11986,2356,英業達,2824920,6594434,-3769514,0,0,0,1000,0,1000,-477839,21000,32839,-11839,1000,467000,-466000,-4246353
11987,4919,新唐,5030000,9425000,-4395000,0,0,0,52000,7000,45000,68163,860642,905347,-44705,220402,107534,112868,-4281837
11988,2006,東和鋼鐵,1804100,5454731,-3650631,0,0,0,0,761000,-761000,4813,33875,25118,8757,283100,287044,-3944,-4406818
11989,2324,仁寶,10556352,14503162,-3946810,0,0,0,2000,0,2000,-612131,0,131,-131,2000,614000,-612000,-4556941
11990,2636,台驊投控,3388010,8326000,-4937990,0,0,0,7000,1000,6000,-40809,88000,89971,-1971,11000,49838,-38838,-4972799
11991,2609,陽明,2616400,8832005,-6215605,0,0,0,40000,0,40000,1085000,351000,0,351000,2210000,1476000,734000,-5090605
11992,2606,裕民,5872381,10560000,-4687619,0,0,0,0,0,0,-441310,218360,479924,-261564,46000,225746,-179746,-5128929
11993,2887,台新金,6117334,11503134,-5385800,0,0,0,2000,13505,-11505,59000,24000,0,24000,35000,0,35000,-5338305
11994,3231,緯創,8738604,13548217,-4809613,0,0,0,2000,14000,-12000,-562354,62000,62354,-354,5000,567000,-562000,-5383967
11995,2027,大成鋼,6453160,11296032,-4842872,0,0,0,5000,65000,-60000,-621457,628000,902457,-274457,281000,628000,-347000,-5524329
11996,00893,國泰智能電動車,635000,173000,462000,0,0,0,0,0,0,-6261928,0,0,0,929000,7190928,-6261928,-5799928
11997,2023,燁輝,8940000,15029000,-6089000,0,0,0,5000,0,5000,-72150,258998,255998,3000,1199000,1274150,-75150,-6156150
11998,2610,華航,4112150,10672000,-6559850,0,0,0,222000,0,222000,-36000,306000,342000,-36000,0,0,0,-6373850
11999,2014,中鴻,5367220,12234000,-6866780,0,0,0,340000,0,340000,82221,469228,374767,94461,6300,18540,-12240,-6444559
12000,088999,台達電元大0C購01,0,0,0,0,0,0,0,0,0,-6525000,0,0,0,30000,6555000,-6525000,-6525000
12001,00882,中信中國高股息,1642200,3993000,-2350800,0,0,0,0,0,0,-5773509,0,0,0,335000,6108509,-5773509,-8124309
12002,1802,台玻,4607050,13405000,-8797950,0,0,0,0,0,0,-17869,658000,299510,358490,55000,431359,-376359,-8815819
12003,00632R,元大台灣50反1,4950000,1299000,3651000,0,0,0,0,0,0,-13714374,0,402000,-402000,20856626,34169000,-13312374,-10063374
12004,2618,長榮航,4123000,13921534,-9798534,0,0,0,0,0,0,-1263445,417000,571000,-154000,54000,1163445,-1109445,-11061979
12005,2615,萬海,13556463,31042324,-17485861,0,0,0,0,0,0,-413272,1528043,1776736,-248693,84000,248579,-164579,-17899133
12006,3037,欣興,5995849,28149791,-22153942,0,0,0,164000,1000,163000,634321,1514000,947096,566904,279100,211683,67417,-21356621
12007,00637L,元大滬深300正2,1873000,4817000,-2944000,0,0,0,0,0,0,-19917302,0,0,0,14104389,34021691,-19917302,-22861302
12008,3481,群創,33834162,52234854,-18400692,0,0,0,4000,3760000,-3756000,-3302022,1609000,2081722,-472722,723000,3552300,-2829300,-25458714
12009,2603,長榮,42309714,70031856,-27722142,0,0,0,34000,0,34000,-3444413,4701000,5102000,-401000,467000,3510413,-3043413,-31132555
12010,2888,新光金,6237091,44115875,-37878784,0,0,0,284000,0,284000,1834799,16000,16201,-201,1899000,64000,1835000,-35759985
12011,2409,友達,32188900,75650935,-43462035,0,0,0,4000,3712671,-3708671,-2856644,2675000,2478207,196793,744000,3797437,-3053437,-50027350
